sonar 61 103
0.510324 0.534076 0.470434 0.37708 0.412376 0.199409 0.184524 0.196692 0.223308 0.162162 0.290798 0.223916 0.302289 0.29308 0.47086 0.547629 0.521915 0.350234 0.430149 0.567744 0.732715 0.759125 0.545512 0.616535 0.661373 0.683996 0.744406 0.802079 0.845475 0.924257 0.984305 0.85273 0.40796 0.406571 0.483686 0.164516 0.360923 0.351461 0.260384 0.0337691 0.57568 0.842002 0.554507 0.394615 0.829542 0.780581 0.476277 0.358191 0.496214 0.453333 0.289841 0.211127 0.498701 0.365497 0.274376 0.34359 0.369318 0.292906 0.421488 0.489607 1 
0.165192 0.0784398 0.14816 0.0908226 0.149632 0.171997 0.364448 0.230209 0.19384 0.180609 0.0920176 0.00337046 0.18929 0.265855 0.572976 0.825972 0.862087 0.805818 0.899537 0.897902 1 0.997546 0.986436 0.975515 0.898463 0.9696 0.965858 0.756381 0.435268 0.341856 0.46267 0.404741 0.304946 0.313725 0.204459 0.0658266 0.255959 0.156494 0.0359477 0.102941 0.0386798 0.0297924 0.115479 0.187967 0.191641 0.0536204 0.0988772 0.140461 0.101464 0.115152 0.154382 0.118402 0.379221 0.204678 0.0272109 0.189744 0.119318 0.0526316 0.0964187 0.0415704 0 
0.151917 0.0252893 0.0489488 0.101997 0.114634 0.200752 0.210768 0.392062 0.318821 0.242671 0.320431 0.402696 0.351231 0.167062 0.0638981 0.254834 0.406694 0.614649 0.766674 0.752354 0.799642 0.845926 0.940659 0.943653 0.964652 0.784668 0.471478 0.378345 0.376623 0.528497 0.744087 0.914963 0.93962 0.902385 0.659712 0.465121 0.130658 0.141936 0.341134 0.554575 0.557846 0.445177 0.289668 0.105128 0.0561558 0.107652 0.190511 0.309674 0.385664 0.261818 0.166335 0.115549 0.119481 0.0146199 0.156463 0.138462 0.0369318 0.153318 0.201102 0.073903 1 
0.079646 0.00685812 0.0594612 0.0351878 0.0286584 0.104811 0 0.075634 0.106027 0.0517661 0.122359 0.0416178 0.145099 0.172218 0.181463 0.194891 0.166511 0.13039 0.0761624 0.0386344 0.0887437 0.300378 0.432553 0.580576 0.669672 0.792819 0.852295 0.920543 0.836343 0.705763 0.633243 0.536621 0.435997 0.534499 0.503631 0.388004 0.101465 0.00291151 0.0514442 0.110458 0.109554 0.207692 0.342429 0.251868 0.0932613 0.0795392 0.0577689 0.0901468 0.137304 0.089697 0.148406 0.166904 0.335065 0.0467836 0.0725624 0.0358974 0.3125 0.125858 0.126722 0.150115 0 
0.323746 0.199743 0.224047 0.228959 0.337307 0.373824 0.393398 0.157883 0.162298 0.223366 0.355877 0.452374 0.551029 0.414871 0.533554 0.534195 0.675681 0.796883 0.915211 0.911066 1 0.997137 0.903889 0.786702 0.662398 0.484965 0.324719 0.226431 0.306108 0.336849 0.289482 0.147046 0.258322 0.532273 0.583308 0.54002 0.45539 0.311532 0.29981 0.22451 0.152171 0.314774 0.385361 0.262432 0.164202 0.126029 0.159725 0.0682839 0.191822 0.172121 0.136454 0.159772 0.0961039 0.666667 0.278912 0.205128 0.610795 0.727689 0.421488 0.108545 1 
0.101032 0.0411487 0.0321945 0.0487399 0.00760842 0.0776673 0.222944 0.189636 0.129424 0.198913 0.229973 0.275352 0.297251 0.237187 0.167519 0.189395 0.226816 0.316052 0.371555 0.417059 0.528352 0.590124 0.560665 0.704334 0.94877 0.98436 1 0.956566 0.862216 0.694045 0.589755 0.440238 0.254122 0.162374 0.0559476 0.223488 0.230483 0.282625 0.310036 0.229085 0.0591778 0.245177 0.233803 0.209224 0.159227 0.111766 0.202282 0.284516 0.207976 0.145455 0.0478088 0.0584879 0.0935065 0.0760234 0.015873 0.107692 0.0965909 0.0183066 0.0909091 0.0623557 0 
0.520649 0.672096 0.360381 0.244175 0.151915 0.456329 0.290855 0.603969 0.197394 0.0975261 0.318304 0.539859 0.459335 0.137878 0.186378 0.320171 0.20029 0.187221 0.142962 0.48277 0.509064 0.621511 0.834375 0.667657 0.572234 0.574953 0.874882 0.83275 0.377942 0.472782 0.542016 0.431027 0.110994 0.502173 0.691419 0.708569 0.579051 0.46657 0.542273 0.470153 0.5663 0.734921 0.679038 0.175084 0.606767 0.609161 0.397139 0.269542 0.605755 0.761212 0.233068 0.429387 0.316883 0.210526 0.623583 0.289744 0.252841 0.329519 0.429752 0.284065 1 
0.217552 0.092156 0.137319 0.0316215 0.227492 0.463585 0.290314 0.363175 0.404117 0.617618 0.699419 0.787661 0.747805 0.389296 0.222088 0.165072 0.201844 0.243636 0.496003 0.668022 0.810497 0.875268 0.745682 0.755763 0.708197 0.701289 0.86196 0.949465 0.832386 0.545116 0.422997 0.436419 0.395149 0.31203 0.108827 0.140827 0.187076 0.209733 0.50622 0.550218 0.130979 0.287057 0.441614 0.578974 0.657378 0.27441 0.140348 0.368973 0.395255 0.107879 0.248008 0.279601 0.14026 0.125731 0.165533 0.0846154 0.0340909 0.121281 0.181818 0.110855 1 
0.14233 0.0771539 0.0381078 0.0363766 0.137712 0.137329 0.156656 0.0994487 0.135347 0.14014 0.109741 0.138189 0.159349 0.135918 0.165413 0.17871 0.131178 0.132156 0.0949926 0.0824058 0.202045 0.265515 0.394935 0.635591 0.903791 1 0.799034 0.600556 0.519075 0.326409 0.246757 0.0691979 0.0905177 0.145204 0.176844 0.172077 0.00852832 0.0741395 0.146637 0.257516 0.323104 0.349695 0.245959 0.0896676 0.107762 0.124794 0.0798624 0.0730758 0.133771 0.115152 0.139442 0.0941512 0.150649 0.207602 0.183673 0.102564 0.0710227 0.0366133 0.132231 0.039261 0 
0.0390855 0.096871 0.163601 0.0917737 0.0461577 0.143779 0.105249 0.237045 0.271879 0.337766 0.186729 0.100528 0.318699 0.303908 0.427726 0.253409 0.0328463 0.110857 0.197665 0.207513 0.20879 0.376649 0.616827 0.798894 0.695287 0.655689 0.684526 0.851585 1 0.959625 0.927956 0.805549 0.674682 0.58018 0.426818 0.450202 0.285152 0.125195 0.138098 0.078976 0.0941517 0.207326 0.352774 0.21966 0.0275803 0.0292101 0.0641072 0.125786 0.046946 0.247273 0.198207 0.235378 0.41039 0.131579 0.0884354 0.164103 0.107955 0.112128 0.53168 0.228637 0 
0.108407 0.105872 0.0811432 0.0779838 0.146589 0.0994356 0.276786 0.293936 0.0774471 0.174603 0.37998 0.662075 0.790701 0.558626 0.640987 0.745471 0.89628 1 0.967389 0.896404 0.756008 0.693078 0.644379 0.586518 0.355635 0 0 0.0609304 0.0909091 0.11729 0.303215 0.472703 0.363541 0.512772 0.471515 0.345867 0.215176 0.37912 0.348408 0.151743 0.044586 0.163492 0.200698 0.04857 0.090418 0.0607515 0.0478088 0.0667865 0.0943968 0.0933333 0.136454 0.0898716 0.2 0.649123 0.435374 0.179487 0.0909091 0.221968 0.129477 0.0300231 1 
0.0818584 0.219889 0.19908 0.109368 0.254882 0.667831 0.614448 0.44366 0.494743 0.596454 0.386502 0.142292 0.448395 0.560379 0.695255 0.97588 1 0.926545 0.601304 0.420591 0.473124 0.492076 0.690792 0.838131 0.80625 0.745567 0.800924 0.609201 0.224432 0.211143 0.634005 0.714222 0.254752 0.443137 0.849545 0.715726 0.486551 0.569096 0.487244 0.299455 0.0279097 0.135653 0.353938 0.362278 0.295422 0.0905101 0.0889171 0.103324 0.0868248 0.347879 0.0268924 0.285307 0.111688 0.552632 0.272109 0.0461538 0.0965909 0.0709382 0.311295 0.163972 0 
0.791298 0.545221 0.299277 0.279601 0.306619 0.437786 0.518128 0.927674 1 0.807665 0.630086 0.311547 0.120772 0.271321 0.469656 0.457663 0.110455 0.0492468 0.290659 0.893729 0.927487 0.474082 0.0829713 0.139842 0.25584 0.516356 0.333333 0.602614 0.540381 0.837435 0.561962 0.566053 0.483986 0.640276 0.846272 0.839315 0.882244 0.910159 0.773983 0.519063 0.389577 0.538828 0.593043 0.578588 0.798408 0.590373 0.171134 0.237796 0.138314 0.186667 0.139442 0.63766 0.54026 0.210526 0.267574 0.417949 0.284091 0.462243 0.487603 0.418014 1 
0.137168 0.00857265 0.0404074 0.000951022 0.0167385 0.0131685 0.137446 0.0341786 0.0636754 0.140712 0.0782646 0.103458 0.146826 0.0151593 0 0 0.0284945 0.182026 0.309489 0.337864 0.349178 0.464676 0.609304 0.746235 0.864242 0.866505 0.779494 0.830897 0.962561 0.959412 0.954114 0.954729 0.969337 1 0.784392 0.526915 0.258802 0.163253 0.105735 0.32549 0.397221 0.494383 0.433855 0.386241 0.390674 0.277564 0.188881 0.135669 0.170116 0.147879 0.0717131 0.142653 0.168831 0.154971 0.0544218 0.0179487 0.0113636 0.0480549 0.15427 0.0877598 0 
0.0530973 0.0171453 0.021682 0.040894 0.131626 0.155872 0.25974 0.145976 0.0741892 0.100815 0.14547 0.238277 0.374982 0.237806 0.221587 0.244861 0.267744 0.271792 0.360825 0.431828 0.543107 0.638483 0.658154 0.751767 0.882787 0.936006 1 0.852203 0.67431 0.529882 0.399455 0.285554 0.162554 0.0504505 0.0969623 0.209375 0.203914 0.24883 0.204301 0.144553 0.133526 0.206227 0.227079 0.183458 0.129087 0.0189248 0.084933 0.143756 0.0802625 0.0545455 0.0149402 0.0627675 0.0857143 0.201754 0.244898 0.117949 0.0767045 0.139588 0.157025 0.0554273 0 
0.182153 0.246892 0.35611 0.243699 0.230028 0.585327 0.64881 0.819405 0.817859 0.869584 0.85694 1 0.771556 0.52047 0.646805 0.688887 0.66418 0.745558 0.887334 0.852205 0.786467 0.666394 0.395253 0.349247 0.521619 0.164335 0.482088 0.849012 0.597808 0.841696 0.875204 0.521344 0.145437 0.264653 0.410044 0.29869 0.63033 0.662681 0.527514 0.501307 0.496468 0.309035 0.275314 0.286266 0.300114 0.024136 0.244114 0.222821 0.0656234 0.128485 0.0328685 0.319544 0.418182 0.248538 0.394558 0.615385 0.889205 0.368421 0.258953 0.166282 0 
0.159292 0.132447 0.0509198 0.0399429 0.0869896 0.00376243 0.0514069 0.16538 0.339109 0.335764 0.277329 0.188159 0.22283 0.29143 0.436252 0.552921 0.6705 0.601455 0.663686 0.832513 0.991674 1 0.786267 0.5314 0.380328 0.468994 0.543019 0.283862 0.176238 0.356557 0.196621 0.35273 0.389583 0.231691 0.166104 0.370968 0.435163 0.337215 0.226439 0.190959 0.0794441 0.278755 0.257468 0.141716 0.097242 0.0415524 0.122057 0.2351 0.229682 0.298182 0.150398 0.166904 0.0805195 0.330409 0.0839002 0.282051 0.139205 0.201373 0.0192837 0.198614 1 
0.030236 0.111873 0.0676741 0.119591 0.220391 0.28057 0.182089 0.207497 0.236636 0.249678 0.31079 0.362837 0.395854 0.243787 0.185475 0.126501 0.173972 0.232519 0.240269 0.287885 0.349705 0.386873 0.482251 0.678312 0.742828 0.762419 0.897153 1 0.887175 0.628316 0.610463 0.455965 0.259477 0.160784 0.129385 0.0726815 0.15515 0.103879 0.214316 0.210131 0.18645 0.332357 0.178068 0.0882505 0.0943986 0.228332 0.327237 0.372866 0.260475 0.0533333 0.184263 0.0912981 0.12987 0.187135 0.14059 0.205128 0.0965909 0.0480549 0.0909091 0.00230947 1 
0.188053 0.0672953 0.107096 0.0449358 0.191479 0.310132 0.349026 0.337155 0.287576 0.287287 0.272366 0.31697 0.400173 0.390636 0.507975 0.544474 0.649052 0.667948 0.633915 0.65625 0.769288 0.833248 0.890749 0.985247 1 0.933363 0.886228 0.804961 0.678166 0.528284 0.41624 0.329701 0.163604 0.0621092 0.0599366 0.145665 0.248743 0.215556 0.169618 0.25 0.23729 0.225275 0.268589 0.227648 0.159084 0.106829 0.24339 0.287511 0.301868 0.4 0.196215 0.258203 0.516883 0.219298 0.0839002 0.225641 0.383523 0.208238 0.286501 0.200924 1 
0.180678 0.0797257 0.0785151 0.000713267 0.07228 0.160978 0.332792 0.22602 0.214423 0.216931 0.105062 0.285903 0.19548 0.243065 0.291805 0.286587 0.0362657 0.106597 0.262571 0.34878 0.325253 0.22329 0.386246 0.55691 0.599795 0.594999 0.637462 0.760498 1 0.836263 0.547902 0.453831 0.492702 0.429889 0.161501 0.0716734 0.0201181 0.158365 0.230867 0.221786 0.278981 0.340049 0.224104 0.104999 0.0476258 0.127948 0.184353 0.0925427 0.104997 0.385455 0.131474 0.156919 0.298701 0.119883 0.145125 0.0282051 0.0909091 0.0114416 0.118457 0.163972 0 
0.304572 0.235319 0.227661 0.133143 0.291149 0.382155 0.40855 0.0740904 0.079224 0 0.136963 0.327814 0.406938 0.358255 0.450296 0.532261 0.646462 0.700052 0.747738 0.857877 0.833052 0.792864 0.828865 0.930028 0.851947 0.577266 0.384284 0.307225 0.300731 0.206775 0.314441 0.45619 0.474955 0.519237 0.508438 0.45756 0.424557 0.414786 0.411765 0.470153 0.386798 0.399023 0.331566 0.32556 0.30381 0.245337 0.182905 0.158131 0.228672 0.14303 0.00896414 0.191155 0.451948 0.201754 0.122449 0.325641 0.244318 0.185355 0.30854 0.0993072 1 
0.0877581 0.071153 0.053548 0.0725155 0.0956125 0.172534 0.207522 0.0884234 0.0433881 0.162591 0.300014 0.306125 0.336692 0.123646 0.0639984 0.095461 0.207647 0.302026 0.412582 0.48277 0.631956 0.774358 0.785737 0.773179 0.855225 0.925212 0.942641 0.860539 0.717938 0.451369 0.0953678 0.286115 0.445028 0.617276 0.803928 0.986895 0.923792 0.626807 0.411659 0.28159 0.264273 0.401221 0.560585 0.585158 0.56298 0.34627 0.196306 0.111411 0.144372 0.12 0.0458167 0.122682 0.111688 0.108187 0.0226757 0.0102564 0.110795 0.0480549 0.0716253 0.0808314 1 
0.0848083 0.0488641 0.138305 0.13457 0.0915547 0.06638 0.0949675 0.0862183 0.184066 0.180466 0.246278 0.315504 0.27753 0.120759 0.0713211 0.139528 0.280075 0.388675 0.523038 0.564747 0.648293 0.727328 0.696514 0.694089 0.770287 0.904945 0.996218 1 0.886465 0.636199 0.242507 0.150753 0.23438 0.491892 0.711977 0.819456 0.785589 0.635645 0.4572 0.366558 0.364563 0.381563 0.455709 0.471399 0.404606 0.235052 0.125679 0.0907457 0.1474 0.140606 0.0239044 0.108417 0.246753 0.0233918 0.0657596 0.138462 0.0227273 0.01373 0.0881543 0.0461894 1 
0.129794 0.0715817 0.0906702 0.0577746 0.100431 0.158022 0.146916 0.231092 0.347697 0.432003 0.637601 0.733148 0.605873 0.326596 0.284683 0.3793 0.421822 0.365403 0.378077 0.465539 0.712374 0.937123 1 0.982686 0.993033 0.907589 0.814791 0.686805 0.445617 0.284223 0.222343 0.39991 0.386118 0.32814 0.124987 0.185786 0.312377 0.310284 0.559983 0.586928 0.332484 0.0478632 0.404888 0.436357 0.587148 0.49904 0.374683 0.257263 0.302877 0.323636 0.124502 0.0456491 0.34026 0.371345 0.376417 0.328205 0.303977 0.272311 0.311295 0.143187 1 
0.100295 0.134591 0.191853 0.235854 0.277961 0.438592 0.445346 0.23462 0.120539 0.156156 0.0791153 0.187866 0.305312 0.259874 0.338349 0.44423 0.683971 0.876052 0.911004 0.736943 0.655987 0.70821 0.823567 0.764471 0.691906 0.619231 0.478937 0.477769 0.491883 0.37797 0.125232 0 0.0168014 0.291468 0.346323 0.18004 0.0136672 0.115837 0.214421 0.202941 0.325999 0.283639 0.221906 0.20085 0.221211 0.0578716 0.0892792 0.142558 0.11055 0.0715152 0.0856574 0.0756063 0.025974 0.216374 0.276644 0.128205 0.0227273 0.0366133 0.0606061 0.12933 0 
0.0575221 0.11273 0.0663601 0.0668093 0.0603601 0.287557 0.383387 0.128556 0.0984748 0.178321 0.261307 0.513189 0.511588 0.247499 0.230916 0.529717 0.72148 0.756779 0.607721 0.40015 0.402403 0.419896 0.527816 0.729536 0.85543 0.888644 0.939069 0.938349 0.936993 0.848194 0.741362 0.707257 0.742413 0.907366 0.991715 0.992137 0.991472 0.83238 0.657179 0.511874 0.29612 0.209158 0.146903 0.0903118 0.224339 0.265771 0.20029 0.207547 0.088844 0.248485 0.307769 0.291013 0.223377 0.134503 0.181406 0.225641 0.190341 0.258581 0.162534 0.240185 0 
0.137168 0.17874 0.17707 0.172373 0.140249 0.206665 0.316017 0.584785 0.167481 0.023738 0.278179 0.348623 0.2283 0.354336 0.4516 0.548646 0.44213 0.355532 0.310961 0.215004 0.198461 0.092833 0.21119 0.505071 0.362602 0.348166 0.511818 0.497324 0.446429 0.388303 0.369155 0.397102 0.439357 0.398728 0.201596 0.175 0.0734747 0.17937 0.303816 0.389978 0.295541 0.360684 0.331437 0.248261 0.293148 0.240126 0.1523 0.309973 0.323574 0.185455 0.0806773 0.261056 0.45974 0.438596 0.643991 0.220513 0.678977 0.505721 0.520661 0.207852 1 
0.278024 0.0437205 0.0827858 0.0473134 0.0869896 0.104542 0.275974 0.360529 0.300607 0.337194 0.339005 0.412222 0.385634 0.208415 0.113753 0.19998 0.177495 0.191896 0.288975 0.393193 0.480502 0.585318 0.690368 0.758324 0.885041 0.968168 0.987394 0.98065 0.945617 0.844679 0.651226 0.336217 0.351885 0.317117 0.113327 0.0362903 0.0965449 0.171259 0.135041 0.100871 0.0817603 0.250794 0.312557 0.210126 0.109326 0.0991498 0.165158 0.243187 0.250379 0.122424 0.0886454 0.10699 0.194805 0.0467836 0.165533 0.0974359 0.193182 0.0938215 0.0578512 0.0184758 1 
0.199853 0.191599 0.086071 0.0275796 0.0803956 0.238646 0.316017 0.392062 0.300607 0.418418 0.382674 0.588218 0.88657 0.817263 1 1 0.949021 0.898701 0.709026 0.477954 0.164629 0.385032 0.56448 0.269747 0.184734 0.535411 0.5156 0.356731 0.331473 0.474486 0.55564 0.49135 0.296335 0.210493 0.121101 0.279839 0.37787 0.392534 0.388256 0.346296 0.271801 0.316728 0.0934954 0.159495 0.169463 0.149342 0.112821 0.147948 0.133266 0.0981818 0.103586 0.0527817 0.0233766 0.0818713 0.015873 0.217949 0.153409 0.0549199 0.137741 0.12933 0 
0.132743 0.088727 0.0141261 0.0313837 0.0639107 0.126041 0.262716 0.135171 0.0912187 0.018447 0.062243 0.0590563 0.405643 0.369289 0.475073 0.451862 0.292819 0.393247 0.624237 1 0.855712 0.51048 0.27477 0.585288 0.767623 0.564049 0.409077 0.535508 0.464286 0.598913 0.367193 0.133228 0.3585 0.538633 0.335584 0.443548 0.403455 0.483311 0.643475 0.585621 0.369195 0.240781 0.243373 0.108864 0.186949 0.218047 0.101775 0.184786 0.173145 0.448485 0.25996 0.212553 0.179221 0.763158 0.446712 0.217949 0.261364 0.210526 0.0550964 0.108545 0 
0.109145 0.0822975 0.0614323 0.0779838 0.173726 0.360656 0.393398 0.315105 0.350511 0.387387 0.482348 0.514947 0.538794 0.312983 0.105728 0.0994301 0.320899 0.526338 0.628656 0.708476 0.778035 0.822513 0.861926 0.778301 0.706967 0.526159 0.254964 0.447921 0.635653 0.723554 0.826921 0.900472 1 0.988235 0.668099 0.385585 0.098185 0.337527 0.63093 0.871351 0.84586 0.654579 0.338032 0.221979 0.400057 0.379046 0.359471 0.449835 0.615346 0.597576 0.0268924 0.0984308 0.0545455 0.0614035 0.174603 0.0410256 0.230114 0.240275 0.225895 0.0623557 1 
0.129056 0.0137162 0.205979 0.0936757 0.0674613 0.158022 0.234848 0.30849 0.0984748 0.033748 0.165887 0.474355 0.433712 0.262968 0.013542 0.041726 0.188063 0.435117 0.349779 0.531999 0.629427 0.717309 0.813712 0.873579 1 0.843815 0.638933 0.494339 0.474127 0.417279 0.440218 0.463716 0.515384 0.540117 0.525008 0.523286 0.4274 0.213476 0.087919 0.4061 0.433932 0.611844 0.545196 0.319376 0.225476 0.154142 0.117892 0.236298 0.164059 0.0848485 0.0258964 0.121255 0.293506 0.298246 0.199546 0.348718 0.196023 0.0434783 0.14876 0.267898 0 
0.292773 0.483926 0.165243 0.0413695 0.146843 0.274657 0.474567 0.518633 0.386051 0.278135 0.178222 0.356829 0.425651 0.271321 0.351088 0.500407 0.444514 0.154182 0.418683 0.366331 0.515177 0.466926 0.399385 0.601783 0.497029 0.405882 0.710369 0.895739 0.880885 0.914882 0.819946 0.63233 0.17253 0.281293 0.38969 0.274496 0.299147 0.329313 0.22918 0.143246 0.637985 0.778388 0.753395 0.552177 0.695763 0.792238 0.78142 0.790656 0.905603 0.935758 0.794821 0.524964 0.358442 0.766082 0.274376 0.415385 0.261364 0.508009 0.267218 0.182448 1 
0.0855457 0.163309 0.103154 0.00475511 0.165864 0.332975 0.431006 0.407277 0.375389 0.44044 0.45073 0.513189 0.413272 0.170465 0.135821 0.199471 0.249611 0.436468 0.630444 0.69542 0.790261 0.787752 0.872099 1 0.986168 0.942064 0.944742 0.929498 0.830154 0.59657 0.358583 0.271624 0.164339 0.209645 0.204562 0.125706 0.0185874 0.0244359 0.110162 0.146296 0.0562826 0.121978 0.211949 0.246844 0.296417 0.320214 0.355668 0.389338 0.319536 0.221818 0.136454 0.202568 0.184416 0.0643275 0.0702948 0.171795 0.105114 0.01373 0.0385675 0.182448 1 
0.126844 0.145735 0.0502628 0.0282929 0.0826782 0.410642 0.539773 0.361411 0.333629 0.367653 0.399688 0.395223 0.300993 0.0743529 0.17755 0.207409 0.246917 0.25839 0.162003 0.11601 0.381324 0.680912 0.800784 0.841512 0.889242 0.922899 0.998634 1 0.80763 0.595078 0.605886 0.577735 0.386748 0.133545 0.0640278 0.0532258 0.0675705 0.106894 0.137571 0.117974 0.0973943 0.119658 0.255658 0.172507 0.128234 0.148793 0.275444 0.408206 0.433115 0.351515 0.202191 0.154066 0.241558 0.552632 0.0612245 0.248718 0.176136 0.256293 0.528926 0.34873 1 
0.221239 0.105444 0.0499343 0.100095 0.211768 0.256651 0.268128 0.254465 0.172664 0.20306 0.26074 0.337046 0.360155 0.260905 0.186077 0.134643 0.187649 0.212156 0.262466 0.28735 0.345067 0.382067 0.494755 0.683741 0.781557 0.81683 0.915853 1 0.897524 0.622457 0.59782 0.443833 0.264622 0.220668 0.168047 0.084879 0.161601 0.141416 0.219376 0.249455 0.249913 0.381929 0.217897 0.0869621 0.16861 0.251371 0.340094 0.333633 0.156487 0.173333 0.13745 0.142653 0.148052 0.0994152 0.14966 0.00769231 0.144886 0.0732265 0 0.113164 1 
0.183628 0.0278611 0.107424 0.17475 0.247527 0.183015 0.374459 0.247189 0.0559751 0.118976 0.119524 0.0885111 0.0767238 0.174796 0.261009 0.410035 0.4871 0.658286 0.781401 0.826734 0.869203 0.940906 1 0.992931 0.956455 0.850975 0.707427 0.567826 0.489042 0.455204 0.392044 0.22905 0.135567 0.239534 0.337015 0.371169 0.279685 0.200478 0.294856 0.374401 0.391546 0.535653 0.421699 0.252899 0.122832 0.231487 0.360558 0.36448 0.317012 0.391515 0.251992 0.293866 0.667532 0.488304 0.0702948 0.164103 0.335227 0.169336 0.212121 0.138568 1 
0.0899705 0.124732 0.03318 0.00570613 0.0441288 0.0405805 0.0665584 0.016538 0.0613061 0.108823 0.114987 0.124267 0.130992 0.0773435 0.0571772 0.0757175 0.099886 0.247584 0.333053 0.493686 0.55839 0.609549 0.562891 0.450773 0.531148 0.70999 0.904297 1 0.822139 0.514328 0.31248 0.0531341 0.117925 0.419396 0.64979 0.736895 0.832276 0.739316 0.677209 0.500654 0.231036 0.201221 0.352774 0.517392 0.586437 0.475864 0.496016 0.536089 0.465422 0.334545 0.168327 0.104137 0.0909091 0.0438596 0.0680272 0.138462 0.181818 0.0732265 0.115702 0.0623557 1 
0.0154867 0.0308616 0.0252957 0.0782216 0.117423 0.294276 0.327381 0.214112 0.172368 0.110825 0.0918758 0.14786 0.203685 0.130865 0.182064 0.15978 0.116879 0.142649 0.101094 0.09878 0.183917 0.179532 0.297234 0.572585 0.846824 1 0.837903 0.652532 0.549919 0.352828 0.299837 0.185352 0.151528 0.213567 0.299069 0.220565 0.0485458 0.0379536 0.0838077 0.201743 0.26161 0.299267 0.256433 0.122133 0.132357 0.132337 0.0689967 0.130279 0.169611 0.0666667 0.0786853 0.158345 0.12987 0.0730994 0.0680272 0 0.0426136 0.105263 0.0633609 0.0230947 0 
0.0766962 0.246892 0.199737 0.128864 0.337307 0.478635 0.375812 0.306946 0.0610099 0.107393 0.262867 0.510551 0.357133 0.189749 0.107533 0.0991248 0.164232 0.391377 0.292973 0.595676 0.733137 0.762396 0.773975 0.821022 1 0.942835 0.741464 0.589131 0.537033 0.508576 0.559891 0.532128 0.588785 0.573291 0.586376 0.604637 0.511043 0.254341 0.0111744 0.293464 0.354603 0.621612 0.565369 0.318217 0.242821 0.184174 0.151757 0.226116 0.153458 0.089697 0.0687251 0.0242511 0.254545 0.187135 0.265306 0.166667 0.207386 0.160183 0.0798898 0.30485 0 
0.215339 0.221603 0.209593 0.110081 0.137966 0.127654 0.170996 0.134289 0.205094 0.383097 0.50872 0.696952 0.690514 0.484583 0.559334 0.730409 0.816599 0.914078 0.99737 0.990475 0.814503 0.641959 0.574017 0.47362 0.298156 0.0685097 0.053367 0 0.0876623 0.215511 0.24109 0.283756 0.257062 0.401272 0.351539 0.311694 0.465559 0.414994 0.152751 0.355011 0.676549 0.536264 0.240916 0.182943 0.0837361 0.0789907 0.121695 0.080563 0.123675 0.230303 0.062749 0.446505 0.477922 0.371345 0.614512 0.379487 0.139205 0.270023 0.338843 0.113164 1 
0.787611 0.456065 0.0795007 0.185212 0.172711 0.274926 0.889881 1 0.807197 0.83698 0.711045 0.295281 0.319275 0.249149 0.663557 0.658457 0.137291 0.048 0.40364 0.8628 0.788364 0.357121 0.120801 0.140559 0.189139 0.212138 0.181742 0.6021 0.574574 0.672419 0.36436 0.437991 0.768035 0.899947 1 0.920565 0.987864 0.927524 0.731921 0.50915 0.2 0.239316 0.215828 0.370008 0.621837 0.424712 0.285766 0.165618 0.168602 0.253333 0.171315 0.245364 0.272727 0.654971 0.612245 0.0717949 0.230114 0.272311 0.22314 0.316397 1 
0.180678 0.153022 0.0397503 0.0508797 0.0372813 0.0634238 0.16829 0.296582 0.26181 0.320463 0.344676 0.323271 0.213186 0.00649685 0.127495 0.157338 0.18941 0.290909 0.338733 0.416952 0.546796 0.733872 0.794638 0.880852 0.941803 1 0.934342 0.753294 0.708097 0.825077 0.778202 0.467648 0.130001 0.141706 0.145034 0.180343 0.251913 0.138297 0.0619861 0.070915 0.0563984 0.246642 0.323936 0.239887 0.204578 0.201591 0.179464 0.0122791 0.0777385 0.140606 0.180279 0.196862 0.322078 0.108187 0.0748299 0.146154 0.105114 0.0755149 0.165289 0.251732 1 
0.0855457 0.0265752 0.0962549 0.0601522 0.00456505 0.178715 0.199675 0.128997 0.0964016 0.112684 0.0653623 0.0890973 0.149993 0.138806 0.229311 0.282109 0.329189 0.340987 0.286871 0.260809 0.376476 0.415704 0.43446 0.585698 0.687295 0.822227 0.881815 0.629889 0.321023 0.299563 0.483706 0.470456 0.268508 0.440276 0.506495 0.508266 0.480538 0.469897 0.446131 0.473094 0.444239 0.343956 0.296909 0.122262 0.0135058 0.072271 0.0693589 0.0320455 0.0545179 0.0933333 0.108566 0.0770328 0.0597403 0.0877193 0.156463 0.0897436 0.142045 0.0228833 0.140496 0.039261 0 
0.121681 0.187741 0.151445 0.152164 0.392594 0.210965 0.152327 0.224035 0.459055 0.401115 0.423082 0.41017 0.410105 0.238631 0.165613 0.116629 0.254274 0.430545 0.646644 0.752033 0.679595 0.426746 0.19805 0.271181 0.485041 0.798656 1 0.921573 0.849736 0.757324 0.576567 0.537632 0.666492 0.636778 0.494119 0.352621 0.378089 0.35666 0.314991 0.289107 0.380776 0.461294 0.446528 0.270033 0.146574 0.109435 0.126947 0.157532 0.121656 0.141818 0.121514 0.162625 0.283117 0.25731 0.047619 0.0538462 0.0653409 0.107551 0.198347 0.0369515 1 
0.227139 0.0407201 0.0929698 0.120304 0.175755 0.230046 0.258929 0.212348 0.141419 0.291863 0.396427 0.467321 0.403915 0.116428 0.120774 0.13963 0.160812 0.213403 0.17105 0.186109 0.290894 0.58583 0.82007 0.902162 0.988525 0.990307 0.942011 1 0.907873 0.7243 0.785722 0.7541 0.506878 0.203392 0.072108 0.122681 0.0883446 0.0876573 0.14727 0.0248366 0.139201 0.0937729 0.148584 0.218243 0.135627 0.0109709 0.143064 0.375861 0.326603 0.21697 0.0507968 0.0756063 0.228571 0.365497 0.129252 0.151282 0.0880682 0.0663616 0.168044 0.140878 1 
0.0553097 0.0240034 0.0781866 0.102473 0.286584 0.399624 0.367695 0.205513 0.130312 0.254826 0.227846 0.338658 0.55981 0.279984 0.287892 0.525544 0.380582 0.12426 0.266148 0.347924 0.319351 0.431346 0.620006 0.44688 0.591086 0.855711 0.826137 0.760086 0.500913 0.426867 0.533842 0.558414 0.353565 0.359194 0.734274 0.774294 0.383446 0.029531 0.349252 0.653268 0.364794 0.275458 0.283848 0.393069 0.275377 0.215304 0.0867439 0.161126 0.0737002 0.0824242 0.186255 0.0727532 0.233766 0.538012 0.1678 0.379487 0.440341 0.114416 0.517906 0.221709 0 
0.452802 0.453922 0.496386 0.278412 0.347451 0.292395 0.230249 0.187872 0.300903 0.498212 0.734014 0.728165 0.71153 0.528205 0.65473 0.869428 0.977826 0.930909 0.780875 0.719927 0.674115 0.37123 0.0114443 0.026944 0.253791 0.211257 0.184158 0.167456 0.0267857 0.204325 0.163161 0.167041 0.205397 0.184844 0.249974 0.127016 0.0789416 0.170531 0.150011 0.0119826 0.110365 0.20989 0.20031 0.209482 0.100654 0.0176906 0.14397 0.228212 0.0590611 0.0739394 0.255976 0.115549 0.667532 0.28655 0.29932 0.469231 0.644886 0.12357 0.30854 0.288684 1 
0.292035 0.116159 0.193495 0.111032 0.107025 0.0760548 0.156385 0.234179 0.172072 0.312741 0.153268 0.161049 0.281129 0.129215 0.0746314 0.105231 0.0574034 0.0326234 0.165895 0.248181 0.244941 0.320417 0.32415 0.303555 0.329098 0.290891 0.358336 0.652326 0.92431 1 0.876948 0.661986 0.501208 0.402756 0.273908 0.194254 0.328559 0.459187 0.608897 0.667647 0.534221 0.419536 0.344239 0.404148 0.608757 0.584476 0.63582 0.736149 0.635538 0.396364 0.180279 0.298146 0.0857143 0.0263158 0.133787 0.328205 0.298295 0.107551 0.231405 0.0877598 1 
0.25885 0.177883 0.160644 0.0456491 0.134162 0.0403117 0.250271 0.206395 0.199023 0.247962 0.274068 0.353458 0.334533 0.208106 0.152874 0.173112 0.21117 0.308571 0.498527 0.64512 0.764545 0.788161 0.78171 0.910767 0.948566 0.981826 1 0.945554 0.821124 0.600724 0.403161 0.315098 0.229024 0.210281 0.139613 0.0484879 0.0652744 0.136945 0.0889732 0.126906 0.003011 0.155433 0.301435 0.317959 0.278647 0.272216 0.284317 0.275831 0.277133 0.235152 0.165339 0.17689 0.0571429 0.0350877 0.120181 0.0307692 0.0625 0.0320366 0.0716253 0.0484988 1 
0.164454 0.133733 0.133706 0.0810747 0.182856 0.178447 0.229437 0.239912 0.224937 0.276705 0.335035 0.419695 0.316252 0.16964 0.140335 0.160085 0.148378 0.257351 0.477803 0.589683 0.748735 0.808302 0.766133 0.875832 0.878381 0.941624 1 0.973137 0.84233 0.589965 0.416349 0.310155 0.251181 0.191309 0.100542 0.019254 0.0250383 0.0914006 0.0738984 0.10512 0 0.139316 0.26652 0.264623 0.266989 0.280719 0.310757 0.320156 0.240787 0.206061 0.185259 0.125535 0.171429 0.216374 0.0725624 0.0564103 0.0710227 0.0228833 0.0936639 0.124711 1 
0.0545723 0.114874 0.076544 0.0425583 0.0398174 0.199678 0.393669 0.257773 0.221235 0.286858 0.384801 0.418816 0.36836 0.234506 0.184472 0.131284 0.114807 0.213403 0.290869 0.323523 0.299642 0.294551 0.355092 0.516443 0.63207 0.747439 0.869104 1 0.980317 0.677107 0.489482 0.518535 0.512654 0.384738 0.166206 0.107762 0.133282 0.0964958 0.127767 0.273856 0.317661 0.544078 0.489461 0.163489 0.207421 0.149753 0.268924 0.414795 0.361434 0.213333 0.198207 0.125535 0.254545 0.24269 0.0430839 0.102564 0.0511364 0.15103 0.162534 0.0277136 1 
0.0818584 0.0612945 0.20565 0.398003 0.633528 0.660306 0.78842 0.894157 0.726788 0.830402 0.785907 0.759525 0.761192 0.519852 0.496539 0.694382 0.823024 0.775481 0.812224 0.931828 1 0.920663 0.771008 0.535908 0.442828 0.550832 0.521799 0.379477 0.0748782 0.188772 0.165995 0.0205572 0.217053 0.190461 0.0108418 0.147883 0.0941395 0.214516 0.295172 0.335294 0.311639 0.0952381 0.163714 0.177918 0.161501 0.0707625 0.0132198 0.0832585 0.187784 0.146667 0.15239 0.119829 0.0779221 0.25731 0.260771 0.00512821 0.505682 0.208238 0.316804 0.13164 0 
0.188053 0.0368624 0.042707 0.0523062 0.0874968 0.176028 0.268669 0.238809 0.106471 0.201201 0.196512 0.166178 0.169426 0.11055 0.211957 0.528394 0.671537 0.542857 0.273406 0.275043 0.412943 0.547388 0.553036 0.60793 0.808607 0.980064 0.981406 0.914162 0.738535 0.758815 0.870954 0.780499 0.650425 0.622258 0.615322 0.593952 0.586486 0.505251 0.269133 0.154575 0.190272 0.241148 0.2854 0.229065 0.192351 0.188289 0.135639 0.14136 0.164059 0.21697 0.0448207 0.108417 0.012987 0.0233918 0.14059 0.0897436 0.332386 0.295195 0.190083 0.189376 0 
0.19764 0.254179 0.210578 0.0406562 0.19579 0.422198 0.303301 0.229989 0.191767 0.236522 0.241883 0.385844 0.44494 0.360524 0.415087 0.496031 0.604186 0.794805 0.929834 0.935681 0.923588 0.943769 0.822825 0.771847 0.69334 0.576385 0.559828 0.429189 0.361506 0.242676 0.185613 0.146821 0.325633 0.395866 0.270431 0.233972 0.357315 0.304773 0.35758 0.506536 0.428373 0.440171 0.300013 0.186808 0.144583 0.152359 0.118616 0.081162 0.12317 0.21697 0.108566 0.198288 0.428571 0.432749 0.0907029 0.176923 0.144886 0.0686499 0.121212 0.168591 1 
0.376844 0.238748 0.395532 0.272943 0.0453969 0.247245 0.136905 0.0846748 0.32815 0.217217 0.319722 0.376758 0.406938 0.318449 0.300231 0.216059 0.265361 0.0977662 0.0691142 0.294092 0.532251 0.629792 0.634736 0.731995 0.644877 0.49587 0.671919 0.724681 0.769278 0.811335 0.905177 0.977758 0.653996 0.623211 0.744809 0.473286 0.143779 0.350005 0.35895 0.216667 0.639954 0.680342 0.333247 0.675728 0.874183 0.702551 0.613003 0.448937 0.275618 0.327273 0.378486 0.472183 0.374026 0.950292 0.839002 0.435897 0.366477 0.228833 1 0.466513 1 
0.137168 0.0737248 0.0850854 0.0413695 0.166624 0.196453 0.324405 0.27409 0.297645 0.372801 0.269247 0.410463 0.399453 0.184181 0.0877721 0.147364 0.150347 0.187532 0.161161 0.0909675 0.000948567 0.196708 0.399491 0.584366 0.685041 0.73301 0.872571 0.903252 0.850649 0.902738 1 1 0.76625 0.681611 0.652654 0.685887 0.720206 0.576999 0.569576 0.665142 0.634742 0.54591 0.63507 0.742334 0.712681 0.554306 0.565556 0.668464 0.547703 0.501818 0.251992 0.175464 0.114286 0.274854 0.217687 0.225641 0.227273 0.0389016 0.129477 0.0692841 1 
0.105457 0.0998714 0.0443495 0.103661 0.233578 0.35555 0.386905 0.25667 0.24019 0.25883 0.293776 0.363863 0.412408 0.279777 0.220183 0.161103 0.21863 0.283117 0.323795 0.388164 0.395868 0.359472 0.426195 0.599836 0.715266 0.735103 0.864061 1 0.98123 0.70033 0.58485 0.425522 0.344324 0.32337 0.176025 0.13246 0.144216 0.0927524 0.136517 0.267647 0.219803 0.332234 0.208587 0.171992 0.280921 0.169227 0.28142 0.316562 0.24735 0.117576 0.222112 0.161198 0.267532 0.137427 0.0498866 0.192308 0.0880682 0.0983982 0.0578512 0.034642 1 
0.109882 0.266181 0.237516 0.130766 0.0420999 0.254233 0.353084 0.129879 0.214275 0.0953811 0.212959 0.358294 0.230891 0.0789935 0.195506 0.31264 0.352191 0.229714 0.335157 0.305223 0.536889 0.512422 0.519869 0.687942 0.62623 0.642802 0.842315 0.796727 0.651278 0.849899 0.672807 0.55774 0.277329 0.376365 0.26368 0.0801411 0.324513 0.400749 0.150748 0.394989 0.494152 0.190232 0.322514 0.412523 0.322007 0.157159 0.0862007 0.28242 0.415952 0.207273 0.243028 0.356633 0.358442 0.631579 0.410431 0.464103 0.303977 0.208238 0.212121 0.244804 1 
0.120944 0.0557222 0.129106 0.136709 0.134162 0.189734 0.556548 0.751929 0.770176 0.836837 0.845739 0.625879 0.50511 0.267196 0.160899 0.0264604 0.148793 0.417558 0.67915 0.79634 0.847175 0.868827 0.851754 0.918144 0.869775 0.788964 0.862801 0.836455 0.573153 0.334612 0.327302 0.475736 0.631944 0.708956 0.556715 0.514919 0.51487 0.364147 0.357474 0.394444 0.259988 0.187424 0.242467 0.292064 0.224197 0.166072 0.159906 0.254567 0.179202 0.265455 0.0856574 0.164051 0.142857 0.517544 0.238095 0.312821 0.221591 0.347826 0.438017 0.182448 1 
0.050885 0.063009 0.0906702 0.0889206 0.224195 0.174684 0.103084 0.0449835 0.0913668 0.23452 0.238338 0.13643 0.215777 0.0557905 0.215468 0.504681 0.713087 0.768935 0.602567 0.304473 0.339481 0.24568 0.340468 0.729638 0.864037 0.804274 0.765942 0.779951 0.558847 0.321935 0.332643 0.388789 0.303791 0.156969 0.245883 0.314012 0.113383 0.0691484 0.138098 0.195316 0.0942675 0.107082 0.110694 0.12252 0.140176 0.131103 0.077146 0.121893 0.0535083 0.21697 0.0557769 0.32525 0.283117 0.368421 0.251701 0.14359 0.15625 0.0640732 0.195592 0.0900693 0 
0.132743 0.058294 0.0545335 0.0827389 0.0821709 0.0395055 0.232413 0.202426 0.113283 0.154154 0.174819 0.159144 0.179934 0.100134 0.0623934 0.0740892 0.0908714 0.152831 0.356196 0.321276 0.188132 0.244454 0.384656 0.574634 0.553586 0.498623 0.450783 0.68063 0.979403 1 0.987902 0.947091 0.754489 0.671436 0.534315 0.45494 0.473212 0.166788 0.0345773 0.149891 0.156688 0.195116 0.336221 0.495491 0.533693 0.331048 0.195038 0.067086 0.0782433 0.226667 0.124502 0.0285307 0.161039 0.321637 0.0136054 0.0461538 0.15625 0.0892449 0.181818 0.0138568 0 
0.0848083 0 0.0239816 0.0946267 0.116155 0.181672 0.242965 0.195369 0.242263 0.19591 0.176237 0.126612 0.101627 0.0993091 0.116963 0.100041 0.185266 0.255896 0.330949 0.510916 0.649347 0.793375 0.922963 0.900318 0.917213 1 0.981196 0.906546 0.815747 0.676361 0.590518 0.566502 0.489867 0.548702 0.542907 0.528024 0.489285 0.354268 0.153911 0.177887 0.15275 0.0754579 0.0787534 0.0483123 0.0757748 0.038124 0.0324158 0.034142 0.0368501 0.140606 0.0916335 0.0998573 0.0935065 0.00877193 0.0113379 0.105128 0.102273 0.0434783 0.0606061 0.0230947 0 
0.191003 0.101157 0.19908 0.119353 0.269338 0.234077 0.484307 0.372657 0.202132 0.242385 0.294485 0.0981829 0.225277 0.385583 0.517203 0.727661 0.902808 0.923117 0.730065 0.407427 0.483874 0.688375 0.762107 0.832394 0.721619 0.60337 0.55447 0.397489 0.339996 0.407372 0.237929 0.181982 0.153838 0.0586116 0.358188 0.580948 0.489394 0.204222 0.0662028 0.340632 0.420382 0.35641 0.217768 0.226875 0.239266 0.0999726 0.215502 0.38844 0.377587 0.0812121 0.253984 0.149786 0.267532 0.219298 0.0929705 0.179487 0.286932 0.361556 0.603306 0.385681 0 
0.260324 0.170167 0.0992116 0.0558726 0.190971 0.333244 0.305195 0.134068 0.0118466 0.0561991 0.0874805 0.338365 0.184252 0.103022 0.119571 0.153369 0.111387 0.0945455 0.143383 0.0513699 0.164102 0 0.194659 0.236451 0 0.110365 0.448787 0.69154 0.677861 0.621072 0.717275 0.558189 0.643075 0.900477 0.950701 0.960181 0.804833 0.664344 0.638836 0.719281 0.657209 0.622589 0.491659 0.293481 0.216378 0.109846 0.145599 0.225217 0.285714 0.212121 0.0577689 0.118402 0.402597 0.438596 0.170068 0.169231 0.375 0.146453 0.212121 0.143187 0 
0.235988 0.054865 0.223719 0.266762 0.0712655 0.289707 0.518128 0.342227 0.438472 0.609038 0.743513 0.811108 0.98431 0.700629 0.735881 0.735701 0.857217 0.943688 0.87187 0.776648 0.55312 0.290563 0 0 0.23709 0.434079 0.477571 0.423837 0.274249 0.126132 0.335477 0.350258 0.298645 0.307366 0.349289 0.0679435 0.162147 0.149423 0.152224 0.160784 0.0250145 0.109646 0.140437 0.104612 0.111459 0.0667855 0.0795002 0.175502 0.186774 0.224242 0.300797 0.336662 0.58961 0.24269 0.346939 0.484615 0.0823864 0.855835 0.344353 0.34642 1 
0.275074 0.136305 0.221091 0.199715 0.304337 0.379737 0.568452 0.564057 0.408263 0.372515 0.475826 0.541911 0.526702 0.454161 0.534958 0.474354 0.464822 0.570078 0.745319 0.678617 0.675169 0.860239 0.905372 0.932999 0.783197 0.844146 0.922366 0.699465 0.571733 0.490252 0.438474 0.306111 0.101964 0.0883943 0.163343 0.14506 0.0728187 0.109702 0.170251 0.209368 0.280023 0.344689 0.172119 0.146869 0.186238 0.196517 0.113003 0.0299491 0.04947 0.158788 0.151394 0.352354 0.171429 0.739766 0.165533 0.274359 0.295455 0.148741 0.264463 0.140878 1 
0.369469 0.402057 0.199409 0.0848787 0.235354 0.625907 0.471861 0.432856 0.375537 0.168883 0.334184 0.372509 0.611487 0.350521 0.201023 0.264808 0.300798 0.120623 0.2409 0.305223 0.492728 0.698599 0.697255 0.673599 0.497951 0.483203 0.59355 0.834088 0.901684 0.851603 0.999891 0.984498 0.698834 0.708638 0.724864 0.408669 0.134376 0.149319 0.106473 0.309695 0.761436 1 0.691969 0.567251 0.91669 0.852167 0.546179 0.412998 0.183746 0.430303 0.454183 0.60485 0.698701 0.415205 0.258503 0.320513 0.0482955 0.242563 0.201102 0.166282 1 
0.137168 0.0681526 0.108081 0.0646695 0.0836926 0.091642 0.176136 0.18699 0.246409 0.351494 0.374592 0.420868 0.492155 0.281427 0.269536 0.187767 0.150451 0.193143 0.323375 0.517551 0.705839 0.828034 0.879623 0.950825 0.962807 1 0.965648 0.862495 0.786526 0.610632 0.530681 0.410245 0.219049 0.284261 0.344175 0.425 0.48349 0.42976 0.35779 0.319608 0.180776 0.137729 0.256563 0.202267 0.09383 0.177455 0.144332 0.0155735 0.117617 0.184242 0.124502 0.0656205 0.135065 0.371345 0.23356 0.0794872 0.150568 0.23341 0.22314 0.0692841 1 
0.165929 0.0908701 0.101511 0.121493 0.0667005 0.110454 0.233766 0.145094 0.0731527 0.039468 0.233234 0.322098 0.391824 0.24059 0.379175 0.492062 0.276241 0.340779 0.662424 0.711794 0.478605 0.431653 0.680725 0.808729 0.772643 0.883577 0.887488 0.888123 0.858969 0.793651 0.551281 0.229387 0.313137 0.148702 0.229518 0.552823 0.473431 0.0619736 0.127662 0.0690632 0.342907 0.450427 0.344756 0.138882 0.201592 0.231349 0.133647 0.189877 0.0726906 0.273939 0.060757 0.219686 0.366234 0.24269 0.240363 0.230769 0.144886 0.0366133 0.179063 0.039261 0 
0.430678 0.2006 0.158673 0.0782216 0.243216 0.180328 0.221861 0.0864388 0.150896 0.034034 0.183326 0.26187 0.299986 0.263587 0.379978 0.458274 0.65672 0.859429 0.932779 0.932256 0.909781 0.914324 0.92699 0.856982 0.726127 0.533319 0.3867 0.394092 0.406047 0.270161 0.267466 0.310604 0.280584 0.415474 0.385701 0.414819 0.45714 0.419673 0.460257 0.361002 0.328199 0.40464 0.322385 0.341407 0.248507 0.127811 0.0959797 0.0242588 0.17264 0.166061 0.0278884 0.00713267 0 0.634503 0.460317 0.197436 0.323864 0.254005 0.305785 0.21709 1 
0.571534 0.300471 0.11071 0.380884 0.320314 0.0333244 0.199675 0.57839 0.827632 0.928929 0.668226 0.343933 0.211026 0.42013 0.449794 0.449522 0.31261 0.376623 0.508205 0.89405 0.993571 0.354769 0.0475787 0.000922037 0.21291 0.337042 0.186784 0.510807 0.685268 0.820603 0.418965 0.37486 0.554342 0.829995 0.791654 0.715121 0.733107 0.807424 0.762176 0.644553 0.485698 0.570574 0.579077 0.479516 0.667188 0.526467 0.13908 0.439353 0.392226 0.568485 0.192231 0.413695 1 0.830409 0.38322 0.628205 0.392045 0.160183 0.0661157 0.2194 1 
0.0803835 0.183026 0.193495 0.0929624 0.134415 0.0679925 0.13474 0.0635061 0.144676 0.287001 0.19155 0.243992 0.409097 0.180056 0.0562745 0.226745 0.342762 0.356779 0.571744 0.603917 0.557441 0.445251 0.411783 0.353652 0.635861 0.883247 0.892636 0.483326 0.323559 0.185043 0.11673 0.366435 0.405649 0.304187 0.286489 0.406149 0.563088 0.389519 0.540586 0.533878 0.321019 0.335287 0.304022 0.296058 0.164202 0.0992869 0.112459 0.0952381 0.227158 0.202424 0.0776892 0.10699 0.135065 0.479532 0.412698 0.128205 0.315341 0.441648 0.402204 0.12933 0 
0.175516 0.343763 0.161629 0.0442225 0.420238 1 1 0.777949 0.496668 0.298012 0.335177 0.43772 0.777026 0.685057 0.79366 0.711378 0.327738 0.169662 0.229539 0.389876 0.50253 0.334322 0.0918724 0.534167 0.624795 0.74799 0.667822 0.795698 0.804485 0.819964 0.79673 0.521793 0.0982884 0.2708 0.497187 0.474496 0.109884 0.199231 0.254902 0.404793 0.297973 0.134188 0.220484 0.16671 0.129229 0.109709 0.10268 0.0592992 0.0575467 0.18303 0.0846614 0.242511 0.176623 0.201754 0.0725624 0.287179 0.0852273 0.0823799 0.220386 0.108545 0 
0.154867 0.00557222 0.0197109 0.00927247 0.0958661 0.216071 0.231602 0.132304 0.22938 0.191477 0.163477 0.104338 0.062473 0.141075 0.0679105 0.0694077 0.232204 0.239377 0.273511 0.430437 0.573988 0.718331 0.86998 0.919475 0.926434 0.993612 1 0.904385 0.852374 0.711622 0.655804 0.636599 0.536701 0.609963 0.619004 0.542238 0.484911 0.372465 0.180898 0.167102 0.170932 0.0727717 0.0980215 0.0626127 0.0501848 0.0407296 0.0436436 0.113507 0.0600707 0.0884848 0.0507968 0.0370899 0.322078 0.263158 0.0861678 0.135897 0.0767045 0.0732265 0.0550964 0.0484988 0 
0.14823 0.0895842 0.0847569 0.0192582 0.0735481 0.183553 0.236201 0.188093 0.159337 0.12298 0.12959 0.126905 0.145099 0.153553 0.236634 0.201099 0.163714 0.144416 0.0265096 0.0651755 0.157357 0.138227 0.216382 0.527303 0.840164 1 0.86175 0.664677 0.547179 0.428784 0.340817 0.185464 0.120025 0.199258 0.294262 0.228226 0.0773016 0 0.0165507 0.127887 0.217834 0.226984 0.205224 0.12136 0.11942 0.0918815 0.0619341 0.140461 0.180212 0.164848 0.0816733 0.188302 0.101299 0.122807 0.151927 0.0435897 0.125 0.0480549 0.0220386 0.0254042 0 
0.136431 0.156451 0.135677 0.0354256 0.224956 0.237571 0.407468 0.340904 0.449282 0.285714 0.187154 0.197245 0.295667 0.0383624 0.0630956 0.214838 0.285048 0.272623 0.482222 0.443172 0.555544 0.496064 0.398962 0.544104 0.663012 0.605133 0.695766 0.802388 0.674412 0.345584 0.0899183 0.247135 0.487661 0.777424 0.850363 0.849496 0.693309 0.594156 0.481973 0.286166 0.0173712 0.339194 0.365317 0.548312 0.375462 0.190071 0.19033 0.402216 0.193337 0.392727 0.231076 0.0271041 0.155844 0.435673 0.14966 0.417949 0.502841 0.185355 0.245179 0.0600462 0 
0.143068 0.079297 0.130092 0.0625297 0.16003 0.396936 0.380141 0.297023 0.440249 0.543544 0.455834 0.503077 0.541097 0.313293 0.331026 0.289029 0.204642 0.104519 0.310961 0.403682 0.461425 0.353543 0.404366 0.473824 0.611373 0.697764 0.645341 0.762145 0.79515 0.848407 0.958147 0.741968 0.459309 0.338845 0.120998 0.10756 0.118303 0.149423 0.340923 0.589542 0.651766 0.613065 0.712789 0.647642 1 0.809654 0.736871 0.826894 0.799596 0.618182 0.0537849 0.0998573 0.509091 0.274854 0.0748299 0.0692308 0.167614 0.19222 0.190083 0.0831409 1 
0.179204 0.183026 0.17477 0.148122 0.181841 0.308519 0.341721 0.369129 0.402636 0.406263 0.314334 0.346571 0.297251 0.189956 0.124285 0.104926 0.149725 0.188052 0.121187 0.00898973 0.0119098 0.221041 0.451521 0.628317 0.747029 0.88534 0.993802 0.995574 0.931818 0.930116 0.91248 0.818468 0.670797 0.654796 0.629539 0.660181 0.615788 0.434855 0.290744 0.440196 0.459178 0.485348 0.543256 0.587091 0.562269 0.406747 0.379392 0.466607 0.446239 0.321212 0.120518 0.118402 0.148052 0.0263158 0.0884354 0.192308 0.0795455 0.1373 0.129477 0.101617 1 
0.0589971 0.129447 0.172142 0.0839277 0.138473 0.251814 0.265963 0.295259 0.372723 0.519377 0.558628 0.624707 0.751403 0.415592 0.331227 0.339304 0.318827 0.257247 0.375342 0.661066 0.752319 0.659544 0.544665 0.589694 0.639754 0.84734 0.980985 0.936188 0.841213 0.581762 0.536349 0.7286 0.577549 0.321357 0.0299683 0.310181 0.354144 0.363731 0.563462 0.45719 0.311639 0.529548 0.556317 0.622391 0.722775 0.267691 0.278703 0.610063 0.532055 0.304242 0.355578 0.24679 0.0363636 0.269006 0.287982 0.0923077 0.110795 0.0617849 0.0826446 0.0623557 1 
0.2441 0.215602 0.021025 0.0439848 0.0925691 0.170116 0.244859 0.237927 0.170739 0.199485 0.215511 0.315651 0.397726 0.267402 0.399137 0.525443 0.532276 0.566026 0.583526 0.652076 0.692664 0.784276 0.924128 0.977564 0.973156 1 0.968694 0.995471 0.820921 0.576009 0.5297 0.501348 0.320172 0.143508 0.0739491 0.154536 0.270391 0.312675 0.279148 0.308061 0.303185 0.319902 0.265744 0.266555 0.231021 0.166758 0.183448 0.222821 0.194851 0.0606061 0.145418 0.0456491 0.303896 0.283626 0.240363 0.251282 0.139205 0.0480549 0.214876 0.0577367 1 
0.153392 0.158165 0.154074 0.0991441 0.147096 0.131416 0.194805 0.00948181 0.0901821 0.196482 0.122926 0.207796 0.525263 0.34289 0.168723 0.0991248 0 0.355429 0.726594 0.991973 0.979132 0.886515 0.651584 0.414609 0.321107 0.70988 0.959134 0.727563 0.478084 0.104506 0.275204 0.414738 0.282789 0.327822 0.325765 0.212298 0.230921 0.243631 0.137993 0.291394 0.254545 0.205617 0.274279 0.141587 0.140034 0.174301 0.264216 0.348607 0.392226 0.532121 0.060757 0.195435 0.319481 0.394737 0.117914 0.115385 0.176136 0.20595 0.15978 0.0369515 0 
0.0575221 0.0767252 0.0134691 0.00142653 0.0489475 0.0956732 0.118236 0.000441014 0.0518288 0.0753611 0.0849284 0.199736 0.195336 0.257296 0.215167 0.26837 0.325562 0.254442 0.208815 0.251391 0.399241 0.456497 0.419307 0.490421 0.612398 0.622315 0.646181 0.724269 0.851258 1 0.868229 0.668389 0.612307 0.635824 0.690703 0.583468 0.496173 0.343142 0.17626 0.147277 0.215402 0.170085 0.192681 0.156016 0.162639 0.108475 0.0660992 0.0455226 0.0429076 0.145455 0.0219124 0.0870185 0.153247 0.347953 0.244898 0.128205 0.244318 0.107551 0.157025 0.0438799 0 
0.371681 0.232319 0.271682 0.0620542 0.276693 0.220371 0.268939 0.123043 0.205834 0.389675 0.356302 0.417644 0.355981 0.363824 0.56124 0.428862 0.235002 0.0856104 0.650326 0.936002 0.771501 0.524793 0.661863 0.915378 0.75543 0.803943 0.8815 0.597674 0.286425 0.0521999 0.0911172 0.0247135 0.0538696 0.40212 0.352153 0.0977823 0.171004 0.368826 0.412924 0.264597 0.0916039 0.261294 0.242985 0.185133 0.30509 0.323642 0.203731 0.0760707 0.143867 0.215758 0.0517928 0.104137 0.298701 0.102339 0.260771 0.238462 0.232955 0.100686 0.129477 0.108545 0 
0.0862832 0.0317188 0.0568331 0.0197337 0.0935836 0.15211 0.155844 0.0167585 0.12202 0.115687 0.163902 0.181565 0.273931 0.23564 0.258 0.185528 0.211895 0.286649 0.37692 0.414491 0.461741 0.556896 0.600932 0.66612 0.823975 0.87036 0.915537 0.893475 0.751319 0.652285 0.65188 0.517075 0.334558 0.221092 0.116498 0.205948 0.223486 0.23812 0.262914 0.211656 0.150434 0.314652 0.330014 0.2185 0.208558 0.176358 0.167693 0.214435 0.164059 0.312727 0.135458 0.0513552 0.0597403 0.0321637 0.0362812 0.112821 0.383523 0.313501 0.0743802 0.133949 0 
0.140855 0.0540077 0.170171 0.121493 0.147096 0.357431 0.354708 0.437927 0.221531 0.20878 0.288955 0.226993 0.190442 0.169434 0.203631 0.218298 0.208372 0.096 0.349043 0.556721 0.420004 0.476127 1 0.864256 0.458811 0.486838 0.600483 0.705949 0.554079 0.331842 0.217875 0.170411 0.0954531 0.329942 0.272067 0.317339 0.246665 0.172299 0.213472 0.130937 0.0374059 0.0339438 0.0925902 0.125741 0.111885 0.0715853 0.0905469 0.0691824 0.11156 0.174545 0.305777 0.53923 0.368831 0.0233918 0.213152 0.235897 0.210227 0.405034 0.297521 0.147806 0 
0.178466 0.189027 0.122536 0.0430338 0.31651 0.328138 0.426136 0.46086 0.11432 0.0640641 0.0853538 0.0915885 0.193897 0.129009 0.182365 0.275697 0.172003 0.246545 0.475805 0.162243 0.4707 0.515898 0.326799 0.566438 0.504201 0.528032 0.370312 0.346439 0.663657 0.857143 0.825068 0.413166 0.304736 0.517223 0.670246 0.729133 0.624426 0.692212 0.893738 0.965359 0.855935 0.878022 1 1 0.854279 0.619035 0.560666 0.556754 0.482585 0.249697 0.205179 0.125535 0.384416 0.251462 0.283447 0.497436 0.0625 0.448513 0.699725 0.401848 0 
0 0.0771539 0.0900131 0.0325725 0.113619 0.192153 0.262987 0.015215 0.161854 0.194909 0.259322 0.342761 0.312365 0.109415 0.00611897 0.182068 0.345664 0.44374 0.517989 0.599743 0.728078 0.821797 0.852601 0.836082 0.892316 0.993942 1 0.963874 0.872869 0.601257 0.185504 0.285441 0.332668 0.508744 0.77938 0.935585 0.857643 0.605594 0.436643 0.314488 0.267979 0.266789 0.406181 0.475779 0.42451 0.305266 0.153749 0.107517 0.145886 0.147879 0.0448207 0.142653 0.181818 0.230994 0.0680272 0.0641026 0.0284091 0.0160183 0.0853994 0.0946882 1 
0.837021 0.495928 0.279566 0.0713267 0.0418463 0.313088 0.645022 0.574642 0.63246 0.752896 0.500071 0.110639 0.0621851 0.156956 0.388805 0.350092 0.278935 0.213299 0.375131 0.828232 0.976497 0.456088 0.0049804 0.195062 0.113525 0.212909 0.11934 0.243413 0.448559 0.627357 0.257875 0.324871 0.513809 0.679915 0.859466 0.853528 0.819703 0.897681 0.891419 0.650218 0.283729 0.103785 0.152205 0.347075 0.741257 0.580362 0.42376 0.577418 0.551237 0.614545 0.227092 0.129815 0.155844 0.219298 0.362812 0.271795 0.53125 0.315789 0.184573 0.184758 1 
0.337758 0.215602 0.264126 0.28388 0.435202 0.797635 0.804924 0.50871 0.556049 0.521379 0.387353 0.391706 0.304736 0.117356 0.155582 0.230816 0.427417 0.580675 0.657479 0.782641 0.822829 0.776403 0.854403 0.730458 0.397746 0.184492 0.305809 0.360642 0.440747 0.603814 0.759346 0.777803 0.7589 0.811659 0.595786 0.582661 0.659742 0.717064 0.62355 0.56634 0.429531 0.211844 0.210138 0.32556 0.270543 0.225315 0.109381 0.0625936 0.220091 0.212121 0.106574 0.263909 0.293506 0.157895 0.0816327 0.128205 0.130682 0.180778 0.0743802 0.0484988 0 
0.0560472 0.088727 0.0627464 0.106277 0.149632 0.18624 0.253517 0.180154 0.098919 0.103532 0.182901 0.0970106 0.0179934 0.163246 0.294714 0.190311 0.0948088 0.132987 0.122765 0.153574 0.189503 0.433596 0.643319 0.68579 0.760553 0.802401 0.689988 0.748868 0.742898 0.615106 0.47564 0.328466 0.512339 0.903975 0.854045 0.669153 0.338399 0.28772 0.245731 0.270261 0.275854 0.43199 0.566662 0.316929 0.107762 0.0256445 0.144332 0.224019 0.18526 0.187879 0.298805 0.148359 0.277922 0.269006 0.0453515 0.238462 0.269886 0.0915332 0.192837 0.235566 0 
0.0258112 0.00471496 0.0837714 0.0932002 0.22597 0.195646 0.228896 0.256891 0.281653 0.310167 0.316461 0.475967 0.449834 0.241415 0.175644 0.192652 0.201948 0.329351 0.602146 0.707299 0.825675 0.822922 0.826852 0.93935 0.949795 0.978081 0.997269 1 0.902192 0.61745 0.367847 0.281285 0.164129 0.152729 0.158126 0.106855 0.0425323 0.0580223 0.0263546 0.0336601 0.0245512 0.123565 0.246864 0.287168 0.313193 0.310614 0.319812 0.328541 0.281676 0.172121 0.27988 0.223966 0.132468 0 0.047619 0.148718 0.0596591 0.1373 0.0440771 0.0508083 1 
0.144543 0.0522932 0 0.0932002 0.163327 0.392636 0.401786 0.253804 0.235599 0.176176 0.0703247 0.019197 0.150137 0.241415 0.426221 0.606554 0.734224 0.805714 0.895434 0.957513 0.911678 0.912074 0.772279 0.501486 0.327766 0.260932 0.219561 0.350041 0.570312 0.59412 0.450245 0.360705 0.41552 0.387069 0.293546 0.20746 0.0832058 0.104294 0.121442 0.0957516 0.148697 0.225397 0.169792 0.228807 0.284333 0.104909 0.131655 0.224319 0.226653 0.162424 0.173307 0.155492 0.0467532 0.108187 0.0975057 0.0692308 0.0596591 0.0823799 0.137741 0.0207852 1 
0.0884956 0.0167167 0.0118265 0.0549215 0.125285 0.222252 0.270022 0.18258 0.225233 0.256685 0.182476 0.12837 0.145818 0.0929153 0.13883 0.208935 0.23925 0.242909 0.354303 0.541631 0.662416 0.871894 1 0.892224 0.838115 0.909021 0.927198 0.902223 0.820211 0.678918 0.582997 0.507751 0.429066 0.524324 0.557124 0.524597 0.524054 0.349277 0.201455 0.117211 0.084308 0.0457875 0.138368 0.0751095 0.00653966 0.0648656 0.0738863 0.0868524 0.0969207 0.113939 0.0249004 0.0413695 0.205195 0.269006 0.204082 0.0512821 0.0965909 0.0572082 0.0798898 0.0554273 0 
0.0626844 0.115302 0.0574901 0.0744175 0.0885113 0.0266058 0.0760281 0.131422 0.269658 0.365365 0.437686 0.446366 0.323593 0.102609 0.125088 0.435477 0.66791 0.69361 0.78603 0.935895 0.984928 0.815254 0.553778 0.630571 0.697029 0.655799 0.378191 0.157163 0.194805 0.351976 0.360654 0.184004 0.183766 0.331638 0.384678 0.50373 0.566696 0.308724 0.247944 0.235403 0.19502 0.235653 0.107979 0.11698 0.19619 0.267142 0.219305 0.252471 0.297325 0.299394 0.11753 0.114123 0.257143 0.0760234 0.185941 0.110256 0.323864 0.0389016 0.247934 0.120092 0 
0.528024 0.53279 0.54205 0.341893 0.348973 0.717012 0.682359 0.36538 0.0579002 0.143143 0.205586 0.428488 0.441198 0.195009 0.200622 0.246082 0.149933 0.212675 0.327688 0.123502 0.220489 0.649525 0.971813 0.975105 0.803176 0.616808 0.465805 0.522746 0.761465 0.493981 0.503433 0.428555 0.386748 0.179544 0 0.417238 0.562541 0.218363 0.175311 0.284532 0.286856 0.538095 0.410966 0.103968 0.169463 0.292649 0.586925 0.882001 0.744069 0.255758 0.359562 0.621969 0.584416 0.818713 0.306122 0.402564 0.494318 0.437071 0.567493 0.117783 1 
0.0420354 0.00900129 0.0243101 0.000713267 0.0895257 0.205052 0.310877 0.208159 0.281505 0.315315 0.309514 0.387456 0.279545 0.0448592 0.116662 0.269286 0.401202 0.509506 0.56417 0.588292 0.657778 0.782538 0.891279 0.982379 1 0.830378 0.585566 0.283244 0 0.203792 0.419946 0.507077 0.517904 0.609327 0.513961 0.372681 0.220643 0.139025 0.158866 0.341285 0.256514 0.289011 0.349929 0.299279 0.245095 0.199808 0.212785 0.259958 0.19788 0.158788 0.0916335 0.0998573 0.171429 0.207602 0.0634921 0.153846 0.0965909 0.0755149 0.030303 0.0715935 1 
0.550885 0.282898 0.153088 0.0798859 0.13264 0.147003 0.318182 0.531863 0.516659 0.621479 0.54771 0.544549 0.586152 0.398268 0.451098 0.525544 0.720858 0.604468 0.161793 0.425942 0.383221 0.41642 0.547526 0.528634 0.299283 0.150237 0.684316 1 0.7222 0.437946 0.503651 0.56785 0.252441 0.081505 0.176741 0.413407 0.465012 0.294686 0.259013 0.251961 0.187493 0.291575 0.238847 0.108348 0.0983793 0.0724081 0.0646505 0.0254567 0.116103 0.0557576 0.155378 0.0328103 0.127273 0.277778 0.235828 0.0282051 0.196023 0.102975 0.292011 0.203233 0 
0.148968 0.143163 0.12385 0.0423205 0.257165 0.285407 0.369318 0.210364 0.158744 0.237952 0.53736 0.568142 0.545415 0.495514 0.649814 0.805109 0.981245 1 0.937618 0.834332 0.800379 0.842552 0.598601 0.571253 0.768955 0.802181 0.537872 0.278407 0.493608 0.64078 0.574496 0.410133 0.343274 0.346476 0.138795 0.135282 0.194511 0.154206 0.0666245 0.248257 0.217834 0.240904 0.0918143 0.206905 0.237276 0.233132 0.331221 0.420186 0.255427 0.271515 0.0946215 0.0328103 0.254545 0.19883 0.160998 0.230769 0.0795455 0.0617849 0.0330579 0.145497 0 
0.0582596 0.0685812 0.125821 0.0715644 0.155719 0.162322 0.267045 0.184785 0.0453132 0.173745 0.143769 0.00542204 0.0662156 0.0452717 0.117665 0.0564828 0.0906642 0.205091 0.335578 0.349101 0.465114 0.876597 0.958249 0.875627 0.682889 0.662628 0.54554 0.643886 0.776989 0.741664 0.583542 0.66412 0.801323 0.935559 0.861614 0.666835 0.401924 0.206613 0.243938 0.386166 0.336653 0.261783 0.38743 0.284076 0.16534 0.0870817 0.0842086 0.126385 0.0878344 0.208485 0.133466 0.189729 0.483117 0.394737 0.133787 0.320513 0.607955 0.19222 0.209366 0.267898 0 
0.159292 0.147878 0.00492773 0.0584879 0.068983 0.203709 0.46131 0.285777 0.146305 0.033462 0.0405501 0.167937 0.300849 0.388264 0.520815 0.680338 0.743135 0.767273 0.758889 0.853061 1 0.884777 0.794108 0.872964 0.904303 0.937218 0.878769 0.639769 0.286729 0.19282 0.273569 0.211301 0.189016 0.139587 0.0832566 0.0274194 0.0789416 0.102943 0.101202 0.145643 0.0874349 0.0468864 0.0985387 0.177918 0.11814 0.0896873 0.152843 0.178197 0.250883 0.379394 0.153386 0.1398 0.238961 0.0350877 0.104308 0.174359 0.150568 0.0800915 0.115702 0.0554273 0 
0.222714 0.407201 0.429041 0.32097 0.407558 0.432142 0.188853 0.296803 0.297349 0.4862 0.21225 0.0618406 0.0473586 0.358771 0.540475 0.537146 0.497461 0.403844 0.160951 0.382812 0.760013 0.972907 0.935361 0.545026 0.515164 0.650402 0.549638 0.529539 0.20627 0.163631 0.580817 0.664907 0.261262 0.176047 0.280863 0.512399 0.634376 0.405532 0.538478 0.655338 0.539317 0.283394 0.253071 0.225329 0.185385 0.0818705 0.203549 0.313567 0.255931 0.192727 0.194223 0.275321 0.631169 0.353801 0.145125 0.34359 0.252841 0.320366 0.0964187 0.224018 0 
0.130531 0.257608 0.119251 0.170233 0.335024 0.190003 0.144751 0.0361632 0.142455 0.153439 0.134411 0.200029 0.480207 0.433742 0.374962 0.569815 0.629676 0.666494 0.700926 0.514769 0.515072 0.628054 0.772067 0.770106 0.567623 0.434079 0.388696 0.223652 0.0580357 0 0.145395 0.459335 0.577444 0.378696 0.232382 0.57369 0.929477 0.834564 0.337234 0.32854 0.664273 0.771917 0.350317 0.182814 0.17913 0.176632 0.143064 0.248278 0.262494 0.261818 0.358566 0.46077 0.327273 0.321637 0.231293 0.0512821 0.119318 0.0778032 0.305785 0.159353 0 
