sonar 61 105
0.373894 0.184741 0.054205 0.0556348 0.0720264 0.287288 0.331169 0.24763 0.175181 0.345488 0.344109 0.313306 0.243846 0.0732185 0.0654027 0.136475 0.142369 0.204052 0.154429 0.0790882 0.279511 0.579593 0.748967 0.843561 0.940984 0.998458 0.968379 1 0.860998 0.678172 0.788556 0.775219 0.495642 0.166826 0.0894958 0.137702 0.0781763 0.10991 0.164242 0.022658 0.130863 0.0332112 0.0694426 0.168642 0.129372 0.103812 0.191778 0.300988 0.270066 0.284848 0.154382 0.216833 0.0623377 0.119883 0.126984 0.217949 0.389205 0.308924 0.209366 0.0577367 1 
0.0899705 0.124732 0.03318 0.00570613 0.0441288 0.0405805 0.0665584 0.016538 0.0613061 0.108823 0.114987 0.124267 0.130992 0.0773435 0.0571772 0.0757175 0.099886 0.247584 0.333053 0.493686 0.55839 0.609549 0.562891 0.450773 0.531148 0.70999 0.904297 1 0.822139 0.514328 0.31248 0.0531341 0.117925 0.419396 0.64979 0.736895 0.832276 0.739316 0.677209 0.500654 0.231036 0.201221 0.352774 0.517392 0.586437 0.475864 0.496016 0.536089 0.465422 0.334545 0.168327 0.104137 0.0909091 0.0438596 0.0680272 0.138462 0.181818 0.0732265 0.115702 0.0623557 1 
0.0412979 0.0415774 0.0394218 0.103661 0.0471722 0.189196 0.180736 0.150606 0.00621946 0.112255 0 0.193142 0.180366 0.078581 0.139733 0.108386 0.0562636 0.173714 0.0350305 0.0928938 0.265493 0.14201 0.0110205 0.121606 0.0158811 0.0806256 0.306545 0.470461 0.513596 0.521466 0.612534 0.627387 0.660191 0.920509 1 0.95131 0.886508 0.695643 0.666878 0.676362 0.54916 0.501221 0.364154 0.21966 0.202019 0.13316 0.159181 0.258461 0.179202 0.282424 0.250996 0.0499287 0.111688 0.192982 0.267574 0.258974 0.144886 0.0663616 0.198347 0.13164 0 
0.0575221 0.11273 0.0663601 0.0668093 0.0603601 0.287557 0.383387 0.128556 0.0984748 0.178321 0.261307 0.513189 0.511588 0.247499 0.230916 0.529717 0.72148 0.756779 0.607721 0.40015 0.402403 0.419896 0.527816 0.729536 0.85543 0.888644 0.939069 0.938349 0.936993 0.848194 0.741362 0.707257 0.742413 0.907366 0.991715 0.992137 0.991472 0.83238 0.657179 0.511874 0.29612 0.209158 0.146903 0.0903118 0.224339 0.265771 0.20029 0.207547 0.088844 0.248485 0.307769 0.291013 0.223377 0.134503 0.181406 0.225641 0.190341 0.258581 0.162534 0.240185 0 
0.306047 0.384055 0.268725 0.179505 0.0248542 0.0470304 0.145022 0.441455 0.56449 1 1 0.70296 0.405355 0.173043 0.274451 0.363831 0.223604 0.221506 0.29434 0.451092 0.633959 0.841938 0.972343 1 0.658299 0.484855 0.372203 0.325237 0.415483 0.380207 0.426267 0.0851494 0.405229 0.672072 0.608469 0.432762 0.411874 0.338775 0.442863 0.462963 0.301563 0.519658 0.537308 0.234991 0.211402 0.0189248 0.210793 0.614555 0.539626 0.241212 0.207171 0.239658 0.498701 0.584795 0.306122 0.115385 0.0681818 0.363844 0.15978 0.034642 1 
0.249263 0.303043 0.102168 0.0508797 0.076845 0.185434 0.284091 0.139361 0.0330224 0.109681 0.111867 0.10888 0.297395 0.262555 0.207443 0.109709 0.139882 0.0585974 0.0628024 0.0806935 0.0796796 0.299765 0.0918724 0.207458 0.565164 0.766054 0.701439 0.588102 0.551847 0.605305 0.782234 0.958886 0.835766 0.698993 0.834305 1 1 0.778101 0.556188 0.36634 0.257672 0.274481 0.381223 0.433265 0.428917 0.300741 0.238319 0.322851 0.282181 0.0424242 0.0976096 0.221113 0.615584 0.0964912 0.444444 0.266667 0.0965909 0.212815 0.253444 0.108545 0 
0.279499 0.177454 0.14159 0.117214 0.134415 0.353131 0.249729 0.164719 0.228491 0.349635 0.395435 0.464244 0.462934 0.379293 0.333133 0.212701 0.179981 0.194597 0.303808 0.419735 0.628373 0.663429 0.682844 0.75607 0.768955 0.643904 0.724026 0.777069 0.961343 1 0.828774 0.578971 0.517904 0.5062 0.29508 0.283972 0.206976 0.0599979 0.201982 0.338889 0.358309 0.467155 0.418984 0.119299 0.166761 0.0776193 0.138718 0.290207 0.29682 0.0606061 0.11753 0.196862 0.0909091 0.304094 0.0589569 0.148718 0.278409 0.148741 0.143251 0.187067 1 
0.162242 0.0917274 0.0499343 0.108892 0.172204 0.273851 0.331439 0.366483 0.444099 0.441298 0.376719 0.329426 0.334821 0.15809 0.13863 0.290759 0.340483 0.364883 0.261519 0.167273 0.117201 0.114917 0.157147 0.363897 0.566701 0.729596 0.832545 0.850453 0.902192 1 0.998801 0.843406 0.623228 0.611977 0.676281 0.775302 0.845506 0.732349 0.624499 0.609041 0.471685 0.403541 0.490754 0.637722 0.621695 0.329676 0.204274 0.495358 0.470974 0.272727 0.213147 0.303852 0.381818 0.21345 0.117914 0.0487179 0.153409 0.112128 0.0716253 0.034642 1 
0.528024 0.53279 0.54205 0.341893 0.348973 0.717012 0.682359 0.36538 0.0579002 0.143143 0.205586 0.428488 0.441198 0.195009 0.200622 0.246082 0.149933 0.212675 0.327688 0.123502 0.220489 0.649525 0.971813 0.975105 0.803176 0.616808 0.465805 0.522746 0.761465 0.493981 0.503433 0.428555 0.386748 0.179544 0 0.417238 0.562541 0.218363 0.175311 0.284532 0.286856 0.538095 0.410966 0.103968 0.169463 0.292649 0.586925 0.882001 0.744069 0.255758 0.359562 0.621969 0.584416 0.818713 0.306122 0.402564 0.494318 0.437071 0.567493 0.117783 1 
0.2441 0.215602 0.021025 0.0439848 0.0925691 0.170116 0.244859 0.237927 0.170739 0.199485 0.215511 0.315651 0.397726 0.267402 0.399137 0.525443 0.532276 0.566026 0.583526 0.652076 0.692664 0.784276 0.924128 0.977564 0.973156 1 0.968694 0.995471 0.820921 0.576009 0.5297 0.501348 0.320172 0.143508 0.0739491 0.154536 0.270391 0.312675 0.279148 0.308061 0.303185 0.319902 0.265744 0.266555 0.231021 0.166758 0.183448 0.222821 0.194851 0.0606061 0.145418 0.0456491 0.303896 0.283626 0.240363 0.251282 0.139205 0.0480549 0.214876 0.0577367 1 
0.216077 0.142735 0.0614323 0.197575 0.381182 0.442892 0.239989 0.286218 0.224789 0.383526 0.432015 0.396249 0.204981 0.315768 0.496941 0.725931 0.725417 0.818494 0.873028 0.963292 1 0.867805 0.626046 0.58744 0.817418 0.752726 0.591449 0.402532 0.288758 0.078939 0.213188 0.586385 0.533235 0.715527 0.723637 0.699798 0.55948 0.107934 0.460363 0.685512 0.464968 0.381197 0.307384 0.361762 0.195337 0.155787 0.187251 0.20605 0.213024 0.141818 0.0697211 0.226819 0.316883 0.374269 0.190476 0.120513 0.0738636 0.272311 0.151515 0.0323326 0 
0.0154867 0.0308616 0.0252957 0.0782216 0.117423 0.294276 0.327381 0.214112 0.172368 0.110825 0.0918758 0.14786 0.203685 0.130865 0.182064 0.15978 0.116879 0.142649 0.101094 0.09878 0.183917 0.179532 0.297234 0.572585 0.846824 1 0.837903 0.652532 0.549919 0.352828 0.299837 0.185352 0.151528 0.213567 0.299069 0.220565 0.0485458 0.0379536 0.0838077 0.201743 0.26161 0.299267 0.256433 0.122133 0.132357 0.132337 0.0689967 0.130279 0.169611 0.0666667 0.0786853 0.158345 0.12987 0.0730994 0.0680272 0 0.0426136 0.105263 0.0633609 0.0230947 0 
0.0589971 0.129447 0.172142 0.0839277 0.138473 0.251814 0.265963 0.295259 0.372723 0.519377 0.558628 0.624707 0.751403 0.415592 0.331227 0.339304 0.318827 0.257247 0.375342 0.661066 0.752319 0.659544 0.544665 0.589694 0.639754 0.84734 0.980985 0.936188 0.841213 0.581762 0.536349 0.7286 0.577549 0.321357 0.0299683 0.310181 0.354144 0.363731 0.563462 0.45719 0.311639 0.529548 0.556317 0.622391 0.722775 0.267691 0.278703 0.610063 0.532055 0.304242 0.355578 0.24679 0.0363636 0.269006 0.287982 0.0923077 0.110795 0.0617849 0.0826446 0.0623557 1 
0.234513 0.092156 0.0837714 0.100571 0.155212 0.236227 0.219156 0.246307 0.101288 0.115401 0.168155 0.0419109 0.13459 0.0718779 0.114655 0.154285 0.133976 0.0862338 0 0.0950342 0.313343 0.605971 0.909505 0.934843 0.864447 0.864743 0.847988 0.879889 1 0.818472 0.666921 0.572343 0.550142 0.704505 0.675258 0.510282 0.2623 0.101383 0.124394 0.27549 0.18923 0.223077 0.355102 0.212703 0.0817458 0.0953099 0.108294 0.136568 0.0106007 0.0824242 0.0358566 0.0199715 0.0701299 0.146199 0.108844 0.151282 0.397727 0.295195 0.137741 0.0808314 0 
0.0176991 0.0244321 0.0450066 0.0660961 0.0616282 0.0489116 0.0982143 0.0478501 0.0367244 0.048477 0.0287821 0.111372 0.178494 0.0949778 0.0598856 0.0758193 0.0857942 0.109506 0.0766884 0.0479452 0.140704 0.357428 0.404684 0.560189 0.657172 0.721996 0.753546 0.851276 0.971591 0.917013 0.765123 0.764435 0.764465 0.61929 0.490744 0.445464 0.393177 0.405324 0.427577 0.395643 0.186682 0.0555556 0.102548 0.163489 0.217941 0.0946242 0.0727997 0.159928 0.115093 0.0884848 0.061753 0.0770328 0.298701 0.122807 0.113379 0.228205 0.110795 0 0.143251 0.0692841 0 
0.0575221 0.0767252 0.0134691 0.00142653 0.0489475 0.0956732 0.118236 0.000441014 0.0518288 0.0753611 0.0849284 0.199736 0.195336 0.257296 0.215167 0.26837 0.325562 0.254442 0.208815 0.251391 0.399241 0.456497 0.419307 0.490421 0.612398 0.622315 0.646181 0.724269 0.851258 1 0.868229 0.668389 0.612307 0.635824 0.690703 0.583468 0.496173 0.343142 0.17626 0.147277 0.215402 0.170085 0.192681 0.156016 0.162639 0.108475 0.0660992 0.0455226 0.0429076 0.145455 0.0219124 0.0870185 0.153247 0.347953 0.244898 0.128205 0.244318 0.107551 0.157025 0.0438799 0 
0.457227 0.301329 0.14389 0.0653828 0.0299265 0.311207 0.265693 0.410805 0.486747 0.541542 0.621721 0.790739 0.766086 0.419717 0.303039 0.338897 0.375712 0.363636 0.503471 0.700128 0.757799 0.85298 0.860973 0.921729 1 0.962771 0.981301 0.728283 0.407265 0.245552 0.304959 0.369131 0.312192 0.280975 0.065562 0.367339 0.469932 0.322866 0.152435 0.111656 0.0995947 0.313187 0.576878 0.608864 0.46389 0.195145 0.0706266 0.121593 0.156991 0.104242 0.153386 0.0570613 0.0519481 0.225146 0.14966 0.233333 0.235795 0.187643 0.107438 0.103926 1 
0.105457 0.0998714 0.0443495 0.103661 0.233578 0.35555 0.386905 0.25667 0.24019 0.25883 0.293776 0.363863 0.412408 0.279777 0.220183 0.161103 0.21863 0.283117 0.323795 0.388164 0.395868 0.359472 0.426195 0.599836 0.715266 0.735103 0.864061 1 0.98123 0.70033 0.58485 0.425522 0.344324 0.32337 0.176025 0.13246 0.144216 0.0927524 0.136517 0.267647 0.219803 0.332234 0.208587 0.171992 0.280921 0.169227 0.28142 0.316562 0.24735 0.117576 0.222112 0.161198 0.267532 0.137427 0.0498866 0.192308 0.0880682 0.0983982 0.0578512 0.034642 1 
0.199853 0.191599 0.086071 0.0275796 0.0803956 0.238646 0.316017 0.392062 0.300607 0.418418 0.382674 0.588218 0.88657 0.817263 1 1 0.949021 0.898701 0.709026 0.477954 0.164629 0.385032 0.56448 0.269747 0.184734 0.535411 0.5156 0.356731 0.331473 0.474486 0.55564 0.49135 0.296335 0.210493 0.121101 0.279839 0.37787 0.392534 0.388256 0.346296 0.271801 0.316728 0.0934954 0.159495 0.169463 0.149342 0.112821 0.147948 0.133266 0.0981818 0.103586 0.0527817 0.0233766 0.0818713 0.015873 0.217949 0.153409 0.0549199 0.137741 0.12933 0 
0.0258112 0.00471496 0.0837714 0.0932002 0.22597 0.195646 0.228896 0.256891 0.281653 0.310167 0.316461 0.475967 0.449834 0.241415 0.175644 0.192652 0.201948 0.329351 0.602146 0.707299 0.825675 0.822922 0.826852 0.93935 0.949795 0.978081 0.997269 1 0.902192 0.61745 0.367847 0.281285 0.164129 0.152729 0.158126 0.106855 0.0425323 0.0580223 0.0263546 0.0336601 0.0245512 0.123565 0.246864 0.287168 0.313193 0.310614 0.319812 0.328541 0.281676 0.172121 0.27988 0.223966 0.132468 0 0.047619 0.148718 0.0596591 0.1373 0.0440771 0.0508083 1 
0.178466 0.189027 0.122536 0.0430338 0.31651 0.328138 0.426136 0.46086 0.11432 0.0640641 0.0853538 0.0915885 0.193897 0.129009 0.182365 0.275697 0.172003 0.246545 0.475805 0.162243 0.4707 0.515898 0.326799 0.566438 0.504201 0.528032 0.370312 0.346439 0.663657 0.857143 0.825068 0.413166 0.304736 0.517223 0.670246 0.729133 0.624426 0.692212 0.893738 0.965359 0.855935 0.878022 1 1 0.854279 0.619035 0.560666 0.556754 0.482585 0.249697 0.205179 0.125535 0.384416 0.251462 0.283447 0.497436 0.0625 0.448513 0.699725 0.401848 0 
0.205015 0.159451 0.0795007 0.000951022 0.0159777 0.13706 0.233225 0.231974 0.132978 0.0912341 0.0338863 0.142585 0.227292 0.182118 0.270438 0.219723 0.241115 0.26587 0.294656 0.455265 0.515388 0.617319 0.663664 0.746645 0.846721 0.883027 0.992436 0.910869 0.703734 0.607755 0.61515 0.475623 0.243621 0.159936 0.147489 0.250101 0.26066 0.293855 0.24805 0.192048 0.138043 0.301099 0.274279 0.232028 0.209411 0.09339 0.197573 0.275232 0.200404 0.112727 0.0756972 0.0813124 0.174026 0.28655 0.102041 0.251282 0.107955 0.118993 0.134986 0.187067 0 
0.258112 0.696957 0.532523 0.324061 0.269592 0.323569 0.5625 0.487982 0.431956 0.517947 0.39033 0.0221278 0.359148 0.528411 0.61922 0.722064 0.829033 0.676675 0.416158 0.349422 0.536783 0.749003 0.821024 1 0.873156 0.6797 0.685786 0.486826 0.385349 0.409396 0.391281 0.0414514 0.0993384 0.0200318 0.345096 0.682157 0.735294 0.3342 0.0254059 0.316993 0.417603 0.465446 0.307772 0.265267 0.325277 0.233681 0.287396 0.536688 0.515901 0.18303 0.222112 0.145506 0.171429 0.570175 0.358277 0.151282 0.213068 0.208238 0.300275 0.143187 0 
0.0855457 0.0835834 0.00985545 0.0378031 0.0413391 0.101854 0.191829 0.061301 0.191619 0.281138 0.284418 0.257034 0.143947 0.166856 0.292707 0.527275 0.673609 0.784208 0.81275 0.709974 0.720911 0.787138 0.794108 0.477308 0.173566 0.220619 0.606576 0.85035 0.895089 0.76787 0.510736 0.498315 0.373937 0.339057 0.26859 0.229133 0.256724 0.422065 0.416614 0.348257 0.0966995 0.196947 0.478728 0.395774 0.134347 0.211876 0.252445 0.231207 0.310449 0.278788 0.110558 0.228245 0.21039 0.102339 0.126984 0.15641 0.0767045 0.144165 0.077135 0.108545 1 
0.550885 0.282898 0.153088 0.0798859 0.13264 0.147003 0.318182 0.531863 0.516659 0.621479 0.54771 0.544549 0.586152 0.398268 0.451098 0.525544 0.720858 0.604468 0.161793 0.425942 0.383221 0.41642 0.547526 0.528634 0.299283 0.150237 0.684316 1 0.7222 0.437946 0.503651 0.56785 0.252441 0.081505 0.176741 0.413407 0.465012 0.294686 0.259013 0.251961 0.187493 0.291575 0.238847 0.108348 0.0983793 0.0724081 0.0646505 0.0254567 0.116103 0.0557576 0.155378 0.0328103 0.127273 0.277778 0.235828 0.0282051 0.196023 0.102975 0.292011 0.203233 0 
0.791298 0.545221 0.299277 0.279601 0.306619 0.437786 0.518128 0.927674 1 0.807665 0.630086 0.311547 0.120772 0.271321 0.469656 0.457663 0.110455 0.0492468 0.290659 0.893729 0.927487 0.474082 0.0829713 0.139842 0.25584 0.516356 0.333333 0.602614 0.540381 0.837435 0.561962 0.566053 0.483986 0.640276 0.846272 0.839315 0.882244 0.910159 0.773983 0.519063 0.389577 0.538828 0.593043 0.578588 0.798408 0.590373 0.171134 0.237796 0.138314 0.186667 0.139442 0.63766 0.54026 0.210526 0.267574 0.417949 0.284091 0.462243 0.487603 0.418014 1 
0.957227 1 1 1 1 0.45391 0.492424 0 0.274545 0.302874 0.37119 0.296454 0.424932 0.312365 0.364028 0.386118 0.418299 0.446234 0.500842 0.329516 0.182441 0.179327 0.399915 0.644709 0.494877 0.206521 0.386805 0.583162 0.517248 0.379781 0.352262 0.221411 0.0405334 0.129836 0.273397 0.453327 0.368904 0.310804 0.361796 0.442702 0.375565 0.324176 0.213759 0.251353 0.39963 0.308009 0.347881 0.449236 0.335689 0.233939 0.155378 0.504993 0.532468 0.421053 0.394558 0.0230769 0.292614 0.283753 0.487603 0.51963 1 
0.323009 0.221603 0.272011 0.150024 0.283033 0.666756 0.574405 0.755458 0.483045 0.394537 0.656316 0.925557 0.969483 0.77591 0.745611 0.944637 1 0.883013 0.792131 0.766481 0.495363 0.391882 0.359648 0.376498 0.308402 0.251019 0.293098 0.255558 0.434152 0.15074 0.360327 0.285666 0.158248 0.225649 0.11077 0.413508 0.380932 0.0700842 0.15486 0.201852 0.152171 0.0643468 0.181172 0.20974 0.0882855 0.0278387 0.0959797 0.222222 0.206461 0.0739394 0.124502 0.108417 0.218182 0.111111 0.199546 0.479487 0.389205 0.105263 0.140496 0.0877598 0 
0.256637 0.202315 0.0929698 0.0361388 0.34035 0.487503 0.356061 0.34355 0.241078 0.190333 0.241032 0.281067 0.385634 0.340002 0.396128 0.427132 0.516527 0.616 0.683884 0.725492 0.829153 0.861057 0.895518 0.941809 0.952459 1 0.952411 0.973755 0.894683 0.701289 0.542779 0.309144 0.215058 0.186222 0.201084 0.146472 0.0393615 0.115941 0.145899 0.235185 0.111407 0.1221 0.25514 0.217985 0.267415 0.16141 0.141072 0.148248 0.248359 0.235152 0.249004 0.152639 0.480519 0.131579 0.204082 0.117949 0.178977 0.254005 0.198347 0.0623557 1 
0.153392 0.158165 0.154074 0.0991441 0.147096 0.131416 0.194805 0.00948181 0.0901821 0.196482 0.122926 0.207796 0.525263 0.34289 0.168723 0.0991248 0 0.355429 0.726594 0.991973 0.979132 0.886515 0.651584 0.414609 0.321107 0.70988 0.959134 0.727563 0.478084 0.104506 0.275204 0.414738 0.282789 0.327822 0.325765 0.212298 0.230921 0.243631 0.137993 0.291394 0.254545 0.205617 0.274279 0.141587 0.140034 0.174301 0.264216 0.348607 0.392226 0.532121 0.060757 0.195435 0.319481 0.394737 0.117914 0.115385 0.176136 0.20595 0.15978 0.0369515 0 
0.323746 0.199743 0.224047 0.228959 0.337307 0.373824 0.393398 0.157883 0.162298 0.223366 0.355877 0.452374 0.551029 0.414871 0.533554 0.534195 0.675681 0.796883 0.915211 0.911066 1 0.997137 0.903889 0.786702 0.662398 0.484965 0.324719 0.226431 0.306108 0.336849 0.289482 0.147046 0.258322 0.532273 0.583308 0.54002 0.45539 0.311532 0.29981 0.22451 0.152171 0.314774 0.385361 0.262432 0.164202 0.126029 0.159725 0.0682839 0.191822 0.172121 0.136454 0.159772 0.0961039 0.666667 0.278912 0.205128 0.610795 0.727689 0.421488 0.108545 1 
0.0818584 0.219889 0.19908 0.109368 0.254882 0.667831 0.614448 0.44366 0.494743 0.596454 0.386502 0.142292 0.448395 0.560379 0.695255 0.97588 1 0.926545 0.601304 0.420591 0.473124 0.492076 0.690792 0.838131 0.80625 0.745567 0.800924 0.609201 0.224432 0.211143 0.634005 0.714222 0.254752 0.443137 0.849545 0.715726 0.486551 0.569096 0.487244 0.299455 0.0279097 0.135653 0.353938 0.362278 0.295422 0.0905101 0.0889171 0.103324 0.0868248 0.347879 0.0268924 0.285307 0.111688 0.552632 0.272109 0.0461538 0.0965909 0.0709382 0.311295 0.163972 0 
0.141593 0.226747 0.104796 0.180694 0.170682 0.0596614 0.239448 0.223815 0.218866 0.160303 0.213668 0.227286 0.153016 0.237599 0.334938 0.389579 0.134494 0.196468 0.286661 0.502997 0.805965 1 0.86235 0.681283 0.620799 0.530565 0.549007 0.585838 0.421774 0.153936 0.0564578 0.207032 0.192271 0.399046 0.316457 0.165927 0.117866 0.185609 0.168248 0.22037 0.383787 0.240171 0.100608 0.11917 0.339494 0.466264 0.469757 0.330039 0.459869 0.56 0.170319 0.0356633 0.116883 0.526316 0.219955 0.3 0.110795 0.199085 0.190083 0.214781 1 
0.136431 0.156451 0.135677 0.0354256 0.224956 0.237571 0.407468 0.340904 0.449282 0.285714 0.187154 0.197245 0.295667 0.0383624 0.0630956 0.214838 0.285048 0.272623 0.482222 0.443172 0.555544 0.496064 0.398962 0.544104 0.663012 0.605133 0.695766 0.802388 0.674412 0.345584 0.0899183 0.247135 0.487661 0.777424 0.850363 0.849496 0.693309 0.594156 0.481973 0.286166 0.0173712 0.339194 0.365317 0.548312 0.375462 0.190071 0.19033 0.402216 0.193337 0.392727 0.231076 0.0271041 0.155844 0.435673 0.14966 0.417949 0.502841 0.185355 0.245179 0.0600462 0 
0.179204 0.183026 0.17477 0.148122 0.181841 0.308519 0.341721 0.369129 0.402636 0.406263 0.314334 0.346571 0.297251 0.189956 0.124285 0.104926 0.149725 0.188052 0.121187 0.00898973 0.0119098 0.221041 0.451521 0.628317 0.747029 0.88534 0.993802 0.995574 0.931818 0.930116 0.91248 0.818468 0.670797 0.654796 0.629539 0.660181 0.615788 0.434855 0.290744 0.440196 0.459178 0.485348 0.543256 0.587091 0.562269 0.406747 0.379392 0.466607 0.446239 0.321212 0.120518 0.118402 0.148052 0.0263158 0.0884354 0.192308 0.0795455 0.1373 0.129477 0.101617 1 
0.218289 0.207887 0.222405 0.183785 0.00304337 0.026337 0.256494 0.211907 0.288761 0.0935221 0.209556 0.33983 0.378293 0.252552 0.320594 0.335945 0.522847 0.782961 0.901536 0.86098 0.754637 0.27993 0.379888 0.594611 0.301025 0.28208 0.596386 0.799197 0.623478 0.467242 0.582888 0.702763 0.382968 0.111076 0.231564 0.463306 0.550077 0.28772 0.18638 0.188562 0.15275 0.277411 0.131256 0.0918578 0.0874325 0.106829 0.137812 0.25307 0.298839 0.0824242 0.0886454 0.112696 0.0701299 0.350877 0.412698 0.248718 0.642045 0.409611 0.123967 0.073903 0 
0.0862832 0.0317188 0.0568331 0.0197337 0.0935836 0.15211 0.155844 0.0167585 0.12202 0.115687 0.163902 0.181565 0.273931 0.23564 0.258 0.185528 0.211895 0.286649 0.37692 0.414491 0.461741 0.556896 0.600932 0.66612 0.823975 0.87036 0.915537 0.893475 0.751319 0.652285 0.65188 0.517075 0.334558 0.221092 0.116498 0.205948 0.223486 0.23812 0.262914 0.211656 0.150434 0.314652 0.330014 0.2185 0.208558 0.176358 0.167693 0.214435 0.164059 0.312727 0.135458 0.0513552 0.0597403 0.0321637 0.0362812 0.112821 0.383523 0.313501 0.0743802 0.133949 0 
0.154867 0.00557222 0.0197109 0.00927247 0.0958661 0.216071 0.231602 0.132304 0.22938 0.191477 0.163477 0.104338 0.062473 0.141075 0.0679105 0.0694077 0.232204 0.239377 0.273511 0.430437 0.573988 0.718331 0.86998 0.919475 0.926434 0.993612 1 0.904385 0.852374 0.711622 0.655804 0.636599 0.536701 0.609963 0.619004 0.542238 0.484911 0.372465 0.180898 0.167102 0.170932 0.0727717 0.0980215 0.0626127 0.0501848 0.0407296 0.0436436 0.113507 0.0600707 0.0884848 0.0507968 0.0370899 0.322078 0.263158 0.0861678 0.135897 0.0767045 0.0732265 0.0550964 0.0484988 0 
0.430678 0.2006 0.158673 0.0782216 0.243216 0.180328 0.221861 0.0864388 0.150896 0.034034 0.183326 0.26187 0.299986 0.263587 0.379978 0.458274 0.65672 0.859429 0.932779 0.932256 0.909781 0.914324 0.92699 0.856982 0.726127 0.533319 0.3867 0.394092 0.406047 0.270161 0.267466 0.310604 0.280584 0.415474 0.385701 0.414819 0.45714 0.419673 0.460257 0.361002 0.328199 0.40464 0.322385 0.341407 0.248507 0.127811 0.0959797 0.0242588 0.17264 0.166061 0.0278884 0.00713267 0 0.634503 0.460317 0.197436 0.323864 0.254005 0.305785 0.21709 1 
0.0855457 0.163309 0.103154 0.00475511 0.165864 0.332975 0.431006 0.407277 0.375389 0.44044 0.45073 0.513189 0.413272 0.170465 0.135821 0.199471 0.249611 0.436468 0.630444 0.69542 0.790261 0.787752 0.872099 1 0.986168 0.942064 0.944742 0.929498 0.830154 0.59657 0.358583 0.271624 0.164339 0.209645 0.204562 0.125706 0.0185874 0.0244359 0.110162 0.146296 0.0562826 0.121978 0.211949 0.246844 0.296417 0.320214 0.355668 0.389338 0.319536 0.221818 0.136454 0.202568 0.184416 0.0643275 0.0702948 0.171795 0.105114 0.01373 0.0385675 0.182448 1 
0.327434 0.184741 0.109067 0.0946267 0 0.211771 0.477543 0.371775 0.225529 0.185185 0.340848 0.442995 0.627753 0.568423 0.445381 0.210564 0.188063 0.29361 0.254681 0.383027 0.416105 0.220939 0.620112 0.894068 0.889139 0.727833 0.667822 0.834294 1 0.825503 0.538965 0.468771 0.797018 0.716587 0.377621 0.148992 0.136344 0.184881 0.506747 0.50817 0.229763 0.432601 0.360145 0.232801 0.0500426 0.0648656 0.0583122 0.122192 0.0822817 0.106667 0.120518 0.0841655 0.0701299 0.289474 0.358277 0.376923 0.190341 0.187643 0.319559 0.115473 0 
0.182153 0.246892 0.35611 0.243699 0.230028 0.585327 0.64881 0.819405 0.817859 0.869584 0.85694 1 0.771556 0.52047 0.646805 0.688887 0.66418 0.745558 0.887334 0.852205 0.786467 0.666394 0.395253 0.349247 0.521619 0.164335 0.482088 0.849012 0.597808 0.841696 0.875204 0.521344 0.145437 0.264653 0.410044 0.29869 0.63033 0.662681 0.527514 0.501307 0.496468 0.309035 0.275314 0.286266 0.300114 0.024136 0.244114 0.222821 0.0656234 0.128485 0.0328685 0.319544 0.418182 0.248538 0.394558 0.615385 0.889205 0.368421 0.258953 0.166282 0 
0.0582596 0.259323 0.368265 0.27223 0.0852143 0.302338 0.666126 0.994708 0.964312 0.710139 0.434 0.0876319 0.405931 0.379911 0.374962 0.373092 0.0930474 0.102649 0.22975 0.913099 0.976707 0.308455 0.146339 0.167503 0.0660861 0.277784 0.259691 0.578839 0.448458 0.71599 0.162071 0.26803 0.602226 0.897615 0.858955 0.9375 0.872075 0.945929 0.669408 0.470479 0.556225 0.458242 0.201345 0.186679 0.378448 0.247669 0.307678 0.766397 0.569914 0.243636 0.478088 0.322397 0.441558 1 0.344671 0.825641 0.5625 0.377574 0.672176 0.341801 1 
0.0626844 0.115302 0.0574901 0.0744175 0.0885113 0.0266058 0.0760281 0.131422 0.269658 0.365365 0.437686 0.446366 0.323593 0.102609 0.125088 0.435477 0.66791 0.69361 0.78603 0.935895 0.984928 0.815254 0.553778 0.630571 0.697029 0.655799 0.378191 0.157163 0.194805 0.351976 0.360654 0.184004 0.183766 0.331638 0.384678 0.50373 0.566696 0.308724 0.247944 0.235403 0.19502 0.235653 0.107979 0.11698 0.19619 0.267142 0.219305 0.252471 0.297325 0.299394 0.11753 0.114123 0.257143 0.0760234 0.185941 0.110256 0.323864 0.0389016 0.247934 0.120092 0 
0 0.0771539 0.0900131 0.0325725 0.113619 0.192153 0.262987 0.015215 0.161854 0.194909 0.259322 0.342761 0.312365 0.109415 0.00611897 0.182068 0.345664 0.44374 0.517989 0.599743 0.728078 0.821797 0.852601 0.836082 0.892316 0.993942 1 0.963874 0.872869 0.601257 0.185504 0.285441 0.332668 0.508744 0.77938 0.935585 0.857643 0.605594 0.436643 0.314488 0.267979 0.266789 0.406181 0.475779 0.42451 0.305266 0.153749 0.107517 0.145886 0.147879 0.0448207 0.142653 0.181818 0.230994 0.0680272 0.0641026 0.0284091 0.0160183 0.0853994 0.0946882 1 
0.138643 0.0492928 0.119908 0.0166429 0.119199 0.207471 0.267316 0.175744 0.157115 0.233662 0.270665 0.364156 0.276522 0.149943 0.201525 0.165276 0.100404 0.195844 0.196087 0.262307 0.357715 0.34884 0.449931 0.644606 0.77582 0.823218 0.913856 0.976225 0.892147 0.682753 0.655913 0.52404 0.359761 0.296449 0.137261 0.0912298 0.202165 0.193408 0.249315 0.221678 0.240649 0.378266 0.273115 0.127673 0.084447 0.266045 0.350779 0.324049 0.169611 0.214545 0.208167 0.179743 0.231169 0.108187 0.0884354 0.0974359 0.0710227 0.0755149 0.0330579 0.0230947 1 
0.00737463 0.129876 0.0512484 0.0404184 0.0930763 0.301532 0.517857 0.354135 0.19147 0.188331 0.0999575 0.295135 0.32532 0.305868 0.301735 0.228781 0.00186509 0.134753 0.26762 0.365261 0.326834 0.181474 0.42895 0.677185 0.720492 0.686309 0.695556 0.847262 1 0.753915 0.475095 0.372164 0.590045 0.519131 0.24169 0.0842742 0.0651651 0.197983 0.327746 0.215468 0.17846 0.352259 0.285917 0.196341 0.106056 0.0831048 0.125317 0.133573 0.17365 0.0993939 0.10757 0.201141 0.187013 0.0760234 0.244898 0.207692 0.278409 0.0297483 0.0743802 0.0184758 0 
0.109882 0.266181 0.237516 0.130766 0.0420999 0.254233 0.353084 0.129879 0.214275 0.0953811 0.212959 0.358294 0.230891 0.0789935 0.195506 0.31264 0.352191 0.229714 0.335157 0.305223 0.536889 0.512422 0.519869 0.687942 0.62623 0.642802 0.842315 0.796727 0.651278 0.849899 0.672807 0.55774 0.277329 0.376365 0.26368 0.0801411 0.324513 0.400749 0.150748 0.394989 0.494152 0.190232 0.322514 0.412523 0.322007 0.157159 0.0862007 0.28242 0.415952 0.207273 0.243028 0.356633 0.358442 0.631579 0.410431 0.464103 0.303977 0.208238 0.212121 0.244804 1 
0.14823 0.0895842 0.0847569 0.0192582 0.0735481 0.183553 0.236201 0.188093 0.159337 0.12298 0.12959 0.126905 0.145099 0.153553 0.236634 0.201099 0.163714 0.144416 0.0265096 0.0651755 0.157357 0.138227 0.216382 0.527303 0.840164 1 0.86175 0.664677 0.547179 0.428784 0.340817 0.185464 0.120025 0.199258 0.294262 0.228226 0.0773016 0 0.0165507 0.127887 0.217834 0.226984 0.205224 0.12136 0.11942 0.0918815 0.0619341 0.140461 0.180212 0.164848 0.0816733 0.188302 0.101299 0.122807 0.151927 0.0435897 0.125 0.0480549 0.0220386 0.0254042 0 
0.14233 0.0771539 0.0381078 0.0363766 0.137712 0.137329 0.156656 0.0994487 0.135347 0.14014 0.109741 0.138189 0.159349 0.135918 0.165413 0.17871 0.131178 0.132156 0.0949926 0.0824058 0.202045 0.265515 0.394935 0.635591 0.903791 1 0.799034 0.600556 0.519075 0.326409 0.246757 0.0691979 0.0905177 0.145204 0.176844 0.172077 0.00852832 0.0741395 0.146637 0.257516 0.323104 0.349695 0.245959 0.0896676 0.107762 0.124794 0.0798624 0.0730758 0.133771 0.115152 0.139442 0.0941512 0.150649 0.207602 0.183673 0.102564 0.0710227 0.0366133 0.132231 0.039261 0 
0.0678466 0.191599 0.0900131 0.15573 0.255643 0.246439 0.425595 0.455127 0.442174 0.403689 0.399121 0.4682 0.327048 0.166443 0.115659 0.195196 0.247332 0.301195 0.194614 0.0646404 0.00674536 0.104488 0.283565 0.421883 0.56291 0.760436 0.92142 0.932997 0.933847 1 0.961962 0.906987 0.748504 0.723688 0.748287 0.797379 0.800569 0.579391 0.459625 0.514488 0.460915 0.475946 0.625501 0.692991 0.637617 0.366703 0.279066 0.407008 0.475013 0.316364 0.0786853 0.222539 0.298701 0.30117 0.0340136 0.238462 0.196023 0.130435 0.0440771 0.0692841 1 
0.25885 0.177883 0.160644 0.0456491 0.134162 0.0403117 0.250271 0.206395 0.199023 0.247962 0.274068 0.353458 0.334533 0.208106 0.152874 0.173112 0.21117 0.308571 0.498527 0.64512 0.764545 0.788161 0.78171 0.910767 0.948566 0.981826 1 0.945554 0.821124 0.600724 0.403161 0.315098 0.229024 0.210281 0.139613 0.0484879 0.0652744 0.136945 0.0889732 0.126906 0.003011 0.155433 0.301435 0.317959 0.278647 0.272216 0.284317 0.275831 0.277133 0.235152 0.165339 0.17689 0.0571429 0.0350877 0.120181 0.0307692 0.0625 0.0320366 0.0716253 0.0484988 1 
0.702802 0.349336 0.201708 0.130766 0.139488 0.296963 0.246483 0.919074 0.839479 0.702417 0.453566 0.214537 0.272348 0.290193 0.420604 0.52412 0.216247 0.156779 0.148748 0.820312 1 0.394336 0.0420685 0.173036 0.223258 0.316004 0.253388 0.325957 0.368608 0.490039 0.199891 0.329252 0.451958 0.625755 0.662985 0.735383 0.765909 0.770407 0.676471 0.560131 0.27817 0.181807 0.261089 0.287426 0.600085 0.420598 0.240674 0.404013 0.533569 0.604848 0.205179 0.0927247 0.197403 0.856725 0.417234 0.533333 0.349432 0.453089 0.575758 0.0808314 1 
0.222714 0.407201 0.429041 0.32097 0.407558 0.432142 0.188853 0.296803 0.297349 0.4862 0.21225 0.0618406 0.0473586 0.358771 0.540475 0.537146 0.497461 0.403844 0.160951 0.382812 0.760013 0.972907 0.935361 0.545026 0.515164 0.650402 0.549638 0.529539 0.20627 0.163631 0.580817 0.664907 0.261262 0.176047 0.280863 0.512399 0.634376 0.405532 0.538478 0.655338 0.539317 0.283394 0.253071 0.225329 0.185385 0.0818705 0.203549 0.313567 0.255931 0.192727 0.194223 0.275321 0.631169 0.353801 0.145125 0.34359 0.252841 0.320366 0.0964187 0.224018 0 
0.213864 0.153022 0.0653745 0.0401807 0.0986558 0.151303 0.24513 0.202205 0.364283 0.431002 0.269814 0.349502 0.321722 0.196556 0.113151 0.109404 0.0556419 0.143377 0.132969 0.0946062 0 0.162151 0.368337 0.559164 0.649283 0.721776 0.846938 0.905825 0.864854 0.881964 0.935477 0.91193 0.706395 0.634658 0.616754 0.682258 0.763831 0.613289 0.564411 0.653813 0.606485 0.599389 0.650071 0.743623 0.839778 0.658667 0.702101 0.832285 0.720343 0.513939 0.26992 0.273894 0.168831 0.175439 0.181406 0.217949 0.201705 0.0892449 0.14876 0.034642 1 
0.0626844 0.0707244 0.199737 0.0349501 0.0349987 0.0714862 0.288149 0.269239 0.0774471 0.164593 0.0839359 0.257327 0 0.205012 0.170328 0.200387 0.035644 0.198026 0.375131 0.354987 0.234928 0.354872 0.529088 0.47198 0.297131 0.486067 0.501628 0.230136 0.197443 0.313838 0.629755 0.779151 0.592565 0.348172 0.381508 0.295565 0.552919 0.876677 1 0.985839 0.667169 0.604396 0.415104 0.412523 0.610606 0.501097 0.480804 0.471998 0.343766 0.356364 0.24004 0.161198 0.0805195 0.409357 0.179138 0.176923 0.133523 0.0938215 0.107438 0.256351 0 
0.148968 0.0625804 0.108739 0.0684736 0.105757 0.113948 0.200216 0.177949 0.203761 0.285571 0.291224 0.271249 0.210307 0.146025 0.162403 0.183696 0.267848 0.34639 0.401325 0.375107 0.485245 0.642266 0.75808 0.845405 0.908197 0.880163 0.809749 0.668485 0.530032 0.4894 0.563379 0.600427 0.501208 0.428511 0.317787 0.226915 0.120271 0.131538 0.244887 0.393573 0.475622 0.497802 0.484029 0.389204 0.294143 0.245474 0.305867 0.401617 0.388188 0.269091 0.204183 0.164051 0.161039 0.00292398 0.0453515 0.115385 0.0738636 0.0434783 0.0578512 0.0600462 1 
0.421829 0.516074 0.411629 0.342368 0.347198 0.123354 0.21618 0.136053 0.192063 0.320177 0.413866 0.589244 0.722182 0.478602 0.593741 0.7184 0.900425 0.907636 0.865664 0.752354 0.71817 0.511502 0.268518 0.300482 0.207992 0.0791937 0.132892 0.159634 0.193182 0.113029 0.249046 0.303303 0.306836 0.448225 0.493301 0.275605 0.145419 0.233961 0.298018 0.197821 0.0664737 0.0472527 0.100866 0.0930173 0.0575775 0.0758365 0.195762 0.34112 0.387178 0.321212 0.214143 0.46077 0.275325 0.22807 0.344671 0.302564 0.0994318 0.224256 0.625344 0.272517 1 
0.143068 0.109301 0.0344941 0.168806 0.252853 0.42408 0.807089 0.750827 0.479639 0.573717 0.518077 0.160903 0.638837 1 0.913432 0.827397 0.68853 0.774026 0.872607 0.839576 0.886172 0.94612 1 0.89499 0.775205 0.815068 0.632524 0.438864 0.465503 0.295941 0.246866 0.0644799 0 0.126232 0.164774 0.208468 0.10059 0.158989 0.318364 0.362418 0.232658 0.139072 0.344627 0.33329 0.198038 0.148519 0.250453 0.395627 0.539626 0.393939 0.314741 0.0699001 0.4 0.219298 0.829932 0.248718 0.352273 0.652174 0.352617 0.039261 1 
0.118732 0.071153 0.159658 0.0539705 0.0494547 0.0669175 0.0890152 0.105843 0.0270991 0.0516231 0.0336027 0.237104 0.123219 0.0696092 0.088374 0.155302 0.126308 0 0.0864717 0.153039 0.1543 0.0743278 0.148564 0.102756 0.0385246 0.134376 0.437126 0.636785 0.628653 0.585278 0.715422 0.558526 0.573034 0.87239 0.946916 0.970262 0.810737 0.616616 0.5681 0.656972 0.589461 0.58083 0.44045 0.246844 0.161217 0.0877674 0.164976 0.293501 0.2842 0.226667 0.0876494 0.0485021 0.441558 0.47076 0.165533 0.117949 0.309659 0.402746 0.807163 0.13164 0 
0.292773 0.483926 0.165243 0.0413695 0.146843 0.274657 0.474567 0.518633 0.386051 0.278135 0.178222 0.356829 0.425651 0.271321 0.351088 0.500407 0.444514 0.154182 0.418683 0.366331 0.515177 0.466926 0.399385 0.601783 0.497029 0.405882 0.710369 0.895739 0.880885 0.914882 0.819946 0.63233 0.17253 0.281293 0.38969 0.274496 0.299147 0.329313 0.22918 0.143246 0.637985 0.778388 0.753395 0.552177 0.695763 0.792238 0.78142 0.790656 0.905603 0.935758 0.794821 0.524964 0.358442 0.766082 0.274376 0.415385 0.261364 0.508009 0.267218 0.182448 1 
0.0730088 0.0925847 0.0834428 0.0775083 0.291656 0.52674 0.393939 0.192723 0.188805 0.241098 0.311499 0.401084 0.502087 0.424977 0.524325 0.670975 0.730805 0.821714 0.898275 0.955479 1 0.99816 0.883332 0.743162 0.627766 0.64137 0.706587 0.672808 0.544643 0.444871 0.37515 0.23916 0.0642655 0.124854 0.23811 0.324698 0.269735 0.182905 0.199768 0.220588 0.230921 0.343712 0.335704 0.248003 0.178561 0.137548 0.17222 0.362384 0.367491 0.210909 0.212151 0.372325 0.381818 0.722222 0.206349 0.0948718 0.133523 0.324943 0.280992 0.0438799 1 
0.143805 0.0492928 0.0617608 0.232525 0.407811 0.0849234 0.186688 0.170452 0.0620465 0.0819391 0.118531 0.220545 0.36361 0.290193 0.355502 0.492164 0.586675 0.633247 0.796655 0.893836 0.884696 0.932318 1 0.908001 0.845902 0.765062 0.757117 0.76513 0.621347 0.392884 0.173842 0.0891934 0.124226 0.255008 0.3722 0.390927 0.31675 0.199542 0.3035 0.425381 0.461378 0.48254 0.435795 0.324401 0.298692 0.161958 0.208258 0.16472 0.147905 0.221818 0.103586 0.155492 0.249351 0.149123 0.0566893 0.24359 0.21875 0.237986 0.440771 0.293303 1 
0.215339 0.221603 0.209593 0.110081 0.137966 0.127654 0.170996 0.134289 0.205094 0.383097 0.50872 0.696952 0.690514 0.484583 0.559334 0.730409 0.816599 0.914078 0.99737 0.990475 0.814503 0.641959 0.574017 0.47362 0.298156 0.0685097 0.053367 0 0.0876623 0.215511 0.24109 0.283756 0.257062 0.401272 0.351539 0.311694 0.465559 0.414994 0.152751 0.355011 0.676549 0.536264 0.240916 0.182943 0.0837361 0.0789907 0.121695 0.080563 0.123675 0.230303 0.062749 0.446505 0.477922 0.371345 0.614512 0.379487 0.139205 0.270023 0.338843 0.113164 1 
0.620206 0.192027 0.120565 0.0344746 0.0806493 0.116098 0.570076 0.673649 0.409003 0.377234 0.342833 0.104045 0.12034 0.437867 0.672685 0.665276 0.69599 0.546182 0.346202 0.220997 0.504321 0.764544 0.856204 0.928696 0.935656 0.586628 0.582309 0.671676 0.497463 0.549909 0.465613 0.224219 0.241731 0.189189 0.519791 0.73881 0.811721 0.420193 0.110162 0.36939 0.47736 0.50696 0.394931 0.287941 0.371197 0.383708 0.433176 0.605271 0.669359 0.433939 0.12749 0.233951 0.345455 0.201754 0.0702948 0.120513 0.724432 0.226545 0.0991736 0.0715935 0 
0.264749 0.248607 0.20138 0.113172 0.0476794 0.354743 0.551677 0.590739 0.443507 0.355212 0.452857 0.551436 0.631927 0.585439 0.791754 0.825361 0.801782 0.893714 0.981906 0.891053 0.88301 0.935283 0.906962 0.788546 0.66373 0.594449 0.460553 0.319473 0.475649 0.341856 0.282616 0.0969445 0.0279324 0.137573 0.172139 0.175101 0.14848 0.0585422 0.259119 0.314706 0.143833 0.174237 0.371783 0.263721 0.151265 0.191306 0.192865 0.157832 0.199394 0.221818 0.351594 0.156919 0.150649 0.663743 0.0589569 0.212821 0.34375 0.251716 0.267218 0.277136 1 
0.189528 0.159451 0.155388 0.187827 0.268831 0.269014 0.356061 0.503197 0.449874 0.555413 0.517794 0.450322 0.394703 0.153346 0.171331 0.191431 0.180189 0.239273 0.204082 0.126605 0.241358 0.608629 0.789658 0.827169 0.840164 0.834123 0.912596 1 0.786526 0.506871 0.652861 0.685352 0.47065 0.208055 0.0784494 0.0356855 0.148371 0.165956 0.159077 0.107952 0.155414 0.064591 0.0825036 0.179206 0.0907023 0.0796764 0.116081 0.312668 0.36951 0.333333 0.145418 0.118402 0.103896 0.0964912 0.0839002 0.241026 0.144886 0.10984 0.176309 0.224018 1 
0.369469 0.402057 0.199409 0.0848787 0.235354 0.625907 0.471861 0.432856 0.375537 0.168883 0.334184 0.372509 0.611487 0.350521 0.201023 0.264808 0.300798 0.120623 0.2409 0.305223 0.492728 0.698599 0.697255 0.673599 0.497951 0.483203 0.59355 0.834088 0.901684 0.851603 0.999891 0.984498 0.698834 0.708638 0.724864 0.408669 0.134376 0.149319 0.106473 0.309695 0.761436 1 0.691969 0.567251 0.91669 0.852167 0.546179 0.412998 0.183746 0.430303 0.454183 0.60485 0.698701 0.415205 0.258503 0.320513 0.0482955 0.242563 0.201102 0.166282 1 
0.109145 0.0822975 0.0614323 0.0779838 0.173726 0.360656 0.393398 0.315105 0.350511 0.387387 0.482348 0.514947 0.538794 0.312983 0.105728 0.0994301 0.320899 0.526338 0.628656 0.708476 0.778035 0.822513 0.861926 0.778301 0.706967 0.526159 0.254964 0.447921 0.635653 0.723554 0.826921 0.900472 1 0.988235 0.668099 0.385585 0.098185 0.337527 0.63093 0.871351 0.84586 0.654579 0.338032 0.221979 0.400057 0.379046 0.359471 0.449835 0.615346 0.597576 0.0268924 0.0984308 0.0545455 0.0614035 0.174603 0.0410256 0.230114 0.240275 0.225895 0.0623557 1 
0.122419 0.0600086 0.00361367 0.0197337 0.0897794 0.0997044 0.0887446 0.151268 0.195913 0.133276 0.0871969 0.0637456 0.117029 0.0807466 0.031598 0.108793 0.132318 0.340468 0.291185 0.250321 0.168318 0.192721 0.16128 0.209302 0.0519467 0.115431 0.378716 0.627933 0.794034 0.734526 0.548774 0.203325 0.440512 0.452252 0.212131 0.318044 0.451454 0.540501 0.648218 0.570479 0.245281 0.270085 0.231217 0.115692 0.0762013 0.0512891 0.179283 0.286313 0.16002 0.172121 0.0756972 0.306705 0.649351 0.394737 0.514739 0.0948718 0.0426136 0.102975 0.242424 0.182448 0 
0.787611 0.456065 0.0795007 0.185212 0.172711 0.274926 0.889881 1 0.807197 0.83698 0.711045 0.295281 0.319275 0.249149 0.663557 0.658457 0.137291 0.048 0.40364 0.8628 0.788364 0.357121 0.120801 0.140559 0.189139 0.212138 0.181742 0.6021 0.574574 0.672419 0.36436 0.437991 0.768035 0.899947 1 0.920565 0.987864 0.927524 0.731921 0.50915 0.2 0.239316 0.215828 0.370008 0.621837 0.424712 0.285766 0.165618 0.168602 0.253333 0.171315 0.245364 0.272727 0.654971 0.612245 0.0717949 0.230114 0.272311 0.22314 0.316397 1 
0.314897 0.201886 0.0111695 0.124346 0.0535126 0.154797 0.441288 0.316428 0.133126 0.165165 0.116263 0.313453 0.262415 0.192534 0.108135 0.190719 0.219563 0.655273 0.825899 0.812928 0.790999 0.895921 0.964395 0.847864 0.654303 0.255535 0.165248 0.55424 0.566356 0.454245 0.768392 0.808358 0.494382 0.414202 0.545873 0.553327 0.107697 0.358532 0.446974 0.458932 0.254314 0.172161 0.451183 0.342566 0.134205 0.187877 0.24339 0.124588 0.362948 0.772121 0.209163 0.279601 0.548052 0.365497 0.111111 0.176923 0.21875 0.23341 0.15978 0.228637 0 
0.175516 0.343763 0.161629 0.0442225 0.420238 1 1 0.777949 0.496668 0.298012 0.335177 0.43772 0.777026 0.685057 0.79366 0.711378 0.327738 0.169662 0.229539 0.389876 0.50253 0.334322 0.0918724 0.534167 0.624795 0.74799 0.667822 0.795698 0.804485 0.819964 0.79673 0.521793 0.0982884 0.2708 0.497187 0.474496 0.109884 0.199231 0.254902 0.404793 0.297973 0.134188 0.220484 0.16671 0.129229 0.109709 0.10268 0.0592992 0.0575467 0.18303 0.0846614 0.242511 0.176623 0.201754 0.0725624 0.287179 0.0852273 0.0823799 0.220386 0.108545 0 
0.180678 0.153022 0.0397503 0.0508797 0.0372813 0.0634238 0.16829 0.296582 0.26181 0.320463 0.344676 0.323271 0.213186 0.00649685 0.127495 0.157338 0.18941 0.290909 0.338733 0.416952 0.546796 0.733872 0.794638 0.880852 0.941803 1 0.934342 0.753294 0.708097 0.825077 0.778202 0.467648 0.130001 0.141706 0.145034 0.180343 0.251913 0.138297 0.0619861 0.070915 0.0563984 0.246642 0.323936 0.239887 0.204578 0.201591 0.179464 0.0122791 0.0777385 0.140606 0.180279 0.196862 0.322078 0.108187 0.0748299 0.146154 0.105114 0.0755149 0.165289 0.251732 1 
0.371681 0.232319 0.271682 0.0620542 0.276693 0.220371 0.268939 0.123043 0.205834 0.389675 0.356302 0.417644 0.355981 0.363824 0.56124 0.428862 0.235002 0.0856104 0.650326 0.936002 0.771501 0.524793 0.661863 0.915378 0.75543 0.803943 0.8815 0.597674 0.286425 0.0521999 0.0911172 0.0247135 0.0538696 0.40212 0.352153 0.0977823 0.171004 0.368826 0.412924 0.264597 0.0916039 0.261294 0.242985 0.185133 0.30509 0.323642 0.203731 0.0760707 0.143867 0.215758 0.0517928 0.104137 0.298701 0.102339 0.260771 0.238462 0.232955 0.100686 0.129477 0.108545 0 
0.137168 0.0681526 0.108081 0.0646695 0.0836926 0.091642 0.176136 0.18699 0.246409 0.351494 0.374592 0.420868 0.492155 0.281427 0.269536 0.187767 0.150451 0.193143 0.323375 0.517551 0.705839 0.828034 0.879623 0.950825 0.962807 1 0.965648 0.862495 0.786526 0.610632 0.530681 0.410245 0.219049 0.284261 0.344175 0.425 0.48349 0.42976 0.35779 0.319608 0.180776 0.137729 0.256563 0.202267 0.09383 0.177455 0.144332 0.0155735 0.117617 0.184242 0.124502 0.0656205 0.135065 0.371345 0.23356 0.0794872 0.150568 0.23341 0.22314 0.0692841 1 
0.127581 0.156022 0.308147 0.182121 0.0461577 0.103736 0.376353 0.422712 0.266252 0.242099 0.2623 0.188599 0.257809 0.471383 0.72896 0.778038 0.783028 0.597091 0.389859 0.230201 0.488617 0.751457 0.851224 1 0.841906 0.647208 0.681794 0.572149 0.469562 0.488761 0.4097 0.133453 0.125066 0.0398516 0.38294 0.712399 0.761863 0.325049 0.0229812 0.280283 0.444702 0.466178 0.315531 0.257666 0.327978 0.25864 0.354944 0.509434 0.689551 0.482424 0.14243 0.121255 0.0727273 0.30117 0.0544218 0.135897 0.247159 0.12357 0.184573 0.0415704 0 
0.108407 0.105872 0.0811432 0.0779838 0.146589 0.0994356 0.276786 0.293936 0.0774471 0.174603 0.37998 0.662075 0.790701 0.558626 0.640987 0.745471 0.89628 1 0.967389 0.896404 0.756008 0.693078 0.644379 0.586518 0.355635 0 0 0.0609304 0.0909091 0.11729 0.303215 0.472703 0.363541 0.512772 0.471515 0.345867 0.215176 0.37912 0.348408 0.151743 0.044586 0.163492 0.200698 0.04857 0.090418 0.0607515 0.0478088 0.0667865 0.0943968 0.0933333 0.136454 0.0898716 0.2 0.649123 0.435374 0.179487 0.0909091 0.221968 0.129477 0.0300231 1 
0.0582596 0.140163 0.0955979 0.0756063 0.311692 0.454985 0.507576 0.36097 0.265808 0.230516 0.274918 0.420574 0.57003 0.503661 0.53546 0.503257 0.63123 0.722182 0.806859 0.877568 0.988512 1 0.867543 0.859748 0.905123 0.853949 0.763631 0.650062 0.555093 0.362523 0.201526 0.0853741 0.0648955 0.0232114 0.0405032 0.189113 0.193418 0.297286 0.393316 0.307407 0.179618 0.200977 0.130609 0.194795 0.202872 0.150439 0.212423 0.291105 0.354871 0.340606 0.215139 0.206847 0.277922 0.675439 0.358277 0.130769 0.213068 0.118993 0.247934 0.140878 1 
0.188053 0.0368624 0.042707 0.0523062 0.0874968 0.176028 0.268669 0.238809 0.106471 0.201201 0.196512 0.166178 0.169426 0.11055 0.211957 0.528394 0.671537 0.542857 0.273406 0.275043 0.412943 0.547388 0.553036 0.60793 0.808607 0.980064 0.981406 0.914162 0.738535 0.758815 0.870954 0.780499 0.650425 0.622258 0.615322 0.593952 0.586486 0.505251 0.269133 0.154575 0.190272 0.241148 0.2854 0.229065 0.192351 0.188289 0.135639 0.14136 0.164059 0.21697 0.0448207 0.108417 0.012987 0.0233918 0.14059 0.0897436 0.332386 0.295195 0.190083 0.189376 0 
0.471239 0.275611 0.237188 0.25535 0.612478 0.3104 0.477273 0.205954 0.353176 0.473187 0.26074 0.167204 0.553908 0.558008 0.237436 0.424283 0.580769 0.560727 0.808121 0.875321 0.499157 0.629179 0.827805 0.661817 0.770082 0.86232 0.82141 0.680527 0.327516 0.617024 0.72545 0.875983 0.648955 0.534393 0.279943 0.0629032 0.0676799 0.36997 0.596353 0.370806 0.412739 0.58022 0.595112 0.53646 0.773102 0.774685 0.578595 0.743935 0.655729 1 0.242032 0.28816 0.924675 0.669591 1 1 1 1 0.666667 0.212471 1 
0.151917 0.0252893 0.0489488 0.101997 0.114634 0.200752 0.210768 0.392062 0.318821 0.242671 0.320431 0.402696 0.351231 0.167062 0.0638981 0.254834 0.406694 0.614649 0.766674 0.752354 0.799642 0.845926 0.940659 0.943653 0.964652 0.784668 0.471478 0.378345 0.376623 0.528497 0.744087 0.914963 0.93962 0.902385 0.659712 0.465121 0.130658 0.141936 0.341134 0.554575 0.557846 0.445177 0.289668 0.105128 0.0561558 0.107652 0.190511 0.309674 0.385664 0.261818 0.166335 0.115549 0.119481 0.0146199 0.156463 0.138462 0.0369318 0.153318 0.201102 0.073903 1 
0.137168 0.17874 0.17707 0.172373 0.140249 0.206665 0.316017 0.584785 0.167481 0.023738 0.278179 0.348623 0.2283 0.354336 0.4516 0.548646 0.44213 0.355532 0.310961 0.215004 0.198461 0.092833 0.21119 0.505071 0.362602 0.348166 0.511818 0.497324 0.446429 0.388303 0.369155 0.397102 0.439357 0.398728 0.201596 0.175 0.0734747 0.17937 0.303816 0.389978 0.295541 0.360684 0.331437 0.248261 0.293148 0.240126 0.1523 0.309973 0.323574 0.185455 0.0806773 0.261056 0.45974 0.438596 0.643991 0.220513 0.678977 0.505721 0.520661 0.207852 1 
0.050885 0.063009 0.0906702 0.0889206 0.224195 0.174684 0.103084 0.0449835 0.0913668 0.23452 0.238338 0.13643 0.215777 0.0557905 0.215468 0.504681 0.713087 0.768935 0.602567 0.304473 0.339481 0.24568 0.340468 0.729638 0.864037 0.804274 0.765942 0.779951 0.558847 0.321935 0.332643 0.388789 0.303791 0.156969 0.245883 0.314012 0.113383 0.0691484 0.138098 0.195316 0.0942675 0.107082 0.110694 0.12252 0.140176 0.131103 0.077146 0.121893 0.0535083 0.21697 0.0557769 0.32525 0.283117 0.368421 0.251701 0.14359 0.15625 0.0640732 0.195592 0.0900693 0 
0.144543 0.134162 0.131406 0.0542083 0.0136952 0.0902983 0.342532 0.294377 0.091811 0.0650651 0.0822345 0.248974 0.186267 0.164793 0.19691 0.317627 0.674749 0.565091 0.211025 0.115368 0.300485 0.548921 0.638868 0.693884 0.805225 0.878951 0.868158 0.782524 0.870637 0.933525 0.919673 0.798023 0.667332 0.784102 0.899458 1 0.959108 0.728398 0.58444 0.429194 0.307933 0.277778 0.379025 0.296058 0.33992 0.261931 0.198479 0.0898473 0.08632 0.464242 0.0527888 0.116976 0.0961039 0.418129 0.226757 0.0410256 0.289773 0.105263 0.190083 0.170901 0 
0.29056 0.177883 0.183311 0.0171184 0.0294192 0.246439 0.276245 0.223815 0.329779 0.306878 0.295477 0.452374 0.524399 0.47097 0.680209 0.752392 0.950471 0.981922 0.881233 0.81464 0.742938 0.817708 0.678605 0.635693 0.687295 0.781253 0.585356 0.596953 0.886059 0.846277 0.553787 0.280049 0.331933 0.484791 0.274624 0.0825605 0.184999 0.137673 0.00379507 0.127342 0.141401 0.260684 0.219966 0.125097 0.315183 0.374657 0.33937 0.318059 0.335689 0.490909 0.11255 0.0285307 0.0805195 0.277778 0.258503 0.212821 0.164773 0.132723 0.0798898 0.166282 0 
0.0368732 0.0497214 0.0174113 0.0118878 0.0380421 0.0489116 0.133658 0.114664 0.144973 0.142428 0.0918758 0.0866061 0.105945 0.0657935 0.146053 0.153063 0.0952233 0.103792 0.0632232 0.0674229 0.172218 0.272978 0.389425 0.607417 0.812193 0.958365 0.819309 0.56937 0.458908 0.311708 0.244687 0.113008 0.145542 0.208161 0.218574 0.165827 0.0260223 0.0247478 0.155598 0.254357 0.30388 0.364469 0.294194 0.190673 0.156668 0.161547 0.110105 0.0997305 0.139324 0.121212 0.0229084 0.0870185 0.0519481 0.0497076 0.104308 0.0820513 0.0653409 0.0755149 0.0137741 0.0669746 0 
0.191003 0.101157 0.19908 0.119353 0.269338 0.234077 0.484307 0.372657 0.202132 0.242385 0.294485 0.0981829 0.225277 0.385583 0.517203 0.727661 0.902808 0.923117 0.730065 0.407427 0.483874 0.688375 0.762107 0.832394 0.721619 0.60337 0.55447 0.397489 0.339996 0.407372 0.237929 0.181982 0.153838 0.0586116 0.358188 0.580948 0.489394 0.204222 0.0662028 0.340632 0.420382 0.35641 0.217768 0.226875 0.239266 0.0999726 0.215502 0.38844 0.377587 0.0812121 0.253984 0.149786 0.267532 0.219298 0.0929705 0.179487 0.286932 0.361556 0.603306 0.385681 0 
0.837021 0.495928 0.279566 0.0713267 0.0418463 0.313088 0.645022 0.574642 0.63246 0.752896 0.500071 0.110639 0.0621851 0.156956 0.388805 0.350092 0.278935 0.213299 0.375131 0.828232 0.976497 0.456088 0.0049804 0.195062 0.113525 0.212909 0.11934 0.243413 0.448559 0.627357 0.257875 0.324871 0.513809 0.679915 0.859466 0.853528 0.819703 0.897681 0.891419 0.650218 0.283729 0.103785 0.152205 0.347075 0.741257 0.580362 0.42376 0.577418 0.551237 0.614545 0.227092 0.129815 0.155844 0.219298 0.362812 0.271795 0.53125 0.315789 0.184573 0.184758 1 
0.132743 0.088727 0.0141261 0.0313837 0.0639107 0.126041 0.262716 0.135171 0.0912187 0.018447 0.062243 0.0590563 0.405643 0.369289 0.475073 0.451862 0.292819 0.393247 0.624237 1 0.855712 0.51048 0.27477 0.585288 0.767623 0.564049 0.409077 0.535508 0.464286 0.598913 0.367193 0.133228 0.3585 0.538633 0.335584 0.443548 0.403455 0.483311 0.643475 0.585621 0.369195 0.240781 0.243373 0.108864 0.186949 0.218047 0.101775 0.184786 0.173145 0.448485 0.25996 0.212553 0.179221 0.763158 0.446712 0.217949 0.261364 0.210526 0.0550964 0.108545 0 
0.140855 0.0540077 0.170171 0.121493 0.147096 0.357431 0.354708 0.437927 0.221531 0.20878 0.288955 0.226993 0.190442 0.169434 0.203631 0.218298 0.208372 0.096 0.349043 0.556721 0.420004 0.476127 1 0.864256 0.458811 0.486838 0.600483 0.705949 0.554079 0.331842 0.217875 0.170411 0.0954531 0.329942 0.272067 0.317339 0.246665 0.172299 0.213472 0.130937 0.0374059 0.0339438 0.0925902 0.125741 0.111885 0.0715853 0.0905469 0.0691824 0.11156 0.174545 0.305777 0.53923 0.368831 0.0233918 0.213152 0.235897 0.210227 0.405034 0.297521 0.147806 0 
0.376844 0.238748 0.395532 0.272943 0.0453969 0.247245 0.136905 0.0846748 0.32815 0.217217 0.319722 0.376758 0.406938 0.318449 0.300231 0.216059 0.265361 0.0977662 0.0691142 0.294092 0.532251 0.629792 0.634736 0.731995 0.644877 0.49587 0.671919 0.724681 0.769278 0.811335 0.905177 0.977758 0.653996 0.623211 0.744809 0.473286 0.143779 0.350005 0.35895 0.216667 0.639954 0.680342 0.333247 0.675728 0.874183 0.702551 0.613003 0.448937 0.275618 0.327273 0.378486 0.472183 0.374026 0.950292 0.839002 0.435897 0.366477 0.228833 1 0.466513 1 
0.109882 0.0715817 0.109067 0.00285307 0.0304337 0.152916 0.276786 0.141566 0.131349 0.019734 0.0725932 0.120164 0.155751 0.0636279 0.0167519 0.0988195 0.256657 0.297039 0.28866 0.393515 0.585582 0.759943 0.915545 0.971212 0.91875 0.729596 0.820254 0.887505 0.726968 0.66933 0.582779 0.508987 0.275543 0.0099629 0.0021479 0.103629 0.135906 0.102735 0.034261 0.0364924 0.03011 0.166667 0.206518 0.178305 0.052886 0.09435 0.157008 0.153639 0.0464412 0.24 0.11753 0.116976 0.566234 0.494152 0.176871 0.164103 0.0823864 0.0732265 0.151515 0.0785219 0 
0.221239 0.105444 0.0499343 0.100095 0.211768 0.256651 0.268128 0.254465 0.172664 0.20306 0.26074 0.337046 0.360155 0.260905 0.186077 0.134643 0.187649 0.212156 0.262466 0.28735 0.345067 0.382067 0.494755 0.683741 0.781557 0.81683 0.915853 1 0.897524 0.622457 0.59782 0.443833 0.264622 0.220668 0.168047 0.084879 0.161601 0.141416 0.219376 0.249455 0.249913 0.381929 0.217897 0.0869621 0.16861 0.251371 0.340094 0.333633 0.156487 0.173333 0.13745 0.142653 0.148052 0.0994152 0.14966 0.00769231 0.144886 0.0732265 0 0.113164 1 
0.137168 0.00857265 0.0404074 0.000951022 0.0167385 0.0131685 0.137446 0.0341786 0.0636754 0.140712 0.0782646 0.103458 0.146826 0.0151593 0 0 0.0284945 0.182026 0.309489 0.337864 0.349178 0.464676 0.609304 0.746235 0.864242 0.866505 0.779494 0.830897 0.962561 0.959412 0.954114 0.954729 0.969337 1 0.784392 0.526915 0.258802 0.163253 0.105735 0.32549 0.397221 0.494383 0.433855 0.386241 0.390674 0.277564 0.188881 0.135669 0.170116 0.147879 0.0717131 0.142653 0.168831 0.154971 0.0544218 0.0179487 0.0113636 0.0480549 0.15427 0.0877598 0 
0.741888 0.353193 0.184625 0.135283 0.144053 0.329481 0.258387 0.381918 0.166445 0.179608 0.31476 0.350967 0.37599 0.278849 0.380379 0.301954 0.373744 0.178494 0.286556 0.287778 0.281619 0.272774 0.322878 0.238398 0.396107 0.40423 0.44553 0.719844 0.75558 0.63556 0.766431 0.703437 0.46477 0.609433 0.647336 0.396573 0.0915154 0.297598 0.288425 0.134749 0.549971 0.968498 0.972068 0.709611 0.832812 1 1 1 0.811711 0.575758 1 1 0.81039 0.874269 0.557823 0.212821 0.494318 0.482838 0.62259 0.230947 1 
0.0235988 0.0227175 0.0213535 0.117927 0.206949 0.316044 0.443994 0.290628 0.42159 0.479908 0.421948 0.443581 0.304736 0.101062 0.207744 0.227865 0.16361 0.134857 0.0772144 0.0263271 0.110139 0.314078 0.498569 0.666018 0.785451 0.883027 0.936443 0.947818 0.902597 0.909556 0.909646 0.862952 0.703875 0.689772 0.636596 0.685383 0.643997 0.473432 0.397744 0.449129 0.484771 0.529426 0.559033 0.633986 0.669605 0.438289 0.405831 0.540881 0.499748 0.304242 0.128486 0.124108 0.314286 0.172515 0.0748299 0.164103 0.161932 0.0961098 0.00275482 0.0531178 1 
0.0877581 0.071153 0.053548 0.0725155 0.0956125 0.172534 0.207522 0.0884234 0.0433881 0.162591 0.300014 0.306125 0.336692 0.123646 0.0639984 0.095461 0.207647 0.302026 0.412582 0.48277 0.631956 0.774358 0.785737 0.773179 0.855225 0.925212 0.942641 0.860539 0.717938 0.451369 0.0953678 0.286115 0.445028 0.617276 0.803928 0.986895 0.923792 0.626807 0.411659 0.28159 0.264273 0.401221 0.560585 0.585158 0.56298 0.34627 0.196306 0.111411 0.144372 0.12 0.0458167 0.122682 0.111688 0.108187 0.0226757 0.0102564 0.110795 0.0480549 0.0716253 0.0808314 1 
0.208702 0.261037 0.208607 0.205183 0.392594 0.589089 0.579816 0.436163 0.204946 0.105677 0.310081 0.49956 0.373255 0.263277 0.321597 0.42469 0.548026 0.434286 0.405428 0.618258 0.360455 0.180963 0.31546 0.914455 0.935553 0.407424 0.240571 0.6514 0.799919 0.382124 0.513351 0.736688 0.558122 0.919661 0.781426 0.710988 0.794227 0.417802 0.278094 0.331808 0.283613 0.347009 0.0680202 0.240531 0.220785 0.223944 0.226729 0.224019 0.228168 0.0775758 0.153386 0.0328103 0.384416 0.178363 0.46712 0.184615 0.423295 0.105263 0.548209 0.154734 0 
0.159292 0.132447 0.0509198 0.0399429 0.0869896 0.00376243 0.0514069 0.16538 0.339109 0.335764 0.277329 0.188159 0.22283 0.29143 0.436252 0.552921 0.6705 0.601455 0.663686 0.832513 0.991674 1 0.786267 0.5314 0.380328 0.468994 0.543019 0.283862 0.176238 0.356557 0.196621 0.35273 0.389583 0.231691 0.166104 0.370968 0.435163 0.337215 0.226439 0.190959 0.0794441 0.278755 0.257468 0.141716 0.097242 0.0415524 0.122057 0.2351 0.229682 0.298182 0.150398 0.166904 0.0805195 0.330409 0.0839002 0.282051 0.139205 0.201373 0.0192837 0.198614 1 
0.130531 0.257608 0.119251 0.170233 0.335024 0.190003 0.144751 0.0361632 0.142455 0.153439 0.134411 0.200029 0.480207 0.433742 0.374962 0.569815 0.629676 0.666494 0.700926 0.514769 0.515072 0.628054 0.772067 0.770106 0.567623 0.434079 0.388696 0.223652 0.0580357 0 0.145395 0.459335 0.577444 0.378696 0.232382 0.57369 0.929477 0.834564 0.337234 0.32854 0.664273 0.771917 0.350317 0.182814 0.17913 0.176632 0.143064 0.248278 0.262494 0.261818 0.358566 0.46077 0.327273 0.321637 0.231293 0.0512821 0.119318 0.0778032 0.305785 0.159353 0 
0.0803835 0.183026 0.193495 0.0929624 0.134415 0.0679925 0.13474 0.0635061 0.144676 0.287001 0.19155 0.243992 0.409097 0.180056 0.0562745 0.226745 0.342762 0.356779 0.571744 0.603917 0.557441 0.445251 0.411783 0.353652 0.635861 0.883247 0.892636 0.483326 0.323559 0.185043 0.11673 0.366435 0.405649 0.304187 0.286489 0.406149 0.563088 0.389519 0.540586 0.533878 0.321019 0.335287 0.304022 0.296058 0.164202 0.0992869 0.112459 0.0952381 0.227158 0.202424 0.0776892 0.10699 0.135065 0.479532 0.412698 0.128205 0.315341 0.441648 0.402204 0.12933 0 
0.571534 0.300471 0.11071 0.380884 0.320314 0.0333244 0.199675 0.57839 0.827632 0.928929 0.668226 0.343933 0.211026 0.42013 0.449794 0.449522 0.31261 0.376623 0.508205 0.89405 0.993571 0.354769 0.0475787 0.000922037 0.21291 0.337042 0.186784 0.510807 0.685268 0.820603 0.418965 0.37486 0.554342 0.829995 0.791654 0.715121 0.733107 0.807424 0.762176 0.644553 0.485698 0.570574 0.579077 0.479516 0.667188 0.526467 0.13908 0.439353 0.392226 0.568485 0.192231 0.413695 1 0.830409 0.38322 0.628205 0.392045 0.160183 0.0661157 0.2194 1 
0.0693215 0.037291 0.0348226 0.0760818 0.155212 0.204515 0.262716 0.134289 0.128239 0.131989 0.0968382 0.0388335 0.196056 0.322883 0.478784 0.652147 0.76562 0.774234 0.805596 0.799765 0.82051 0.85022 0.880259 0.886692 0.895492 0.963322 1 0.910869 0.671469 0.431022 0.262997 0.287014 0.133256 0.201378 0.239951 0.221371 0.196589 0.126651 0 0 0.0148234 0.0283272 0.0772016 0.0555269 0.0524595 0.00342841 0.0592177 0.0769692 0.0918728 0.130909 0.123506 0.0984308 0.0467532 0.312865 0.106576 0.187179 0.207386 0.121281 0.14876 0.0762125 0 
0.188053 0.0672953 0.107096 0.0449358 0.191479 0.310132 0.349026 0.337155 0.287576 0.287287 0.272366 0.31697 0.400173 0.390636 0.507975 0.544474 0.649052 0.667948 0.633915 0.65625 0.769288 0.833248 0.890749 0.985247 1 0.933363 0.886228 0.804961 0.678166 0.528284 0.41624 0.329701 0.163604 0.0621092 0.0599366 0.145665 0.248743 0.215556 0.169618 0.25 0.23729 0.225275 0.268589 0.227648 0.159084 0.106829 0.24339 0.287511 0.301868 0.4 0.196215 0.258203 0.516883 0.219298 0.0839002 0.225641 0.383523 0.208238 0.286501 0.200924 1 
