Spambase-460 58 230
0 0 0 0 0 0.273292 0 0 0 0 0 0 0 0 0 0.0598639 0 0.0869565 0.039604 0 0.055 0 0 0 0 0 0 0 0 0 0 0 0 0 0 0 0.0638607 0 0 0 0 0 0 0 0.022 0.0616246 0 0 0 0.040974 0.0354957 0 0 0.0356923 0.0112282 0.0908408 0.0721172 0 
0 0 0 0 0 0 0 0 0 0 0 0 0 0 0 0 0 0 0 0 0 0 0 0 0 0 0.8 0 0 0 0 0 0 0 0 0 0 0 0 0 0 0 0 0 0 0 0 0 0 0 0 0 0 0 0 0 0.000741565 0 
0.095 0 0.532213 0 0.114 0 0 0 0.161702 0.0929095 0 0 0 0 0 0 0 0 0.0342034 0.1216 0 0 0 0 0.0247074 0 0 0 0 0 0 0 0 0 0 0 0 0 0 0 0 0 0 0 0 0 0 0 0 0 0 0.181458 0.0178517 0 0.441441 0.882883 0.218576 1 
0 0 0 0 0 0 0 0 0 0 0 0 0 0 0 0 0 0 0.0774077 0 0.1075 0 0 0 0 0 0 0 0 0 0 0 0 0 0 0 0 0 0 0 0 0 0 0 0 0.120448 0 0 0 0 0 0 0 0 0.00315766 0.0375375 0.0164998 0 
0 0 0.0168067 0 0 0 0 0.0192308 0.0553191 0.0317848 0.065 0.265501 0.0468468 0.0594595 0 0.0176871 0.0253906 0 0 0.0096 0.0075 0 0 0 0.16515 0.0169051 0 0 0.0140056 0.0599078 0.0299539 0 0 0 0.0138249 0.0460829 0.0188679 0.0384615 0 0.0138249 0 0 0 0 0 0 0 0 0.00704935 0.030672 0 0 0 0 0.001497 0.0142643 0.145717 0 
0 0 0.282913 0 0 0 0.0687758 0 0 0.493888 0.755 0.240064 0 0 0 0.0680272 0 0 0.317732 0 0.12625 0 0.642553 0.229025 0 0 0 0 0 0 0 0 0 0 0 0 0 0 0 0 0 0 0 0 0 0 0 0 0 0.0208382 0 0.257606 0.162179 0 0.00463964 0.0165165 0.0415276 1 
0 0 0 0 0.151 0 0 0 0 0 0 0.481717 0 0 0 0 0 0 0.135914 0 0 0 0 0 0 0 0 0 0 0 0 0 0 0 0 0 0 0 0 0 0 0 0 0.0906363 0 0 0 0 0 0.128073 0 0 0 0 0.00112613 0.003003 0.00500556 0 
0.5875 0 0 0 0 0 0.323246 0 1 0 0 0.18601 0 0 0 0.159184 0 0 0.211521 0 0 0 1 0 0 0 0 0 0 0 0 0 0 0 0 0 0 0 0 0 0 0 0 0 0 0 0 0 0 0 0 0.030243 0.101664 0 0.00536937 0.012012 0.0218762 1 
0 0 0 0 0.5 0 0 0 0 0 0 0 0 0 0 0 0 0 0 0 0 0 0 0 0 0 0 0 0 0 0 0 0 0 0 0 0 0 0 0 0 0 0 0 0 0 0 0 0 0 0 0 0 0 0.00375375 0.00600601 0.00370782 0 
0.115 0 0.128852 0 0 0 0 0.147436 0 0 0 0.219396 0 0 1 0 0.0898438 0.0909091 0.249325 0 0.28875 0 0.587234 0 0 0 0 0 0 0 0 0 0 0 0 0 0 0 0 0.105991 0 0 0 0 0 0 0 0 0 0.114727 0 0.0145815 0.246899 0 0.0036036 0.00825826 0.0187245 1 
0 0 0 0 0 0 0 0 0 0 0.19 0.0302067 0 0 0 0 0 0 0.119712 0 0.0475 0 0 0 0.0123537 0 0 0 0 0 0 0 0 0 0 0 0 0 0 0.0437788 0 0 0 0 0 0 0 0 0 0.0360571 0 0.00540054 0 0.0184615 0.00278078 0.00825826 0.0717464 0 
0 0 0 0 0.024 0 0 0 0 0 0 0.0381558 0 0 0 0 0 0 0 0 0 0 0 0 0 0 0 0 0 0 0 0 0.369357 0 0 0.0552995 0 0 0 0 0 0 0 0 0 0.0336134 0 0.224299 0 0.0456568 0 0 0 0 0.00178979 0.0255255 0.0441231 0 
0.225 0 0.252101 0 0 0 0 0 0 0 0 0 0 0 0 0 0 0.177866 0.324032 0 0 0 0 0 0 0 0 0 0 0 0 0 0 0 0 0 0 0.576923 0 0 0 0 0 0.108043 0.045 0 0 0 0 0 0 0 0 0 0.00109159 0.003003 0.00333704 0 
0 0 0 0 0 0 0 0 0 0 0 0 0 0 0 0 0 0 0.187219 0 0 0 0 0 0 0 0 0 0 0 0 0 0 0 0 0 0 0 0 0 0 0 0 0 0 0 0 0 0 0 0 0 0 0 0.000642643 0.00225225 0.00166852 0 
0.2175 0.0119048 0.145658 0 0 0.198758 0 0.0128205 0.123404 0.102689 0.195 0.217806 0.156757 0.304505 0 0.0435374 0.105469 0.0434783 0.312331 0.0464 0.165 0 0.144681 0.190476 0 0 0 0 0 0 0 0 0 0 0 0 0 0 0 0 0 0 0 0.00120048 0.0035 0 0.0184332 0 0.0040282 0.01358 0 0.114851 0.0499244 0.112 0.00404955 0.0870871 0.648313 1 
0 0 0.366947 0 0 0 0 0 0 0 0 0.208267 0 0 0 0 0 0 0.117912 0 0.6575 0 0 0.297052 0 0 0 0 0 0 0 0 0 0 0 0 0 0 0 0 0 0 0 0 0 0 0 0 0 0 0 0 0.0641452 0 0.00573273 0.018018 0.00964034 1 
0 0 0 0 0 0 0.26685 0 0 0 0 0 0 0 0 0.395918 0.757812 0 0.174617 0 0.2425 0 0 0.439909 0 0 0 0 0 0 0 0 0 0 0 0 0 0 0 0.223502 0 0 0 0 0.0485 0 0 0 0 0.0304378 0 0.0936094 0.0393343 0 0.00790691 0.0187688 0.0172414 1 
0 0 0 0 0 0.248447 0 0 0.170213 0.0977995 0 0 0 0 0.17316 0 0 0 0.109811 0.1952 0.05 0 0 0 0 0.0520156 0.016 0 0 0.0921659 0 0 0 0 0 0 0 0 0 0 0 0 0 0.0486194 0 0.0560224 0 0 0 0.0152189 0 0 0 0 0.00126126 0.00525526 0.0148313 0 
0.31 0 0 0 0 0 0 0 0 0.151589 0 0.197138 0 0 0 0.0843537 0 0 0.167417 0 0.3875 0 0 0 0 0 0 0 0 0 0 0 0 0 0 0 0 0 0 0 0 0 0 0 0.062 0 0 0 0 0.0234137 0 0.19892 0.0608169 0 0.0178739 0.115616 0.0500556 1 
0 0 0.179272 0 0 0 0 0 0 0 0 0 0 0 0 0 0 0 0.289829 0 0 0 0 0 0.0416125 0 0 0 0 0 0 0 0 0 0 0 0.0928882 0 0.0576058 0 0 0 0 0 0.0645 0.361345 0 0 0 0.0814797 0 0.208821 0 0 0.00318468 0.0105105 0.0189099 0 
0.5 0 0 0 0 0 0 0 0 0 1 0.317965 0 0 0 0 0 0 0.180018 0 1 0 0 0 0 0 0 0 0 0 0 0 0 0 0 0 0 0 0 0 0 0 0 0 0 0 0 0 0 0 0 0 0 0 0.00733934 0.021021 0.00964034 0 
0 0 0 0 0 0 0 0 0 0 0 0 1 0 0 0 0 0 0 0 0 0 0 0 0 0 0 0 0 0 0 0 0 0 0 0 0 0 0 0 0 0 0 0 0 0 0 0 0 0 0 0 0.945537 0 0.00211862 0.00675676 0.00741565 1 
0 0 0.218487 0 0 0 0 0 0 0 0 0 0.140541 0 0 0 0 0 0 0 0.0975 0 0 0 0 0 0.0312 0 0 0 0 0 0 0 0 0 0 0 0 0 0 0 0 0 0.039 0 0 0 0 0.093889 0 0.0239424 0 0 0.000848348 0.00225225 0.00648869 0 
0 0 0 0 0 0 0 0 0.387234 0 0 0 0 0 0 0 0 0 0.0819082 0 0.34375 0 0 0 0 0 0 0 0 0 0 0 0 0 0 0 0 0 0 0 0 0 0 0 0 0 0 0 0 0.0311402 0 0.0957696 0 0 0.00285285 0.0202703 0.0159436 1 
0 0 0 0 0 0 0 0 0 0 0 0.507154 0 0 0 0 0.207031 0 0 0 0 0 0 0 0 0.137841 0 0 0 0 0 0 0 0 0 0 0 0 0.0954095 0 0 0 0 0 0 0 0 0 0 0.0334816 0 0 0 0 0.00257357 0.00900901 0.0139043 0 
0 0 0 0 0 0 0 0 0 0 0 0.144674 0 0 0 0 0.177734 0 0.247525 0 0 0 0 0 0.118986 0 0 0 0 0 0 0 0 0 0 0 0.132075 0 0 0 0 0.0637255 0 0 0 0 0 0 0.0757805 0 0 0.0541854 0 0 0.00141441 0.00525526 0.0124212 0 
0 0 0.442577 0 0 0 0 0 0 0 0 0 0 0 0 0 0 0 0 0 0 0 0 0 0 0 0 0 0 0 0 0 0 0 0 0.364055 0 0 0.142214 0 0 0 0 0 0 0 0 0 0 0 0 0 0 0 0.000696697 0.0045045 0.00741565 0 
0.085 0 0.47619 0 0.102 0 0 0 0.289362 0.249389 0 0 0 0 0 0 0 0 0.0306031 0.1632 0.085 0 0 0 0.0221066 0 0 0 0 0 0 0 0 0 0 0 0 0 0 0 0 0 0 0 0 0 0 0 0 0 0 0.161836 0.03177 0 1 1 0.247126 1 
0 0 0 0 0 0 0 0 0 0 0 0 0 0 0 0 0 0 0.0477048 0 0 0 0 0 0 0 0 0 0 0 0 0 0 0 0 0 0.153846 0 0 0 0 0 0 0 0.053 0.371148 0 0 0 0.0753922 0 0 0 0.0793846 0.0024024 0.0127628 0.0335558 0 
0 0.0336134 0.134454 0 0.146 0 0.0660248 0 0 0.237164 0.24 0 0 0 0 0.0653061 0 0 0.0873087 0.0768 0.24375 0 0 0.108844 0 0 0 0 0 0 0 0 0 0 0 0 0.211901 0 0 0.110599 0 0 0 0 0 0 0 0 0 0.017092 0 0.106031 0.0889561 0 0.00578078 0.0345345 0.0357805 1 
0 0 0 0 0 0 0 0 0 0 0 0 0 0 0 0 0 0 0.0630063 0 0 0 0 0 0 0 0 0 0 0 0 0 0 0 0 0 0 0 0 0 0 0 0 0 0 0 0 0 0 0.0447202 0 0 0.0287443 0.0584615 0.00103303 0.00750751 0.0189099 0 
0 0 0.434174 0 0 0.478261 0 0.121795 0 0 0.19 0.18442 0 0 0 0.0517007 0 0.229249 0.173717 0 0.0475 0 0.493617 0.0861678 0 0 0 0 0 0 0 0 0 0 0 0 0 0 0 0 0 0 0 0 0 0 0 0 0 0.0140482 0 0.109631 0.0366112 0 0.0025015 0.0157658 0.0294772 1 
0 0 0.0812325 0 0.059 0.180124 0.03989 0 0.123404 0.435208 0 0.141494 0 0 0 0 0.115234 0.0573123 0.374437 0 0.11125 0 0 0 0 0 0 0 0 0 0 0 0 0 0 0 0 0 0 0 0 0 0 0 0 0 0 0 0 0.0320768 0 0.00810081 0.0136157 0 0.0168168 0.121622 0.0902855 1 
0.025 0 0.0280112 0 0 0 0 0 0.391489 0 0 0.063593 0 0 0 0 0.0195312 0 0.0360036 0 0.025 0 0 0 0.0331599 0.0793238 0.004 0 0 0 0 0 0.0410397 0 0 0 0.0145138 0 0 0 0 0 0 0.0060024 0 0 0 0 0.00352467 0.0360571 0.0171359 0 0.00847201 0 0.00268018 0.0232733 0.0938079 0 
0 0 0 0 0.476 0 0 0 0 0 0 0 0 0 0 0 0 0 0 0 0 0 0 0 0 0 0 0 0.333333 0 0 0 0 0 0 0 0 0 0 0 0 0.333333 0 0 0 0 0 0 0 0 0 0 0 0 0 0 0.000926956 0 
0 0 0 0 0 0 0 0 0 0 0 0 0 0 0 0 0 0 0 0 0 0 0 0 0 0 0 0 0 0 0 0 0 0 0 0 0 0 0 0 0 0 0 0 0 0.0644258 0 0 0 0.0433154 0 0 0 0 0.00135736 0.00750751 0.0146459 0 
0 0 0.0644258 0 0 0.142857 0 0 0 0 0 0 0 0 0 0 0 0 0.0207021 0 0 0 0 0 0 0 0 0 0 0 0 0 0 0 0 0 0 0 0 0 0.0322129 0 0 0 0.0115 0.196078 0 0 0 0.0149848 0 0.0289829 0 0 9.75976e-05 0.0045045 0.0268817 0 
0 0 0.0784314 0 0.028 0 0 0 0 0 0 0.311606 0 0 0 0 0 0 0 0 0 0 0 0 0 0 0 0 0 0 0 0 0 0 0.0645161 0 0.0812772 0 0 0 0 0 0 0 0 0 0 0 0 0.0421447 0 0 0 0 0.000785285 0.00750751 0.0294772 0 
0 0 0 0 0 0 0 0 0.114894 0 0 0.0429253 0 0.245045 0 0 0.0527344 0 0.0729073 0 0.0675 0 0 0 0.0175553 0 0 0 0 0 0 0 0 0 0.062212 0 0 0 0 0 0 0.0763305 0 0 0 0 0.880184 0 0 0 0 0 0 0.141538 0.00228378 0.0225225 0.0956618 0 
0 0 0.0896359 0 0.032 0 0 0 0 0 0 0.101749 0 0 0 0 0 0 0.0288029 0 0 0 0 0 0.0416125 0.083225 0 0 0 0 0 0 0 0 0 0.0737327 0.0928882 0 0 0 0 0 0 0 0 0 0 0 0 0.00936549 0 0 0 0 0.00101652 0.00675676 0.0287356 0 
0 0 0 0 0 0 0 0 0 0.110024 0 0 0 0 0 0 0 0 0 0 0 0 0 0 0 0 0.018 0 0 0 0 0 0 0 0 0 0 0 0 0 0 0 0 0 0 0 0 0 0 0.0508078 0.177479 0 0 0 0.0051967 0.0202703 0.053578 0 
0 0 0 0 0 0 0 0 0 0 0 0 0 0 0 0 0 0 0 0 0 0 0 0 0.541612 0.540962 0.1664 0.958525 0.291317 0.958525 0.958525 0.958525 0 0.958525 0.958525 0.958525 0 0 0 0.958525 0 0 0 0 0 0 0 0 0 0.275345 0 0 0 0 0.00366967 0.00750751 0.00556174 0 
0 0.0490196 0.294118 0 0.035 0 0 0 0 0 0 0.111288 0 0 0 0.047619 0 0.27668 0.221422 0 0.175 0 0 0 0 0 0 0 0 0 0 0 0 0 0 0 0 0 0 0 0 0 0 0 0.0175 0 0 0 0 0.0131117 0 0.161476 0 0 0.00515015 0.0900901 0.0647015 1 
0 0 0.156863 0 0 0 0 0 0 0.273839 0 0 0 0 0 0 0 0 0.152115 0 0.07 0.168666 0 0 0 0 0 0 0 0 0 0 0 0 0 0 0 0 0 0 0 0 0 0 0 0 0 0 0 0.11543 0.120563 0.0709271 0 0.242462 0.00380931 0.0157658 0.0437523 1 
0 0 0.392157 0 0.046 0 0.0632737 0.448718 0 0.112469 0 0 0 0 0 0 0 0 0.252025 0 0.2325 0 0 0 0 0 0 0 0 0 0 0 0 0 0 0 0 0 0 0.214286 0 0 0 0 0 0 0 0 0 0.0287989 0 0.0666067 0 0 0.00771321 0.0397898 0.057842 1 
0 0 0.313725 0 0.056 0 0 0 0 0.136919 0 0 0 0 0 0.0761905 0 0 0.20252 0 0.14 0 0 0 0 0 0 0 0 0 0 0 0 0 0 0 0 0 0 0 0 0 0 0 0.028 0 0 0 0 0.023882 0 0.110711 0 0 0.00210661 0.0135135 0.0252132 1 
0 0 0.607843 0 0 0 0 0 0 0 0 0 0 0 0 0 0 0.428854 0.782178 0 0.815 0 0 0 0 0 0 0 0 0 0 0 0 0 0 0 0 0 0 0 0 0 0 0 0 0 1 0 0 0 0 0 0 0 0.0005 0.0015015 0.00129774 0 
0 0 0 0 0 0.391304 0 0 0 0 0 0 0 0 0 0 0 0 0.0567057 0 0 0 0 0 0.205462 0 0 0 0 0 0 0 0 0 0.145161 0 0 0 0 0 0 0 0 0.0378151 0 0 0 0 0 0 0 0 0 0 0.000840841 0.00600601 0.0116796 0 
0.3675 0 0 0 0 0 0 0 0 0.359413 0 0 0.264865 0 0 1 0 0 0.264626 0 0.18375 0 0 1 0 0 0 0 0 0 0 0 0 0 0 0 0 0 0 0 0 0 0 0 0 0 0 0 0 0 0 0.228983 0.0768533 0 0.00759009 0.0465465 0.0200222 1 
0 0.0189076 0.229692 0 0.137 0 0.112792 0 0 0.200489 0 0.130366 0 0 0 0.111565 0.0527344 0 0.247525 0 0.1375 0 0.348936 0.0612245 0 0 0 0 0 0 0 0 0.0369357 0 0 0 0 0 0 0 0 0 0 0 0 0 0 0 0 0.0550222 0 0.0423042 0.0568835 0 0.00693994 0.0923423 0.0550612 1 
0 0 0 0 0 0 0 0 0 0 0 0 0 0 0 0 0 0 0.169217 0 0.05875 0 0 0 0.184005 0.305592 0.0752 0.541475 0.0987395 0.324885 0.108295 0.108295 0 0.108295 0.324885 0.108295 0.0682148 0 0 0.108295 0 0 0.131653 0 0.0705 0 0 0 0 0.0337158 0.0440636 0.0129613 0 0 0.0015015 0.00900901 0.0309603 0 
0 0 0 0 0.129 0.267081 0.0591472 0 0 0 0 0 0.0774775 0 0 0.0585034 0.0839844 0.0849802 0.154815 0 0.1075 0 0 0 0 0 0 0 0 0 0 0 0 0 0 0 0 0 0 0 0 0 0 0 0 0 0 0 0 0.0302037 0 0.0232223 0 0 0.00720721 0.0337838 0.02132 1 
0 0 0.0812325 0 0 0 0 0 0 0 0 0 0 0 0 0 0 0 0 0 0 0 0 0 0 0 0 0 0 0 0 0 0 0 0 0 0 0.185897 0 0 0 0 0 0 0.0145 0 0 0 0.0251762 0.0826504 0.0305998 0 0 0 0.000340841 0.00225225 0.00482017 0 
0 0 0 0 0.054 0.335404 0 0 0 0 0 0.173291 0 0 0 0 0 0 0.146715 0 0.0675 0 0 0 0 0 0 0 0 0 0 0 0 0 0 0 0 0 0 0 0 0.0378151 0 0 0 0 0 0 0.0752769 0.0465933 0 0 0 0 0 0 0.00241009 0 
0 0.0322129 0 0 0.115 0 0.0316369 0.0737179 0 0.112469 0 0.109698 0.0414414 0 0 0 0.134766 0.136364 0.248425 0 0.23 0 0 0.0521542 0 0 0 0 0 0 0 0 0 0 0 0.264977 0 0 0 0 0 0 0 0 0 0 0 0 0 0.00842894 0.0220318 0.151395 0.0108926 0 0.00129429 0.0382883 0.0526511 1 
0.0025 0.00070028 0.0196078 0 0.005 0 0 0.00320513 0.012766 0.0317848 0.025 0 0 0.00900901 0 0 0.00195312 0.013834 0.00090009 0 0.00125 0 0 0 0 0 0 0 0 0 0 0 0.00957592 0 0 0.0299539 0 0 0 0.00230415 0.0644258 0 0 0.00180072 0 0.112045 0.00460829 0.0654206 0.0125881 0.0704753 0.0801714 0.000360036 0.0272315 0.00123077 0.00236787 0.0608108 1 0 
0 0.0210084 0.210084 0 0.03 0 0.0206327 0 0 0.110024 0.075 0 0.027027 0 0.0649351 0.0204082 0 0.148221 0.0135014 0.024 0.075 0 0 0 0 0 0 0.0345622 0 0 0 0 0.0205198 0 0 0 0 0 0 0 0 0 0 0 0 0 0 0 0 0.00468274 0 0.0633663 0.00605144 0.0252308 0.00741441 0.111111 0.195773 1 
0 0 0 0 0 0 0 0 0 0.261614 0 0.170111 0 0 0 0 0 0 0.0477048 0 0 0 0 0 0.0695709 0 0 0 0 0 0 0 0 0 0 0 0.0769231 0 0 0 0 0 0.148459 0 0.0265 0 0 1 0 0.0421447 0 0.0162016 0 0 0.00123874 0.0045045 0.0133482 0 
0 0.0343137 0 0 0 0 0 0 0 0 0 0.0779014 0 0 0 0 0 0 0.264626 0 0.18375 0 0 0 0 0 0 0 0 0 0 0 0 0 0 0 0 0 0 0 0 0 0 0 0 0 0 0 0 0.0564271 0 0 0 0.0492308 0.00115616 0.015015 0.0155729 0 
0 0 0.114846 0 0.041 0 0 0 0 0 0 0 0 0 0 0 0 0 0 0 0 0 0 0 0 0 0 0 0 0 0 0 0.0560876 0 0 0 0.0595065 0 0 0 0 0 0 0.0246098 0 0.057423 0 0 0 0 0 0 0 0 0.000783784 0.00750751 0.0122358 0 
0 0 0 0 0 0 0 0 0 0 0 0.136725 0.154955 0 0 0 0 0 0 0 0 0 0 0 0.225618 0 0 0 0 0 0 0 0 0 0 0 0.124819 0 0 0 0 0 0 0 0 0 0 0 0 0 0 0 0 0 0.00198498 0.00750751 0.0131628 0 
0.0425 0 0.190476 0 0.034 0.21118 0 0 0 0 0 0 0 0 0 0 0 0.0671937 0.432043 0 0.235 0 0 0 0 0 0 0 0 0 0 0 0 0 0 0 0 0 0 0 0 0 0 0 0.0255 0.0238095 0 0 0 0.00749239 0 0.0117012 0 0 0.000283784 0.003003 0.0126066 0 
0.0025 0.00070028 0.0364146 0 0.013 0.00621118 0 0 0.00425532 0.0317848 0.015 0.0715421 0.00540541 0.0126126 0 0.014966 0.103516 0.013834 0.00630063 0 0.00375 0 0.00425532 0 0 0 0 0 0.00070028 0 0 0 0.214774 0 0 0.0253456 0.124819 0 0 0.00691244 0 0.00210084 0.00840336 0.00060024 0.0005 0.0322129 0 0.140187 0.0020141 0.0259892 0 0.000360036 0 0.00615385 0.00166066 0.0427928 0.560994 0 
0 0 0.397759 0 0.071 0 0 0.227564 0 0.173594 0 0 0 0 0 0 0.556641 0.563241 0.127813 0 0.44625 0 0 0 0 0 0 0 0 0 0 0 0 0 0 0 0 0 0 0 0 0 0 0 0 0 0 0 0 0 0 0.167597 0 0 0.0165991 0.0870871 0.0400445 1 
0 0 0 0 0 0 0 0 0 0 0 0.317965 0 0 0 0 0 0 0.090009 0 0.125 0 0 0 0 0 0 0 0 0 0 0 0 0 0 0 0 0 0 0 0 0 0 0 0 0 0 0 0 0.0807773 0 0 0 0 0.001 0.00375375 0.0100111 0 
0.0725 0.0133053 0.190476 0 0 0.360248 0 0.185897 0.246809 0.188264 0 0.0922099 0.0684685 0 0.419913 0 0.0371094 0.288538 0.157516 0.0608 0.09625 0 0.246809 0.154195 0 0 0 0 0 0 0 0 0 0 0.0207373 0 0 0 0 0 0 0 0 0 0 0 0 0 0 0.00796066 0 0.10243 0.0626324 0.0209231 0.0166126 0.518018 0.31294 1 
0 0 0 0 0 0 0 0 0 0 0 0.176471 0 0 0 0 0 0 0 0 0 0 0 0 0.288687 0.215865 0 0.25576 0 0 0 0 0 0 0.25576 0 0.0798258 0 0 0 0 0 0 0.0330132 0 0 0 0 0 0 0 0 0 0 0.00152853 0.00825826 0.0196515 0 
0 0 0 0 0 0 0 0 0 0 0 0 0 0 0 0 0 0 0.390639 0 0 0 0 0 0 0 0 0 0 0 0 0 0 0 0 0 0 0 0 0 0 0 0 0 0 0 0 0 0 0 0 0.473627 0 0 0.001 0.003003 0.00259548 1 
0.19 0 0.212885 0 0 0.236025 0 0 0 0 0 0.18283 0.0684685 0 0 0 0 0 0.207021 0 0 0 0 0 0 0 0 0 0 0 0 0 0 0 0 0 0 0 0.0342034 0 0.376751 0 0 0 0.019 0.0532213 0 0 0 0.0421447 0 0.0972097 0 0 0.00192943 0.0105105 0.0265109 0 
0 0 0 0 0.476 0 0 0 0 0 0 0.756757 0 0 0 0 0 0 0 0 0 0 0 0 0 0 0 0 0.333333 0 0 0 0 0 0 0 0 0 0 0 0 0.5 0 0 0 0 0 0 0 0 0 0 0 0 0.000345345 0.0015015 0.00278087 0 
0 0 0 0 0 0 0 0 0 0 0 0.0715421 0 0 0 0 0 0 0 0 0 0 0 0 0.117685 0.0585176 0 0 0 0.207373 0 0 0 0 0 0.103687 0 0 0 0 0 0 0 0 0.0225 0 0 0 0 0 0 0 0 0 0.000666667 0.003003 0.0190953 0 
0 0 0 0 0 0 0 0 0 0.171149 0 0 0 0 0 0 0 0 0 0 0 0 0 0 0 0 0.028 0 0 0 0 0 0 0 0 0 0 0 0 0 0 0 0 0 0 0 0 0 0 0.0531491 0.138923 0 0 0 0.00456907 0.0202703 0.0342974 0 
0 1 0 0 0 0 0 0 0 0 0 0 0 0 0 0 0 0 0 0 0 0 0 0 0 0 0 0 0 0 0 0 0 0 0 0 0 0 0 0 0 0 0 0 0 0 0 0 0 0 0 0 0 0 0.0012012 0.003003 0.00148313 0 
0.02 0.00560224 0.212885 0 0.085 0.63354 0.0343879 0.0544872 0.251064 0.0195599 0.085 0.0937997 0.0306306 0 0.95671 0.0340136 0.015625 0.183794 0.145815 0.0272 0.0525 0 0.361702 0.0181406 0 0 0 0 0 0 0 0 0 0 0 0 0 0 0 0.0184332 0 0 0.047619 0.00480192 0.004 0.0112045 0 0 0 0.0152189 0 0.0874887 0.0357035 0.008 0.00985135 0.501502 0.261958 1 
0 0 0.148459 0 0.053 0 0.0729023 0 0 0.129584 0 0 0 0 0 0 0.103516 0 0.526553 0 0.39875 0 0 0 0 0 0 0 0 0 0 0 0 0 0 0 0 0 0 0 0 0 0 0 0 0 0 0 0 0.0210723 0 0.0649865 0 0 0.00215766 0.0135135 0.0142751 1 
0 0 0 0 0 0 0 0 0 0.452323 0 0 0 0 0 0 0 0 0.166517 0 0.4625 0 0 0 0.120286 0 0 0.852535 0 0 0 0 0.253078 0 0.426267 0 0 0 0 0 0 0 0 0 0.0925 0 0 0 0 0.148911 0 0.0572457 0 0 0.00254505 0.0105105 0.0113089 0 
0 0 0.366947 0 0 0 0 0 0 0 0 0.208267 0 0 0 0 0 0 0.117912 0 0.6575 0 0 0.297052 0 0 0 0 0 0 0 0 0 0 0 0 0 0 0 0 0 0 0 0 0 0 0 0 0 0 0 0 0.0644478 0 0.00573273 0.018018 0.00964034 1 
0 0 0 0 0.086 0 0.118294 0 0 0 0 0 0 0 0.372294 0 0 0.339921 0.0774077 0 0 0 0 0 0 0 0 0 0 0 0 0 0 0 0 0.198157 0 0 0 0 0 0 0 0 0.043 0 0 0 0 0.0636853 0 0 0.0411498 0 0.00531682 0.0225225 0.0200222 1 
0 0 0 0 0 0 0 0 0 0.141809 0 0 0 0 0 0 0 0 0.261026 0 0 0 0 0 0.113134 0.150845 0.0464 0.400922 0.0406162 0.267281 0.133641 0.133641 0 0.133641 0.133641 0.267281 0.08418 0 0.0522052 0.133641 0 0 0.162465 0 0.029 0 0 0 0 0.088738 0 0 0 0 0.00183483 0.00825826 0.0257694 0 
0 0 0 0 0 0 0 0 0 0 0 0.17965 0 0 0 0 0 0 0 0 0 0 0 0 0 0 0 0 0 0 0 0 0 0 0 0 0 0 0.10171 0 0 0.238095 0 0 0 0 0 0 0.0498489 0.0927183 0 0 0 0 0.00161562 0.003003 0.00482017 0 
0 0 0 0 0 0 0 0 0 0 0 0 0 0 0 0 0 0 0 0 0 0 0 0 0 0 0.8 0 0 0 0 0 0 0 0 0 0 0 0 0 0 0 0 0 0 0 0 0 0 0 0 0 0 0 0 0 0.000741565 0 
0 0 0 0 0 0 0 0 0 0 0 0 0 0 0 0 0 0 0.221422 0 0.15375 0 0 0 0 0 0.0492 0 0 0 0 0 0 0 0 0 0 0 0 0 0 0 0 0 0 0 0 0 0 0 0 0 0 0 9.30931e-05 0.000750751 0.00296626 0 
0 0 0 0 0 0 0 0 0 0 0 0.721781 0 0 0 0 0 0 0 0 0 0 0 0 0 0 0 0 0.636555 0 0 0 0 0 0 0 0 0 0 0 0 0.636555 0 0 0 0 0 0 0 0 0 0 0 0 0.001 0.00225225 0.00259548 0 
0 0 0 0 0 0 0 0 0 0 0 0 0 0 0 0 0 0 0.0918092 0 0.1275 0 0 0 0 0 0 0 0 0 0 0 0 0 0 0 0 0.653846 0 0 0 0.0714286 0 0 0 0 0 0 0 0 0 0 0.0429652 0 0.00128679 0.00675676 0.011865 0 
0 0 0.145658 0 0.013 0 0 0 0 0 0 0.352941 0.117117 0.0234234 0 0 0.0253906 0 0.0117012 0 0.01625 0 0.0553191 0 0.135891 0 0 0 0 0 0 0 0.106703 0 0 0.0599078 0.0377358 0 0 0 0 0 0 0 0 0 0 0 0.00453172 0.017092 0 0 0 0 0.00233634 0.0165165 0.0585836 0 
0.215 0 0 0 0 0 0 0 0 0 0 0 0 0 0 0 0 0 0 0 0 0 0 0 0 0 0 0 0 0 0 0 0.117647 0 0 0 0 0.551282 0 0 0 0 0 0.103241 0 0 0 0 0 0 0 0 0 0 0.000846847 0.0045045 0.0111235 0 
0 0 0 0 0 0 0 0 0 0 0 0.136725 0 0 0 0 0 0 0 0 0 0 0 0 0 0 0 0 0 0 0 0 0 0 0 0 0.124819 0 0 0 0 0 0 0 0 0 0 0 0 0 0 0 0 0 0.000888889 0.00525526 0.00778643 0 
0 0 0 0 0 0 0 0.025641 0 0 0 0.0127186 0 0 0 0 0.015625 0 0 0 0 0 0 0 0.00520156 0.0104031 0.0032 0 0 0 0 0 0 0 0 0.0967742 0 0 0 0 0.0112045 0 0 0 0 0 0 0.317757 0.0203927 0.105596 0 0 0 0 0.00125075 0.0127628 0.173155 0 
0 0 0.218487 0 0 0 0 0 0 0 0 0.249603 0 0 0 0 0 0 0.282628 0 0 0 0 0 0 0 0 0.361751 0 0 0 0 0 0 0 0 0 0 0 0 0 0.0546218 0 0 0 0.109244 0 0 0 0.102318 0 0.0156616 0 0 0.00272072 0.00900901 0.0164998 0 
0 0 0.154062 0 0.111 0 0 0 0 0 0 0 0.165766 0 0.0779221 0 0.0722656 0.0731225 0.282628 0 0.115 0 0 0 0 0 0 0 0 0 0 0 0 0 0 0 0 0 0 0 0 0 0 0 0 0 0 0 0 0.0435495 0 0.0781278 0 0 0.000566066 0.00225225 0.0133482 1 
0 0.0378151 0 0 0 0 0.148556 0 0 0.132029 0.27 0.0858506 0 0 0 0.295238 0 0.106719 0.293429 0 0.135 0 0 0 0 0 0 0 0 0 0 0 0 0 0 0 0 0 0 0 0 0 0 0 0.027 0 0 0 0 0 0 0.060126 0 0 0.000487988 0.003003 0.00964034 1 
0 0 0 0 0 0.142857 0 0 0 0 0 0.073132 0 0 0 0.062585 0.0898438 0.0454545 0.270027 0 0.08625 0 0 0 0 0 0 0 0 0 0 0 0.0314637 0 0 0 0 0 0 0 0 0 0 0 0 0 0 0 0.0193857 0.00889721 0 0 0 0.0233846 0.0024024 0.0307808 0.0335558 1 
0 0 0 0 0 0 0 0 0 0 0 0 0 0 0 0 0 0.371542 0.169217 0 0.235 0 0 0 0 0 0.0752 0 0 0 0 0 0.515732 0 0 0 0 0 0 0 0 0 0 0 0 0 0 0 0 0.0856942 0 0 0 0 0.000460961 0.0015015 0.00296626 0 
0 0 0 0 0 0 0 0 0 0 0 0 0 0 0 0 0 0 0 0 0 0 0 0 0 0 0.8 0 0 0 0 0 0 0 0 0 0 0 0 0 0 0 0 0 0 0 0 0 0 0 0 0 0 0 0 0 0.000741565 0 
0 0 0 0 0 0 0 0 0 0 0 0 0 0 0 0 0 0 0.0909091 0 0 0 0 0 0 0 0 0 0 0 0 0 0 0 0 0 0.146589 0 0 0 0 0 0 0 0 0.707283 0 0 0 0 0 0 0 0 0.00306757 0.0105105 0.012792 0 
0.1475 0 0 0 0 0 0.162311 0.189103 0.251064 0.288509 0 0.187599 0 0 0 0 0.576172 0 0.372637 0.3776 0.295 0 0 0 0 0 0 0 0 0 0 0 0 0 0 0 0 0 0 0 0 0 0 0 0 0 0 0 0 0 0 0.0757876 0 0 0.00792042 0.0337838 0.0335558 1 
0 0 0.815126 0 0 0 0 0 0 0 0 0 0 0 0 0 0 0 0.174617 0 0 0 0 0 0 0 0 0 0 0 0 0 0 0 0 0 0 0 0 0 0 0 0 0 0 0 0 0 0 0.0910794 0 0.070027 0 0 0.00039039 0.0015015 0.00519095 0 
0 0 0 0 0 0 0 0 0 0 0 0 0 0 0 0 0 0 0 0 0 0 0 0 0.394018 0.394018 0.1212 0.698157 0.212185 0.698157 0.698157 0.698157 0 0.698157 0.698157 0.698157 0 0 0 0.698157 0 0 0 0 0 0 0 0 0 0.210723 0 0 0 0 0.00262763 0.00750751 0.00593252 0 
0.02 0 0.047619 0 0 0.0496894 0 0 0.0340426 0 0 0 0.0144144 0 0 0 0 0.0158103 0.377138 0 0.17375 0 0 0 0 0 0 0 0 0 0 0 0 0 0 0 0 0 0 0 0 0 0 0 0.013 0 0 0 0.00780463 0.0182627 0 0.0140414 0 0 0.000171171 0.00600601 0.050241 0 
0 0 0.148459 0 0 0.329193 0 0 0 0.129584 0 0 0.0954955 0 0 0 0 0 0.193519 0 0.06625 0 0 0 0 0 0 0 0 0 0 0 0 0 0 0 0 0 0 0 0 0 0 0 0.0535 0 0 0 0 0.0236479 0 0 0 0 0.00128679 0.0112613 0.00945495 0 
0 0 0.114846 0 0 0 0 0 0 0.100244 0 0.198728 0 0 0 0 0 0 0.261926 0 0.05125 0 0 0 0 0 0 0 0 0 0 0 0 0 0 0 0 0 0 0 0 0 0 0 0 0 0 0 0 0.0430812 0 0 0 0 0.000807808 0.00675676 0.00723026 0 
0.0275 0 0.0308123 0 0.011 0.068323 0 0 0.438298 0 0 0.0540541 0 0 0 0 0 0 0.0405041 0 0.0275 0 0 0 0.0370611 0.0884265 0.0044 0 0 0 0 0 0.0465116 0 0 0 0.0319303 0 0 0 0 0 0 0 0 0 0 0 0.0196375 0.0400375 0.0189718 0 0.00937973 0 0.00361411 0.03003 0.0989989 0 
0 0 0 0 0 0 0 0 0 0 0 0 0 0 0 0 0 0 0 0 0 0 0 0 0 0 0 0 0 0 0 0 0 0 0 0 0 0 0 0 0 0 0 0 0 0 0 0 0 0 0 0 0 0 0 0 0.000370782 0 
0 0 0 0 0 0 0 0 0 0 0 0.162162 0 0 0 0 0 0 0 0 0 0 0 0 0.19896 0.530559 0 0 0 0 0 0 0 0 0.117512 0 0 0 0 0 0 0 0 0 0 0 0 0 0 0.0508078 0 0 0 0 0.00107808 0.00825826 0.0224323 0 
0 0.012605 0 0 0 0 0 0 0 0 0 0.0286169 0 0 0 0 0 0 0 0 0 0 0 0 0.0117035 0 0 0 0 0 0 0 0.383037 0 0 0.0852535 0.0261248 0 0 0 0 0 0 0 0 0 0.0829493 0.168224 0 0.0437837 0 0 0 0 0.00171321 0.00600601 0.0391175 0 
0 0 0 0 0 0 0 0 0 0 0 0 0 0 0 0 0 0 0.360036 0 0 0 0 0 0 0 0 0 0 0 0 0 0 0 0 0 0 0 0 0 0 0 0 0 0 0 0 0 0 0 0 0 0 0 0.00204655 0.00750751 0.00463478 1 
0 0 0 0 0 0 0 0 0 0 0 0 0 0 0 0 0 0 0.236724 0 0.32875 0 0 0 0 0 0 0 0 0 0 0 0 0 0 0 0 0 0 0 0 0 0 0 0 0 0 0 0 0.122454 0 0 0 0 0.000900901 0.00225225 0.00278087 0 
0 0 0 0 0 0 0 0 0 0 0 0 0 0 0 0 0 0 0 0 0 0 0 0 0 0 0.2 0 0 0 0 0 0 0 0 0 0 0 0 0 0 0 0 0 0.25 0 0 0 0 0 0 0.166517 0 0 0.00045045 0.00225225 0.00222469 0 
0.02 0.00560224 0.212885 0 0.085 0.63354 0.0343879 0.0544872 0.251064 0.0195599 0.085 0.0937997 0.0306306 0 0.95671 0.0340136 0.015625 0.183794 0.144914 0.0272 0.0525 0 0.361702 0.0181406 0 0 0 0 0 0 0 0 0 0 0 0 0 0 0 0.0184332 0 0 0.047619 0.00480192 0.004 0.0112045 0 0 0 0.0147506 0 0.0709271 0.0344932 0.00738462 0.00973574 0.501502 0.26066 1 
0.06 0 0.0672269 0 0 0.298137 0.0330124 0 0 0.117359 0.12 0.114467 0.216216 0 0 0.228571 0.140625 0 0.172817 0 0.21 0 0.102128 0 0 0 0 0 0 0 0 0 0 0 0 0 0 0 0 0 0 0 0 0 0 0 0 0 0 0 0 0.121872 0.25053 0.0923077 0.0050045 0.0382883 0.0793474 1 
0.0475 0.0133053 0.0532213 0 0.108 0.118012 0.0261348 0.314103 0.378723 0.144254 0.045 0.171701 0.0342342 0.16036 0.038961 0 0 0.233202 0.346535 0.0944 0.2225 0 0.0382979 0.0657596 0 0 0 0 0 0 0 0 0 0 0.0207373 0 0 0 0.00810081 0.0207373 0 0 0 0 0 0 0 0 0 0 0.116279 0.0741674 0.067171 0.00923077 0.0047973 0.036036 0.150723 1 
0 0 0 0 0.312 0 0.143054 0.333333 0 0.254279 0 0.165342 0 0 0 0.282993 0 0 0.187219 0 0.13 0 0 0 0 0 0 0 0 0 0 0 0 0 0 0 0 0 0 0 0 0 0 0 0.052 0 0 0 0 0 0 0 0 0 0.0145526 0.048048 0.025584 1 
0 0 0 0 0 0 0 0 0 0.141809 0 0 0 0 0 0 0 0 0.0522052 0 0 0 0 0 0 0 0 0 0 0 0 0 0 0 0 0 0 0 0 0 0 0 0 0 0 0.0812325 0 0 0 0.0194334 0 0 0 0 0.00765165 0.015015 0.0348535 0 
0.0425 0.0182073 0.338936 0 0.043 0.372671 0.0591472 0.0833333 0.293617 0.127139 0.13 0.206677 0.0306306 0 0.25974 0.106122 0.0332031 0.274704 0.218722 0.0272 0.14125 0 0.404255 0.0385488 0 0 0 0 0 0 0 0 0 0 0 0 0 0 0 0.0184332 0 0 0 0 0.004 0 0 0 0 0.0252868 0 0.0487849 0.073525 0.008 0.0081006 0.436937 0.254727 1 
0 0 0 0 0 0 0 0 0 0 0 0 0.196396 0 0 0 0 0 0.19712 0 0 0 0 0 0 0 0 0 0 0 0 0 0 0 0 0 0 0 0 0 0 0 0 0 0 0.152661 0 0 0 0 0 0 0 0 0.00345946 0.0345345 0.0139043 0 
0 0 0 0 0 0 0 0 0 0 0 0 0 0 0 0 0 0 1 0 0 0 0 0 0 0 0 0 0 0 0 0 0 0 0 0 0 0 0 0 0 0 0 0 0 0 0 0 0 0 0 0 0 0 0.000375375 0.000750751 0.000741565 0 
0.0375 0 0.341737 0 0.045 0 0.0206327 0 0.259574 0.149144 0 0.120827 0.0540541 0 0.12987 0.0829932 0.119141 0 0.164716 0.072 0.34375 0 0 0.0680272 0 0 0 0 0 0 0 0 0 0 0 0 0 0 0 0 0 0 0 0 0 0 0 0 0 0.0262234 0 0.125653 0.0202723 0 0.00615766 0.0465465 0.148313 1 
0 0 0.0784314 0 0 0 0 0 0 0 0 0 0 0 0 0 0 0 0.126013 0 0.07 0 0 0 0.219116 0.182055 0.0112 0.0645161 0.0196078 0.0645161 0.0645161 0.0645161 0 0.0645161 0.0645161 0.0645161 0.0812772 0 0 0.0645161 0 0.0196078 0.156863 0 0.014 0 0 0 0 0.0327792 0.0569155 0 0 0 0.0021982 0.0105105 0.0381906 0 
0 0 0.0504202 0 0.055 0.229814 0.0247593 0.0576923 0 0.0440098 0 0.0286169 0 0 0 0 0 0 0.0666067 0 0.04625 0 0.0765957 0 0 0 0 0 0 0 0 0 0.0752394 0 0 0.170507 0 0 0 0 0 0 0 0 0 0 0 0 0 0.0189651 0 0 0.00816944 1 0.00199099 0.00750751 0.0671116 1 
0 0 0 0 0.065 0 0.0894085 0 0 0 0 0 0 0 0 0.0884354 0 0 0.529253 0 0.08125 0 0 0 0 0 0 0 0 0 0 0 0 0 0 0 0 0 0 0 0 0 0 0 0.0325 0 0 0 0 0 0 0.317732 0 0 0.00304054 0.015015 0.0216908 1 
0 0 0 0 0 0 0 0 0 0 0 0 0 0 0 0 0 0 0 0 0 0 0 0 0 0 0 0 0 0 0 0 0 0 0 0 0.483309 0 0 0 0 0 0 0 0 0 0 0 0.0767875 0.143058 0 0.275248 0 0 0.00675676 0.0157658 0.0120504 1 
0.0125 0 0 0 0 0.0621118 0 0 0 0.0244499 0.025 0.0763116 0 0 0.021645 0.0285714 0.0195312 0 0.145815 0.008 0.135 0 0.0893617 0.0113379 0.13329 0.0624187 0.002 0.0368664 0 0.0368664 0.062212 0 0 0 0.0483871 0 0.0391872 0 0.0144014 0 0 0 0 0 0.0025 0 0 0.0934579 0 0.0676657 0.00917993 0.0111611 0.0139183 0 0.00151201 0.0232733 0.190026 0 
0 0 0 0 0 0 0 0 0 0 0 0 0 0 0 0 0 0 0 0 0 0 0 0 0 0 0 0 0 0 0 0 0 0 0 0 0 0 0 0 0 0 0 0 0 0 0 0 0 0 0 0 0 0 0.0015015 0.003003 0.00129774 0 
0 0 0 0 0.054 0 0 0 0 0 0.27 0.173291 0 0 0 0 0 0 0.343834 0 0 0 0 0 0.141743 0.283485 0 0.124424 0 0.251152 0 0 0 0 0.124424 0 0 0 0 0 0 0 0.151261 0 0.027 0 0 0 0 0.0203699 0 0 0 0 0.0038033 0.0247748 0.0292918 0 
0 0.047619 0.0952381 0 0 0 0 0.108974 0 0 0.17 0 0 0 0 0.234014 0 0 0.0927093 0 0.2575 0 0 0 0 0 0 0 0 0 0 0 0 0 0 0 0 0 0 0.078341 0 0 0 0 0.017 0 0 0 0 0.0107703 0 0 0 0 0.00351952 0.0795796 0.0357805 0 
0 0 0 0 0 0 0 0 0 0 0 0 0 0 0 0 0 0 0 0 0 0 0 0 1 1 0 0 0 0 0 0 0 0 0 0 0 0 0 0 0 0 0 0 0 0 0 0 0 0 0 0 0 0 0.00870871 0.012012 0.00611791 0 
0 0.120448 0 0 0 0 0 0 0 0.420538 0 0 0 0 0 0.234014 0 0.16996 0.0774077 0 0 0 0 0 0 0 0 0 0 0 0 0 0 0 0 0 0 0 0 0 0 0 0 0 0 0 0 0 0 0.0292672 0 0.0451845 0.0759455 0 0.00153453 0.00825826 0.0166852 1 
0 0 0 0 0.068 0 0 0 0 0.442543 0 0.108108 0 0 0 0.029932 0 0 0.306031 0 0.22625 0 0 0 0 0 0 0 0 0 0 0 0 0 0 0 0 0 0 0 0 0.0315126 0 0 0.011 0 0 0 0.0400302 0.130649 0.0973072 0.0358236 0 0 0.00764414 0.0615616 0.0980719 1 
0 0.017507 0.210084 0 0.1 0.15528 0 0 0 0 0.125 0.0397456 0.225225 0 0 0.0340136 0 0.247036 0.225923 0 0.21875 0 0.106383 0 0 0 0.01 0 0 0 0 0 0 0 0 0 0 0 0 0 0 0 0 0 0 0 0 0 0 0 0 0.00756076 0 0 0.000306306 0.0045045 0.0216908 0 
0 0 0 0 0 0 0 1 0 0 0 0 0 0 0 0 0 0 0 0 0 0 0 0 0 0 0 0 0 0 0 0 0 0 0 0 0 0 0 0 0 0 0 0 0.052 0 0 0 0 0.0463592 0 0.0356436 0.0599092 0 0.00428979 0.018018 0.0148313 1 
0 0 0 0 0 0 0 0 0 0 0 0 0.29009 0 0 0 0 0 0 0 0 0 0 0 0 0 0 0 0 0 0 0 0 0 0 0 0 0 0 0 0 0 0 0 0 0 0 0 0 0 0 0 0 0 0.000576577 0.00225225 0.00315165 0 
0 0 0 0 0 0 0 0 0 0 0 0 0 0 0 0 0 0 0.172817 0 0.24 0 0 0 0 0 0 0 0 0 0 0 0 0 0 0 0.278665 0 0 0 0 0 0 0 0 0.806723 0 0 0 0.0786701 0 0 0 0 0.00203003 0.0105105 0.00723026 0 
0 0.00910364 0.151261 0 0.027 0.0807453 0 0 0 0.0660147 0 0.192369 0 0 0 0.0176871 0 0 0.170117 0 0.1175 0 0 0 0.00845254 0.122237 0 0 0 0 0 0 0 0 0 0 0.0783745 0 0 0 0 0 0.0364146 0 0 0 0 0 0.0183787 0.0112386 0 0.00432043 0 0 0.00623123 0.0608108 0.107712 0 
0 0 0 0 0 0 0 0 0 0 0 0 0 0 0 0 0 0 0 0 0 0 0 0 0 0 0 0 0 0 0 0 0 0 0 0 0 0 0 0 0 0 0 0 1 0 0 0 0 0 0 0 0 0 0 0 0.000741565 0 
0 0 0.0560224 0 0.06 0.124224 0 0 0.0425532 0 0 0.0794913 0 0 0 0 0.0195312 0 0.0180018 0 0 0 0 0 0 0 0 0 0 0 0 0 0 0 0 0 0.0145138 0 0 0 0 0 0 0 0 0 0 0 0 0.0114727 0 0 0 0 0.0001997 0.00675676 0.0485725 0 
0 0 0.22409 0 0.08 1 0 0 0 0 0 0.127186 0.29009 0 0 0 0 0 0.362736 0 0 0 0 0 0 0 0 0 0 0 0 0 0 0 0 0 0 0 0 0 0 0 0 0 0 0 0 0 0 0 0 0.157516 0 0 0.00750751 0.0352853 0.0253986 1 
0.18 0 0 0 0 0 0 0 0 0 0 0.230525 0 0 0 0 0 0 0.0648065 0 0 0 0 0 0 0 0 0 0 0 0 0 0 0 0 0 0 0 0 0 0 0 0 0 0 0 0 0.672897 0 0 0 0 0 0 0.000611111 0.00375375 0.00685947 0 
0 0 0 0 0 0 0 0 0 0 0 0.117647 0 0 0 0 0 0.146245 0.134113 0 0 0 0 0 0.290637 0.289987 0 0.170507 0 0.170507 0.170507 0 0 0 0.170507 0.170507 0 0 0 0 0 0 0 0 0 0 0 0 0 0.023882 0.124847 0.0183618 0 0.125538 0.00168318 0.00675676 0.0159436 0 
0 0 0 0 0 0 0 0 0 0 0 0.114467 0 0 0 0 0 0 0.130513 0 0.2725 0 0 0 0.0942783 0.0936281 0.058 0.165899 0.0504202 0.165899 0.165899 0.165899 0 0.165899 0.165899 0.165899 0.104499 0 0.0648065 0.165899 0 0 0.201681 0 0.036 0 0 0 0 0.0859284 0 0 0 0 0.00134685 0.00825826 0.0135336 0 
0 0 0 0 0 0 0 0 0 0 0 0 0 0 0 0 0 0 0 0 0 0 0 0 0 0 0 0 0 0 0 0 0 0 0 0 0 0 0 0 0 0 0 0 0 0 0 0 0 0 0 0 0 0 0.00187688 0.00375375 0.00148313 0 
0 0 0.170868 0 0 0 0 0 0 0 0 0.292528 0 0 0 0 0 0 0 0 0 0 0 0 0 0.0793238 0 0 0 0 0 0 0 0 0 0 0 0 0 0 0 0 0 0 0 0 0.281106 0 0.0198892 0.0369937 0 0 0 0 0.00226426 0.012012 0.0263255 0 
0 0 0 0 0 0 0 0 0 0.132029 0 0 0 0 0 0 0 0 0.145815 0 0 0 0 0 0.105332 0.140442 0.0432 0.373272 0.0378151 0.124424 0.124424 0.124424 0 0.124424 0.124424 0.124424 0.0783745 0 0 0.124424 0 0 0.151261 0 0.027 0 0 0 0 0.130883 0 0 0 0 0.00306156 0.00900901 0.0285502 0 
0 0 0 0 0.032 0 0 0.102564 0.13617 0.156479 0 0.203498 0 0 0 0.348299 0.1875 0 0.345635 0 0.12 0 0 0 0 0 0 0 0 0 0 0 0 0 0 0 0 0 0 0 0 0 0 0 0 0 0 0 0 0.0229454 0.0299878 0.0885689 0 0 0.00177778 0.018018 0.0305895 1 
0 0 0 0 0 0.695652 0 0.717949 0 0 0.56 0.17806 0 0 0 0 0 0 0.40414 0 0 0 0.476596 0 0 0 0 0 0 0 0 0 0 0 0 0 0 0 0 0 0 0 0 0 0 0 0 0 0 0 0 0.146535 0 0 0.0024024 0.0105105 0.00704486 1 
0 0 0 0 0.185 0 0 0 0 0 0 0 0 0 0 0 0 0 0.166517 0 0 0 0 0 0.120286 0.481144 0 0.852535 0 0 0 0 0 0 0.852535 0 0 0 0 0 0 0 0 0 0 0 0 0 0 0.127371 1 0 0 0 0.00203003 0.00750751 0.00723026 0 
0 0 0 0 0 0 0 0 0 0 0 0 0 0 0 0.161905 0.232422 0 0.107111 0 0 0 0.506383 0 0 0 0 0 0 0 0 0 0 0 0 0 0 0 0 0 0 0 0 0 0 0 0 0 0 0 0 0.212601 0.238124 0 0.00431682 0.0225225 0.017056 1 
0 0.0245098 0.196078 0 0.035 0 0 0 0 0 0 0.111288 0 0 0 0.142857 0 0.13834 0.189919 0 0.175 0 0 0 0 0 0 0 0 0 0 0 0 0 0 0 0 0 0 0 0 0 0 0 0.0175 0 0 0 0 0.0285647 0 0.231143 0 0 0.00396246 0.045045 0.057842 1 
0 0 0.165266 0 0 0 0 0.189103 0 0 0 0.475358 0 0 0 0 0 0 0.107111 0 0 0 0 0 0.0773732 0.076723 0 0 0 0 0.135945 0 0 0 0 0 0 0 0 0 0 0 0 0 0 0 0 0 0 0.0915476 0 0 0 0 0.00125526 0.0045045 0.0164998 0 
0 0 0.0896359 0 0.064 0.397516 0.0440165 0.102564 0 0 0 0.0508744 0.0576577 0 0 0.0435374 0.0625 0 0.20432 0 0.405 0 0 0.0725624 0 0 0 0 0 0 0 0 0 0 0 0 0 0 0 0 0 0 0 0 0.016 0 0 0 0 0.0248185 0 0 0.0481089 0.0326154 0.000806306 0.00675676 0.0263255 1 
0 0 0 0 0 0 0 0 0 0 0 0 0 0 0 0 0 0 0 0 0 0 0 0 0.270481 0.540962 0 0 0 0 0 0 0 0 0 0 0 0 0 0 0 0 0 0 0 0 0 0 0 0 0 0 0 0 0.00107207 0.00375375 0.004264 0 
0.025 0 0.114846 0 0.01 0.0621118 0.0137552 0.166667 0.0425532 0 0 0.0985692 0 0.036036 0 0 0.0195312 0 0 0 0 0 0.310638 0 0 0 0 0 0 0 0 0 0 0 0 0 0 0 0 0 0 0 0 0 0 0 0 0 0 0.0112386 0 0.00288029 0.0193646 0 0.00137387 0.021021 0.0626622 1 
0 0 0.117647 0 0.064 0 0 0 0 0 0 0.0333863 0 0 0 0 0 0 0.0765077 0 0.02625 0 0 0 0.138492 0.0273082 0.0084 0 0 0 0 0 0.291382 0 0 0 0.0609579 0 0.0189019 0.0483871 0 0 0.117647 0.012605 0.032 0 0 0 0.0599194 0.103723 0.0416157 0 0 0 0.00228829 0.0127628 0.0480163 0 
0 0 0 0 0 0 0 0 0 0 0 0 0.52973 0.52973 0 0 0 0 0 0 0 0 0 0 0 0 0 0 0 0 0 0 0 0 0 0 0 0 0 0 0 0 0 0 0 0 0 0 0 0 0 0 0 0 0.000900901 0.003003 0.00278087 0 
0 0 0 0 0 0 0 0 0 0 0 0.224165 0 0 0 0 0.136719 0 0.126913 0 0.17625 0 0 0 0 0 0.028 0 0 0 0.16129 0 0 0 0 0 0 0 0 0.488479 0 0 0 0 0 0 0 0 0 0.0625146 0.0403917 0 0 0 0.0253108 0.148649 0.0693363 0 
0 0 0.246499 0 0 0 0 0 0.374468 0 0 0 0 0 0 0 0 0 0 0 0 0 0 0 0 0 0 0 0 0 0 0 0 0 0 0 0 0 0 0 0 0 0 0 0 0 0 0 0 0.0737532 0 0 0 0 0.000249249 0.0015015 0.00370782 0 
0.055 0 0 0 0 0.136646 0.0302613 0 0 0.0537897 0 0.0349762 0 0 0 0.029932 0 0 0.182718 0 0.0275 0 0 0 0 0 0 0 0 0 0 0 0 0 0 0 0 0 0 0 0 0 0 0 0 0 0 0 0 1 0 0.116472 0 0 0.0013048 0.015015 0.0396737 1 
0 0 0.0616246 0 0 0 0 0 0 0 0 0.0349762 0 0 0 0 0 0 0.09991 0 0.0275 0.533733 0 0 0 0 0 0 0 0 0 0 0 0 0 0 0 0 0.019802 0 0 0 0 0 0 0 0 0 0.786757 0 0 0.0432043 0 0.172308 0.0066021 0.0315315 0.0828699 0 
1 0 0.280112 0 0.1 0 0 0 0 0 0 0.158983 0 0 0 0 0 0 0 0 0 0 0 0 0 0 0 0 0 0 0 0 0 0 0 0 0 0 0 0 0 0 0 0 0 0 0 0 0 0.0393351 0 0.030243 0 0 0.000689189 0.00675676 0.00982573 0 
0 0 0.0896359 0 0.064 0.397516 0.088033 0.102564 0 0 0 0.0508744 0.0576577 0 0 0.0435374 0.0625 0.0632411 0.20432 0 0.405 0 0 0.0725624 0 0 0 0 0 0 0 0 0 0 0 0 0 0 0 0 0 0 0 0 0.032 0 0 0 0 0.0365254 0 0 0.0472012 0 0.00103303 0.0135135 0.028921 1 
0 0 0 0 0 0 0 0 0 0 0 0 0 0 0 0 0 0 0 0 0 0 0 0 0 0 0 0 0 0 0 0 0 0 0 0 0 0 0 0 0 0 0 0 0 0 0 0 0 0 0 0 0 0 0 0 0.000370782 0 
0 0 0 0 0 0 0 0 0 0 0 0 0 0 0 0 0 0 0.360036 0 0 0 0 0 0 0 0 0 0 0 0 0 0 0 0 0 0 0 0 0 0 0 0 0 0 0 0 0 0 0 0 0.131233 0 0 0.00131381 0.00225225 0.00259548 0 
0 0 0.0588235 0 0 0.130435 0 0 0 0.0513447 0.105 0.203498 0 0 0 0 0.0410156 0 0.115212 0 0.08 0 0 0 0 0 0 0 0 0 0 0 0 0 0 0 0.0928882 0 0 0 0 0 0 0 0 0 0 0.598131 0 0 0 0 0.0293495 0 0.00217868 0.0405405 0.0470894 0 
0 0 0.112045 0 0 0 0 0 0 0.195599 0 0 0 0 0 0 0 0 0.0360036 0 0.05 0 0 0 0.0780234 0.104031 0 0 0 0.0921659 0 0 0 0 0 0 0 0 0 0 0 0 0 0 0 0 0 0 0 0.0231796 0 0.00882088 0 0 0.00193393 0.00600601 0.0248424 0 
0 0 0.352941 0 0 0 0 0 0 0 0 0 0.227027 0 0 0 0.494141 1 0.227723 0 0.47375 0 0 0 0 0 0 0 0 0 0 0 0 0 0 0 0 0 0 0 0 0 0 0 0 0 0 0 0 0 0 0.342034 0.143722 0 0.00114565 0.00750751 0.0122358 1 
0 0 0.29972 0 0.053 0 0 0 0 0 0 0 0 0 0 0 0 0 0.289829 0.0848 0.13375 0.604198 0 0 0 0 0 0 0 0 0 0 0 0 0 0 0 0 0 0 0 0 0 0 0 0 0 0 0 0 0 0.0477048 0.0266263 0.708308 0.0151141 0.0495495 0.0613645 1 
0.015 0 0 0 0 0.0745342 0 0 0 0.0293399 0 0.0302067 0 0 0.025974 0.0258503 0.0234375 0 0.156616 0.0096 0.15375 0 0.106383 0.0136054 0.146944 0.0494148 0.0024 0.0437788 0 0.0437788 0.0737327 0 0 0 0.0576037 0 0.0464441 0 0.0171017 0 0 0 0 0 0.003 0 0 0.11215 0 0.0772653 0.0110159 0.0115212 0.0166415 0 0.00153754 0.018018 0.16611 0 
0.0075 0 0.00840336 0.00304236 0.006 0.0186335 0 0 0.13617 0 0 0.0143084 0 0 0 0 0 0.00592885 0.0117012 0 0.01125 0 0 0 0.0910273 0.187256 0.0012 0 0 0 0 0 0.0123119 0 0 0.00691244 0.184325 0.0192308 0 0 0 0 0 0.00360144 0 0 0 0 0.0568983 0.0550222 0.110771 0 0.00272315 0 0.00263363 0.0247748 0.498146 0 
0 0 0 0 0 0 0 0 0 0.332518 0 0 0 0 0 0 0 0 0 0 0.17 0 0 0 0 0 0 0 0 0 0 0 0 0 0 0 0 0 0 0 0 0 0 0 0 0.190476 0 0 0 0 0 0 0 0 0.00457958 0.0375375 0.0148313 0 
0 0 0 0 0 0 0 0 0 0 0 0 0 0 0 0 0 0 0.20162 0 0 0 0 0 0 0 0 0 0 0 0 0 0 0 0 0 0.129173 0 0.039604 0 0 0 0 0 0.067 0.376751 0 0 0 0 0 0 0 0 0.00204505 0.0105105 0.0252132 0 
0 0 0 0 0 0 0 0 0 0 0 0 0 0 0 0 0 0 0 0 0 0 0 0 0 0 0 0 0 0 0 0 0 0 0 0 0 0 0 0 0 0 0 0 0.1665 0 0 0 0 0.147038 0 0 0 0 0.000750751 0.003003 0.00259548 0 
0.19 0.0266106 0 0 0.038 0.236025 0 0 0 0.0929095 0 0.243243 0 0 0 0 0 0 0.172817 0 0.38375 0.0284858 0 0 0 0 0 0 0 0 0 0 0 0 0 0 0 0 0 0 0 0 0 0 0 0 0 0 0 0.029033 0 0.0223222 0 0.0381538 0.133483 0.551051 0.166481 1 
0 0 0 0 0 0 0.404402 0.471154 0.625532 0.359413 0.735 0 0 0 0 0 0.287109 0 0 0.2352 0.55125 0 0 0 0 0 0 0 0 0 0 0 0 0 0 0 0.213353 0 0 0 0 0 0 0 0 0 0 0 0 0.0332475 0 0.0768677 0.0429652 0 0.137137 0.204955 0.051168 1 
0.065 0.0035014 0.406162 0 0.037 0.0621118 0 0 0.0425532 0.0244499 0.105 0.170111 0 0 0 0 0 0 0.30423 0 0.17375 0 0 0.0725624 0 0 0 0 0 0 0 0 0 0 0 0 0 0 0 0 0 0 0 0 0.0025 0 0 0 0 0.0177944 0 0.0471647 0.0562784 0.0153846 0.0162057 0.216216 0.42399 1 
0.09 0 0.411765 0 0.036 0 0 0 0.153191 0 0.18 0.527822 0 0 0 0 0 0 0.0990099 0 0.045 0 0 0 0.023407 0.046814 0 0 0 0 0 0 0 0 0 0 0.159652 0 0 0 0 0.0770308 0 0 0 0 0 0 0 0.011941 0 0 0 0 0.00194144 0.033033 0.0317019 0 
0 0 0 0 0.059 0 0 0 0 0 0 0.0937997 0 0 0 0 0 0 0 0 0 0 0 0 0.116385 0.193758 0 0.135945 0 0.205069 0 0 0 0 0.0668203 0 0 0 0 0 0 0 0 0.017407 0 0 0 0 0 0.0330133 0 0 0 0 0.00130631 0.0172673 0.0320727 0 
0.03 0 0.0336134 0 0 0 0 0 0 0 0.06 0.0604134 0 0 0 0 0.0234375 0 0.160216 0 0.06375 0 0 0 0 0 0 0 0 0 0 0 0 0 0 0 0.0174165 0 0 0 0 0.017507 0 0 0.006 0.0882353 0 0 0.00453172 0.0173262 0 0.00990099 0 0.0110769 0.00312312 0.0465465 0.0774935 0 
0.0425 0.0182073 0.338936 0 0.043 0.372671 0.0591472 0.0833333 0.293617 0.127139 0.13 0.206677 0.0306306 0 0.25974 0.0938776 0.015625 0.290514 0.218722 0.0272 0.13 0 0.404255 0.0385488 0 0 0 0 0 0 0 0 0 0 0 0 0 0 0 0.0184332 0 0 0 0 0.004 0 0 0 0 0.0250527 0 0.0460846 0.0732224 0.008 0.00772072 0.436937 0.248053 1 
0.2375 0 0.131653 0.0222326 0 0.590062 0 0 0.2 0 0.235 0 0 0 0.614719 0.0639456 0.0917969 0.470356 0 0 0.11875 0 0 0.106576 0 0 0 0 0 0 0 0 0.0642955 0 0 0 0 0 0 0 0 0 0 0 0 0.0658263 0 0 0 0.185203 0 0.030423 0.136762 0.0695385 0.012973 0.193694 0.133852 1 
0 0 0 0 0 0 0 0 0 0 0 0.205087 0 0 0 0 0 0 0 0 0 0 0 0 0 0 0 0 0 0 0 0 0 0 0 0 0.0928882 0 0 0 0 0 0 0 0 0 0 0 0 0 0 0 0 0 0.00191441 0.00525526 0.0166852 0 
0 0 0 0 0.092 0 0 0 0 0 0 0.146264 0 0 0 0 0 0 0.0828083 0 0.115 0 0 0 0 0 0 0 0 0 0 0 0 0 0 0 0 0 0 0 0 0 0 0 0 0 0 0 0 0 0 0 0 0 0.000750751 0.0045045 0.00593252 0 
0 0.0133053 0.159664 0 0.009 0.173913 0.0123796 0.0288462 0.161702 0.0464548 0 0.09062 0.102703 0 0 0.0258503 0 0 0.180918 0 0.17875 0 0 0.0430839 0 0 0 0 0 0 0 0 0 0 0 0 0 0 0 0 0 0 0 0 0 0 0 0 0.00881168 0.0538516 0 0.0158416 0.0375189 0 0.00210961 0.0367868 0.0680386 1 
0 0 0 0 0 0 0 0 0 0 0 0 0 0 0 0 0 0 0 0 0 0 0 0 0 0 0.2664 0 0 0 0 0 0 0 0 0 0 0 0 0 0 0 0 0 0 0 0 0 0.303122 0 0 0 0 0 0.000427928 0.000750751 0.00148313 0 
0 0 0.215686 0 0.038 0.236025 0.0522696 0 0 0.188264 0.19 0.0604134 0 0 0 0.104762 0.150391 0.152174 0.207921 0 0.14375 0 0 0.0861678 0 0 0 0 0 0 0 0 0 0 0 0 0 0 0 0 0 0 0 0 0 0 0 0 0.015861 0.0297354 0.156059 0.0918092 0 0 0.00403153 0.0457958 0.0476455 1 
0 0.00560224 0.022409 0 0 0.0496894 0 0.0512821 0 0 0 0.128776 0.0288288 0 0 0 0.015625 0 0 0 0 0 0.0340426 0 0.226918 0.0624187 0 0 0.022409 0.0552995 0 0 0 0 0 0.0737327 0.011611 0 0 0 0 0.00560224 0 0 0 0 0 0.0747664 0.00553877 0.0259892 0 0 0.0166415 0 0.00171922 0.015015 0.128291 0 
0 0 0 0 0 0 0 0 0 0 0 0 0 0 0 0 0 0 0 0 0 0 0 0 0 0 0.0848 0 0 0 0 0 0 0 0 0 0 0 0 0 0 0 0 0 0 0 0 0 0 0.172091 0 0 0 0 0.003003 0.0045045 0.00871339 0 
0.0025 0.00210084 0.0560224 0 0.009 0.0186335 0 0 0.0212766 0.0122249 0 0.0747218 0.00540541 0.0306306 0 0.0122449 0.0351562 0.0256917 0.0315032 0.0048 0.01875 0 0 0.00680272 0 0 0.002 0.00691244 0.00070028 0 0 0 0.201094 0 0 0.0253456 0.130624 0 0 0.00691244 0 0.00490196 0 0.00780312 0.0025 0.0252101 0 0.140187 0.00956697 0.0615781 0.00305998 0.00288029 0 0.00307692 0.00184685 0.0758258 0.587134 0 
0 0 0 0 0 0 0 0 0 0 0 0 0 0 0 0 0 0 0 0 0 0 0 0 0 0 0 0 0 0 0 0 0 0 0 0 0 0 0 0 0 0 0 0 0 0 0 0 0 0 0 0 0 0 0.000333333 0.000750751 0.00185391 0 
0 0 0 0 0 0 0 0 0 0 0 0.165342 0 0 0 0 0 0 0.468047 0 0 0 0 0 0 0 0.0416 0 0 0 0 0 0 0 0 0 0 0 0 0 0 0 0 0 0 0 0 0 0 0.0456568 0 0 0 0 0.000106607 0.000750751 0.00259548 0 
0 0 0 0 0 0 0 0 0 0 0 0 0 0 0 0 0 0 0 0 0 0 0 0 0 0 0 0 0 0 0 0 0 0 0 0 0 0 0 0 1 0 0 0 0 1 0 0 0 0 0 0 0 0 0.00675676 0.00675676 0.00185391 0 
0 0 0 0 0 0 0 0 0 0 0 0 0 0 0 0 0 0 0 0 0 0 0 0 0 0 0 0 0 0 0 0 0 0 0 0 0 0 0.169217 0 0 0 0.526611 0 0 0 0 0 0 0.151487 0 0 0 0 0.0027027 0.0127628 0.00760104 0 
0 0 0 0 0 0 0 0 0 0 0 0.779014 0 0 0 0 0 0 0 0 0 0 0 0 0 0 0 0 0 0 0 0 0 0 0 0 0 0 0 0 0 0 0 0 0 0 0 0 0 0 0 0 0 0 0.00218318 0.003003 0.00482017 0 
0 0 0 0 0 0 0 0 0 0 0 0.756757 0 0 0 0 0 0 0 0 0 0 0 0 0 0 0 0 0 0 0 0 0 0 0 0 0 0 0 0 0 0 0 0 0 0 0 0 0 0 0 0.138434 0 0 0.000642643 0.00225225 0.00166852 0 
0 0.0567227 0 0 0.203 0 0 0.128205 0 0.295844 0 0.128776 0 0 0 0.0544218 0 0 0.328533 0 0.2025 0 0.689362 0.0907029 0 0 0 0 0 0 0 0 0 0 0 0 0 0 0 0 0 0 0 0 0.02 0 0 0 0 0 0 0 0.0822995 0 0.00329129 0.0247748 0.0305895 1 
0.2125 0.0595238 0 0 0.17 0 0 0 0 0.207824 0 0.135135 0 0 0 0 0 0 0 0 0.10625 0 0 0 0 0.110533 0 0 0 0 0 0 0 0 0 0 0 0 0 0 0 0 0 0 0 0 0 0 0 0.0643877 0 0 0 0 0.000825826 0.003003 0.00556174 0 
0 1 0 0 0 0 0 0 0 0 0 0 0 0 0 0 0 0 0 0 0 0 0 0 0 0 0 0 0 0 0 0 0 0 0 0 0 0 0 0 0 0 0 0 0 0 0 0 0 0 0 0 0 0 0.0012012 0.003003 0.00148313 0 
0 0 0 0 0 0 0 0 0 0 0 0 0 0 0 0 0 0 0.289829 0 0.26875 0 0 0 0 0 0 0 0 0 0 0 0 0 0 0 0 0 0 0 0.30112 0 0 0 0 0.14986 0 0 0 0.046125 0 0 0 0 0.00197447 0.0045045 0.00797182 0 
0 0 0 0 0 0 0 0 0 0 0 0 0 0 0 0 0 0 0 0 0 0 0 0 0 0 0 0 0 0 0 0 0 0 0 0 0 0 0 0 0 0 0 0 0.125 0 0 0 0 0 0 0 0 0 0.0005 0.0015015 0.0020393 0 
0 0 0 0 0 0 0 0 0 0 0 0 0 0.214414 0 0 0 0.235178 0 0 0 0 0 0 0 0 0 0 0 0 0 0 0.162791 0 0 0 0 0 0 0 0 0 0 0 0 0 0 0 0 0 0 0 0 0 0.00176877 0.015015 0.0111235 0 
0 0 0 0 0.043 0 0 0 0 0 0 0.0683625 0 0 0 0 0 0 0.19712 0 0 0 0 0 0 0 0.0172 0 0 0 0 0 0.119015 0 0 0 0 0 0 0 0 0 0 0 0 0 0 0 0.0198892 0.0369937 0 0 0 0 0.000172673 0.000750751 0.00519095 0 
0 0 0 0 0.013 0.161491 0 0 0 0.0317848 0 0.18601 0.0234234 0.0234234 0 0 0.101562 0 0 0 0 0 0 0 0.236671 0.0845254 0 0 0.00910364 0.119816 0 0 0 0 0 0.0898618 0.0188679 0 0 0 0 0 0 0 0 0 0 0 0.0339879 0.0236479 0 0 0 0 0.00137387 0.0135135 0.071561 0 
0 0 0.0644258 0 0.023 0 0 0 0.0978723 0 0 0 0 0.257658 0 0 0.0449219 0 0.0207021 0 0.2675 0 0 0 0.0149545 0 0 0 0 0 0 0 0 0 0 0 0.0333817 0 0 0 0 0.133053 0 0 0 0 0 0 0.0294562 0.0550222 0 0.0210621 0 0.100923 0.00242643 0.119369 0.126437 0 
0.1475 0.00630252 0.0252101 0 0.029 0.0559006 0 0.189103 0.251064 0.511002 0.145 0.0143084 0.0522523 0 0.168831 0.0122449 0.154297 0.0770751 0.287129 0.0144 0.21125 0 0.591489 0.22449 0 0 0 0 0 0 0 0 0 0 0 0.0207373 0 0 0.00810081 0 0 0 0 0 0.0095 0 0 0 0.0110775 0.0182627 0 0.060126 0.0402421 0.00676923 0.0217613 0.878378 0.470894 1 
0 0 0 0 0.043 0 0 0 0 0 0 0 0 0 0 0 0 0.0849802 0.19712 0 0.10875 0 0 0 0 0 0 0 0 0 0 0 0 0 0 0 0 0 0 0 0 0 0 0.0522209 0.0435 0.0602241 0 0 0 0.0184968 0 0 0 0 0.000438438 0.003003 0.00964034 0 
0.025 0.0070028 0.19888 0 0.051 0.124224 0.0275103 0.0320513 0.608511 0.200489 0.05 0.0810811 0 0 0 0.0136054 0 0.201581 0.193519 0.0656 0.23 0 0 0.0680272 0 0 0 0 0 0 0 0 0 0 0.0230415 0 0 0 0.0090009 0 0 0 0 0 0 0 0 0 0 0 0.161567 0.175338 0.119818 0.0203077 0.00324775 0.0412913 0.190397 1 
0.17 0 0 0 0 0 0 0 0 0 0 0.108108 0 0 0 0.092517 0 0 0.492349 0 0 0 0 0 0.0442133 0 0.0272 0 0 0 0 0 0 0 0 0.156682 0 0 0 0 0 0 0 0 0.034 0 0 0 0 0.0323109 0 0 0 0 0.00015015 0.0015015 0.00389321 0 
0 0 0 0 0 0 0 0 0 0 0 0 0 0 0 0 0 0 0 0 0 0 0 0 0 0 0 0 0 0 0 0 0 0 0 0 0.28447 0 0.176418 0 0 0 0.27451 0 0 0 0 0.915888 0 0.0882697 0 0.0225023 0 0 0.00289039 0.0195195 0.0291064 0 
0 0 0 0 0 0 0 0 0 0 0 0 0 0 0 0.887075 0 0 0.19532 0 0.27125 0 0 0 0 0 0 0 0 0 0 0 0 0 0 0 0 0 0 0 0 0 0 0 0 0 0 0 0 0 0 0.206841 0 0 0.0121622 0.024024 0.0166852 1 
0.0425 0 0.022409 0 0.042 0.0496894 0.0110041 0.134615 0.0340426 0.0195599 0 0.0953895 0.0306306 0.0306306 0 0 0.0332031 0.0158103 0.108011 0 0.39625 0 0.144681 0.0181406 0 0 0 0 0 0 0 0 0 0 0 0 0 0 0 0 0 0 0 0 0 0 0 0 0 0.0189651 0.0165239 0.0171017 0.00393343 0 0.00460961 0.0352853 0.106229 1 
0 0 0 0 0 0 0 0 0 0 0 0 0 0 0 0 0 0 0.428443 0 0 0 0 0 0 0 0 0 0 0 0 0 0 0 0 0 0 0 0 0 0 0 0 0 0 0 0 0 0 0 0 0 0 0 0 0 0.000370782 1 
0 0 0 0 0 0 0 0 0 0 0 0 0 0 0 0 0 0 0 0 0 0 0 0 0 0 0.02 0 0.035014 0 0 0 0 0 0 0 0 0 0 0 0 0 0 0 0 0 0 0 0 0.117303 0.102203 0 0 0.0510769 0.00447898 0.0202703 0.0441231 0 
0.015 0 0.0672269 0 0.01 0 0 0.0544872 0.0723404 0.0415648 0 0.0158983 0.00540541 0 0 0.00408163 0 0 0.0405041 0 0.025 0 0.012766 0 0.076723 0.158648 0 0 0 0 0 0 0 0 0 0 0.197388 0 0 0 0 0 0.0168067 0 0.0225 0 0 0 0.0450655 0.0714118 0.0177479 0.00522052 0.00332829 0.0141538 0.00272222 0.0187688 0.465146 1 
0 0 0.0840336 0 0.03 0.559006 0 0.0961538 0 0 0 0.0476948 0.0540541 0 0 0.0408163 0.0585938 0.0592885 0.189919 0 0.3775 0 0 0.0680272 0 0 0 0 0 0 0 0 0 0 0 0 0 0 0 0 0 0 0 0 0.015 0 0 0 0 0.0491688 0 0 0.0635401 0.032 0.00110811 0.00750751 0.0342974 1 
0 0 0.366947 0 0 0 0 0 0 0 0 0.208267 0 0 0 0 0 0 0.117912 0 0.6575 0 0 0.297052 0 0 0 0 0 0 0 0 0 0 0 0 0 0 0 0 0 0 0 0 0 0 0 0 0 0 0 0 0.0635401 0 0.00525526 0.018018 0.00982573 1 
0 0 0 0 0 0 0 0 0 0.264059 0 0 0 0 0 0.443537 0 0 0.488749 0 0 0 0 0 0 0 0 0 0 0 0 0 0 0 0 0 0 0 0 0 0 0 0 0 0 0 0 0 0 0 0 0.387399 0 0 0.00632132 0.0262763 0.0181683 1 
0.1075 0.0182073 0.120448 0 0.078 0.161491 0 0.0544872 0.144681 1 0.04 0.193959 0.0774775 0 0.337662 0.153741 0.0507812 0.37747 0.211521 0 0.29375 0 0.0340426 0.0975057 0 0 0 0 0 0 0 0 0 0 0 0.0184332 0 0 0 0.0184332 0 0 0 0 0 0 0 0 0.0140987 0.0564271 0.0257038 0.127633 0.016944 0 0.00498348 0.0938438 0.208009 1 
0.1175 0.0217087 0.131653 0 0.005 0.0807453 0.00687758 0.0833333 0.178723 0.185819 0.13 0.154213 0.102703 0.221622 0 0.0136054 0.0917969 0 0.290729 0 0.18625 0 0.421277 0.0770975 0 0 0 0 0 0 0 0 0 0 0 0 0 0 0 0 0 0 0 0 0.001 0 0 0 0 0.0156872 0 0.0590459 0.259607 0.0966154 0.0073994 0.148649 0.585651 1 
0 0.092437 0.156863 0 0 0.583851 0 0.0576923 0.157447 0.183374 0 0.329094 0 0 0 0 0.0722656 0 0.220522 0 0.1175 0 0 0.0408163 0 0 0.0072 0 0 0 0 0 0 0 0 0 0 0 0 0 0 0 0 0 0 0 0 0 0 0.018731 0 0.0435644 0.0323752 0 0.00243694 0.0255255 0.0450501 1 
0 0 0 0 0 0 0 0 0 0 0 0.287758 0 0 0 0 0 0 0 0 0.22625 0 0 0 0 0 0 0 0 0 0 0 0 0 0 0 0 0 0 0 0 0 0 0 0 0 0 0 0 0 0 0.0556256 0 0 0.0005 0.00750751 0.0101965 1 
0 0 0.131653 0 0.143 0 0 0 0 0 0 0.151033 0 0 0 0.0639456 0.185547 0 0.30063 0 0.23875 0 0.2 0 0 0 0 0 0 0 0 0 0 0 0 0 0 0 0 0 0 0 0 0 0.0715 0 0 0 0 0.0177944 0 0.0964896 0.092587 0 0.00548498 0.0578078 0.0446793 1 
0 0 0 0 0.012 0 0 0 0 0 0 0.157393 0 0 0 0.0163265 0.0234375 0.0237154 0.0108011 0 0.015 0 0 0 0 0 0 0.0552995 0.00840336 0.0276498 0 0 0 0 0 0.142857 0 0.0769231 0 0 0 0.0259104 0 0 0.006 0.0518207 0 0 0 0.0854601 0 0 0 0 0.00206607 0.03003 0.0910271 1 
0 0 0 0 0.156 0 0.21458 0 0 0 0 0 0 0 0 0 0 0 0.140414 0 0 0 0 0 0 0 0 0 0 0 0 0 0 0 0 0 0 0 0 0 0 0 0 0 0 0 0 0 0 0 0 0.138074 0.0771558 0 0.0106351 0.0600601 0.0177976 1 
0 0 0 0 0.229 0 0 0 0 0 0 0.18124 0 0 0 0.62449 0 0 0.309631 0 0.1425 0 0 0 0 0 0 0 0 0 0 0 0 0 0 0 0 0 0 0 0 0 0 0 0.057 0 0 0 0 0.151253 0 0.349055 0 0 0.0112027 0.0217718 0.0202076 1 
0.135 0 0.302521 0 0.054 0 0.148556 0 0 0 0 0.0858506 0 0 0 0.0734694 0.105469 0 0.388839 0 0.135 0 0.689362 0 0 0 0 0 0 0 0 0 0 0 0 0 0 0 0 0 0 0 0 0 0.027 0 0 0 0 0 0 0.219262 0.0789713 0 0.00649099 0.0503003 0.0333704 1 
0.18 0 0 0 0 0 0.19945 0 0 0 0 0.114467 0 0 0 0 0.283203 0 0.19622 0.232 0.6375 0 0 0 0 0 0 0 0 0 0 0 0 0 0 0 0 0 0 0 0 0 0 0 0 0 0 0 0 0 0 0.0189019 0 0 0.00253604 0.018018 0.0142751 1 
0.0975 0 0 0 0 0.242236 0.108666 0 0 0 0 0.125596 0 0 0 0 0.0761719 0 0.213321 0 0.345 0 0.502128 0.179138 0 0 0 0 0 0 0 0 0 0 0 0 0 0 0 0 0 0 0 0 0 0 0 0 0 0.0142824 0 0.110171 0.0553707 0 0.00251952 0.00900901 0.0137189 1 
0 0 0.103641 0 0.113 0 0.0508941 0 0 0.183374 0 0.0588235 0 0 0 0.0503401 0.146484 0 0.238524 0 0.14125 0 0.157447 0 0 0 0 0 0 0 0 0 0 0 0 0 0 0 0 0 0 0 0 0 0.0565 0 0 0 0 0.0147506 0 0.158776 0.0571861 0 0.00462462 0.0578078 0.0467186 1 
0 0 0.179272 0 0 0.397516 0 0 0 0 0 0 0 0 0 0.0870748 0 0 0.233123 0 0 0 0.27234 0 0 0 0 0 0 0 0 0 0 0 0 0 0.0928882 0 0 0 0 0 0 0 0 0 0 0 0.0236657 0.0442519 0.173807 0.119172 0 0 0.0136156 0.0975976 0.0539488 1 
0.1725 0 0 0 0.139 0 0.0949106 0 0 0 0 0.109698 0 0 0 0 0 0 0.314131 0 0.17375 0 0 0 0 0 0 0 0 0 0 0 0 0 0 0 0 0 0 0 0 0 0 0 0 0 0 0 0 0 0 0.0352835 0 0 0.00765766 0.042042 0.0337412 1 
0 0 0.221289 0 0.026 0 0.0357634 0.0833333 0 0 0 0.208267 0 0 0 0 0 0.0513834 0.142214 0 0.065 0 0 0 0 0 0 0 0 0 0 0 0 0 0 0.119816 0.0377358 0 0 0.0599078 0 0 0 0 0 0 0 0.242991 0.00956697 0.00889721 0 0.0138614 0 0 0.0012012 0.021021 0.0315165 1 
0 0 0 0 0 0 0 0 0 0 0 0 0 0 0 0 0 0 0 0 0 0 0 0 0 0 0 0 0 0 0 0 0 0 0 0 0 0 0 0 0 0 0 0 0 0 0 0 0 0 0 0 0 0 8.25826e-05 0.0015015 0.00685947 1 
