Spambase-460 58 230
0 0 0 0 0 0 0 0 0 0 0 0 0 0 0 0 0 0 0 0 0 0 0 0 0 0 0 0 0 0 0 0 0 0 0 0 0 0 0 0 0 0 0 0 0 0 0 0 0 0.129244 0 0 0 0 0 0 0.000556174 0 
0 0.0336134 0.134454 0 0.146 0 0.0660248 0 0 0.237164 0.24 0 0 0 0 0.0653061 0 0 0.0873087 0.0768 0.24375 0 0 0.108844 0 0 0 0 0 0 0 0 0 0 0 0 0.211901 0 0 0.110599 0 0 0 0 0 0 0 0 0 0.017092 0 0.106031 0.0889561 0 0.00578078 0.0345345 0.0357805 1 
0 0 0 0 0 0 0 0 0 0 0 0.721781 0 0 0 0 0 0 0 0 0 0 0 0 0 0 0 0 0.636555 0 0 0 0 0 0 0 0 0 0 0 0 0.636555 0 0 0 0 0 0 0 0 0 0 0 0 0.001 0.00225225 0.00259548 0 
0 0 0 0 0 0 0 0 0 0 0 0.144674 0 0 0 0 0.177734 0 0.247525 0 0 0 0 0 0.118986 0 0 0 0 0 0 0 0 0 0 0 0.132075 0 0 0 0 0.0637255 0 0 0 0 0 0 0.0757805 0 0 0.0541854 0 0 0.00141441 0.00525526 0.0124212 0 
0 0 0 0 0 0 0 0.355769 0 0 0 0 0 0 0 0 0 0 0 0 0 0 0.47234 0 0 0 0 0 0 0 0 0 0 0 0 0 0 0 0 0 0 0 0 0 0.0555 0 0 0 0 0.0487005 0 0.0374437 0.12587 0 0.00442943 0.0165165 0.0144605 1 
0 0 0 0 0.032 0 0 0 0 0 0 0.0508744 0 0 0 0 0 0.0632411 0.0576058 0 0.04 0 0 0 0.083225 0.16645 0.0256 0.0737327 0.022409 0.0737327 0.0737327 0.0737327 0.0875513 0.0737327 0.0737327 0.0737327 0.139332 0 0.0288029 0.0737327 0 0 0.179272 0.0192077 0.016 0.0896359 0 0 0 0.0220089 0.0287638 0.0169217 0 0 0.00137988 0.00900901 0.0307749 0 
0 0 0 0 0.156 0 0.21458 0 0 0 0 0 0 0 0 0 0 0 0.140414 0 0 0 0 0 0 0 0 0 0 0 0 0 0 0 0 0 0 0 0 0 0 0 0 0 0 0 0 0 0 0 0 0.138074 0.0771558 0 0.0106351 0.0600601 0.0177976 1 
0 0 0 0 0 0 0 0 0 0 0 0 0 0 0 0 0 0 0.140414 0 0 0 0 0 0 0 0 0 0 0 0 0 0 0 0 0 0 0 0 0 0 0 0 0 0 0 0 0 0 0 0 0 0 0 0.00727628 0.012012 0.0139043 0 
0 0 0 0 0 0 0 0.570513 0 0 0 0 0 0.320721 0 0 0 0 0 0 0 0 0 0 0 0 0 0 0 0 0 0 0 0 0 0 0 0 0 0 0 0 1 0 0 0 0 0 0 0 0 0 0 0 0.000666667 0.003003 0.00222469 0 
0 0 0 0 0 0 0 0 0 0 0 0 0 0 0 0 0 0 0.0855086 0 0 0 0 0 0.0617685 0 0 0 0 0 0 0 0.129959 0 0 0 0 0 0 0 0 0 0 0.114046 0 0 0 0 0.0662135 0.0922501 0 0 0 0 0.00171471 0.003003 0.00815721 0 
0 0 0 0 0 0.142857 0 0 0 0 0 0.073132 0 0 0 0.062585 0.0898438 0.0454545 0.270027 0 0.08625 0 0 0 0 0 0 0 0 0 0 0 0.0314637 0 0 0 0 0 0 0 0 0 0 0 0 0 0 0 0.0193857 0.00889721 0 0 0 0.0233846 0.0024024 0.0307808 0.0335558 1 
0.0375 0 0.341737 0 0.045 0 0.0206327 0 0.259574 0.149144 0 0.120827 0.0540541 0 0.12987 0.0829932 0.119141 0 0.164716 0.072 0.34375 0 0 0.0680272 0 0 0 0 0 0 0 0 0 0 0 0 0 0 0 0 0 0 0 0 0 0 0 0 0 0.0262234 0 0.125653 0.0202723 0 0.00615766 0.0465465 0.148313 1 
0 0 0 0 0.065 0 0.0894085 0 0 0 0 0 0 0 0 0.0884354 0 0 0.529253 0 0.08125 0 0 0 0 0 0 0 0 0 0 0 0 0 0 0 0 0 0 0 0 0 0 0 0.0325 0 0 0 0 0 0 0.317732 0 0 0.00304054 0.015015 0.0216908 1 
0 0 0 0 0 0 0 0 0 0 0 0.222576 0 0 0 0 0.136719 0 0.126013 0 0.175 0 0 0 0 0 0.028 0 0 0 0.16129 0 0 0 0 0 0 0 0 0.486175 0 0 0 0 0 0 0 0 0 0.0622805 0.0403917 0 0 0 0.0255255 0.149399 0.0698925 0 
0 0 0 0 0 0 0.244842 0 0 0.435208 0 0 0 0 0 0 0 0 0 0 0 0 0 0 0 0 0 0 0 0 0 0 0 0 0 0 0 0 0 0 0 0 0 0 0 0 0 0 0 0 0 0.0979298 0 0 0.00116667 0.003003 0.00278087 1 
0 0 0 0 0 0 0 0 0 0 0 0 0 0 0 0 0 0 0 0 0 0 0 0 0 0 0 0 0 0 0 0 0 0 0 0 0 0 0 0 0 0 0 0 0 0 0 0 0 0 0 0 0 0 0.000249249 0.0015015 0.00241009 0 
0.3475 0 0.585434 0 0 0 0 0 0 0 0 1 0 0 0 0.0938776 0 0 0.377138 0.1104 0.08625 0 0 0 0 0 0 0 0 0 0 0 0 0 0 0 0 0 0.0621062 0 0 0 0 0 0 0 0 0 0 0 0 0.0457246 0 0 0.0015015 0.00900901 0.0116796 0 
0 0 0 0 0 0 0 0 0 0 0 0 0 0 0 0 0 0 0 0 0 0 0 0 0 0 0.2 0 0 0 0 0 0 0 0 0 0 0 0 0 0 0 0 0 0.25 0 0 0 0 0 0 0.166517 0 0 0.00045045 0.00225225 0.00222469 0 
0.0425 0.0182073 0.338936 0 0.043 0.372671 0.0591472 0.0833333 0.293617 0.127139 0.13 0.206677 0.0306306 0 0.25974 0.106122 0.0332031 0.274704 0.218722 0.0272 0.14125 0 0.404255 0.0385488 0 0 0 0 0 0 0 0 0 0 0 0 0 0 0 0.0184332 0 0 0 0 0.004 0 0 0 0 0.0252868 0 0.0487849 0.073525 0.008 0.0081006 0.436937 0.254727 1 
0.025 0.0140056 0.282913 0 0.08 0.496894 0.0687758 0 0.340426 0.0244499 0.15 0.111288 0.0540541 0 0.69697 0.0136054 0 0.219368 0.117912 0.032 0.0875 0 0.255319 0.0226757 0 0 0 0 0 0 0 0 0 0 0 0 0 0 0 0 0 0 0.0560224 0 0.005 0.0140056 0 0 0 0.0257551 0 0.0882088 0.0478064 0.00923077 0.0113363 0.501502 0.250278 1 
0 0 0 0 0 0 0 0 0 0 0 0 0 0 0 0 0 0 0.187219 0 0 0 0 0 0 0 0 0 0 0 0 0 0 0 0 0 0 0 0 0 0 0 0 0 0 0 0 0 0 0 0 0 0 0 0.000642643 0.00225225 0.00166852 0 
0 0 0.22409 0 0.08 1 0 0 0 0 0 0.127186 0.29009 0 0 0 0 0 0.362736 0 0 0 0 0 0 0 0 0 0 0 0 0 0 0 0 0 0 0 0 0 0 0 0 0 0 0 0 0 0 0 0 0.157516 0 0 0.00750751 0.0352853 0.0253986 1 
0 0 0 0 0 0 0 0 0 0 0 0.136725 0 0 0 0 0 0 0 0 0 0 0 0 0 0 0 0 0 0 0 0 0 0 0 0 0.124819 0 0 0 0 0 0 0 0 0 0 0 0 0 0 0 0 0 0.000888889 0.00525526 0.00778643 0 
0 0 0.0896359 0 0.064 0.397516 0.088033 0.102564 0 0 0 0.0508744 0.0576577 0 0 0.0435374 0.0625 0.0632411 0.20432 0 0.405 0 0 0.0725624 0 0 0 0 0 0 0 0 0 0 0 0 0 0 0 0 0 0 0 0 0.032 0 0 0 0 0.0365254 0 0 0.0472012 0 0.00103303 0.0135135 0.028921 1 
0 0.017507 0.210084 0 0.1 0.15528 0 0 0 0 0.125 0.0397456 0.225225 0 0 0.0340136 0 0.247036 0.225923 0 0.21875 0 0.106383 0 0 0 0.01 0 0 0 0 0 0 0 0 0 0 0 0 0 0 0 0 0 0 0 0 0 0 0 0 0.00756076 0 0 0.000306306 0.0045045 0.0216908 0 
0 0 0 0 0 0 0 0 0 0 0 0.165342 0 0 0 0 0 0 0.468047 0 0 0 0 0 0 0 0.0416 0 0 0 0 0 0 0 0 0 0 0 0 0 0 0 0 0 0 0 0 0 0 0.0456568 0 0 0 0 0.000106607 0.000750751 0.00259548 0 
0 0 0 0 0.032 0 0 0.102564 0.13617 0.156479 0 0.203498 0 0 0 0.348299 0.1875 0 0.345635 0 0.12 0 0 0 0 0 0 0 0 0 0 0 0 0 0 0 0 0 0 0 0 0 0 0 0 0 0 0 0 0.0229454 0.0299878 0.0885689 0 0 0.00177778 0.018018 0.0305895 1 
0 0 0 0 0 0 0 0 0 0 0 0.756757 0 0 0 0 0 0 0 0 0 0 0 0 0 0 0 0 0 0 0 0 0 0 0 0 0 0 0 0 0 0 0 0 0 0 0 0 0 0 0 0.138434 0 0 0.000642643 0.00225225 0.00166852 0 
0 0 0.179272 0 0 0 0 0 0 0 0 0 0 0 0 0 0 0 0.289829 0 0 0 0 0 0.0416125 0 0 0 0 0 0 0 0 0 0 0 0.0928882 0 0.0576058 0 0 0 0 0 0.0645 0.361345 0 0 0 0.0814797 0 0.208821 0 0 0.00318468 0.0105105 0.0189099 0 
0 0 0.0980392 0 0.035 0.440994 0 0 0 0 0 0.112878 0 0 0 0 0 0 0.0639064 0 0.04375 0 0 0 0 0 0 0 0 0 0 0 0.0478796 0 0 0 0.0507983 0 0.0315032 0 0 0 0.0980392 0 0.0175 0 0 0 0 0.029033 0 0.0669667 0 0 0.000962462 0.00825826 0.0202076 0 
0 0 0.246499 0 0 0 0 0 0.374468 0 0 0 0 0 0 0 0 0 0 0 0 0 0 0 0 0 0 0 0 0 0 0 0 0 0 0 0 0 0 0 0 0 0 0 0 0 0 0 0 0.0737532 0 0 0 0 0.000249249 0.0015015 0.00370782 0 
0 0 0.19888 0 0.071 0 0 0 0 0 0 0 0 0 0 0.0965986 0 0 0.127813 0 0.08875 0 0 0 0 0 0 0 0 0 0 0 0 0 0 0 0 0 0 0 0 0 0 0 0.0355 0 0 0 0 0.0283306 0 0.19694 0 0 0.00153303 0.0112613 0.0174268 1 
0 0 0 0 0 0 0 0 0 0 0 0 0 0 0 0 0 0 0 0 0 0 0 0 0 0 0 0 0 0 0 0 0 0 0 0 0 0 0 0 0 0 0 0 0.1665 0 0 0 0 0.147038 0 0 0 0 0.000750751 0.003003 0.00259548 0 
0 0 0 0 0 0 0 0 0 0 0 0 0 0 0 0 0 0 0 0 0 0 0 0 0 0 0 0 0 0 0 0 0 0 0 0 0 0 0 0 0 0 0 0 0 0 0 0 0 0 0 0 0 0 0 0 0.000370782 0 
0 0 0 0 0 0 0 0 0 0 0 0 0 0 0 0 0 0 0.555356 0 0 0 0 0 0 0 0 0 0 0 0 0 0 0 0 0 0 0 0 0 0 0 0 0 0.123 0 0 0 0 0 0 0.222322 0 0 0.0052042 0.00675676 0.024657 1 
0 0 0 0 0 0.198758 0 0 0 0 0 0 0 0 0 0 0.1875 0 0 0 0 0 0 0 0 0 0 0 0 0.516129 0 0 0 0 0 0 0 0 0.0288029 0 0 0 0 0 0 0 0 0 0.0453172 0.063217 0.0275398 0 0 0 0.0015015 0.00975976 0.0328142 1 
0 0 0.114846 0 0 0 0 0 0 0.100244 0 0.198728 0 0 0 0 0 0 0.261926 0 0.05125 0 0 0 0 0 0 0 0 0 0 0 0 0 0 0 0 0 0 0 0 0 0 0 0 0 0 0 0 0.0430812 0 0 0 0 0.000807808 0.00675676 0.00723026 0 
0 0 0.0280112 0 0.02 0.0621118 0 0 0 0 0 0.324324 0.036036 0.018018 0 0 0.158203 0 0 0 0 0 0.0851064 0 0.178804 0 0 0 0 0 0 0 0 0 0 0.0691244 0.0435414 0 0 0 0 0 0 0 0 0 0 0 0.00755287 0.0213065 0 0 0 0 0.00174324 0.0195195 0.106415 0 
0 0 0 0 0 0 0 0 0 0 0 0 0 0 0 0 0 0 0 0 0 0 0 0 0 0 0 0 0 0 0 0 0 0 0 0 0.28447 0 0.176418 0 0 0 0.27451 0 0 0 0 0.915888 0 0.0882697 0 0.0225023 0 0 0.00289039 0.0195195 0.0291064 0 
0 0 0 0 0 0 0 0 0 0 0 0.529412 0 0 0 0 0 0 0 0 0 0 0 0 0 0 0 0 0 0 0 0 0 0 0 0 0 0 0 0 0 0 0 0 0 0 0 0 0 0 0 0 0 0 0 0 0.000556174 0 
0.1075 0.0182073 0.120448 0 0.078 0.161491 0 0.0544872 0.144681 1 0.04 0.193959 0.0774775 0 0.337662 0.153741 0.0507812 0.37747 0.211521 0 0.29375 0 0.0340426 0.0975057 0 0 0 0 0 0 0 0 0 0 0 0.0184332 0 0 0 0.0184332 0 0 0 0 0 0 0 0 0.0140987 0.0564271 0.0257038 0.127633 0.016944 0 0.00498348 0.0938438 0.208009 1 
0 0 0 0 0 0 0 0 0 0 0 0 0 0 0 0 0 0 0 0 0 0 0 0 0.394018 0.394018 0.1212 0.698157 0.212185 0.698157 0.698157 0.698157 0 0.698157 0.698157 0.698157 0 0 0 0.698157 0 0 0 0 0 0 0 0 0 0.210723 0 0 0 0 0.00262763 0.00750751 0.00593252 0 
0 0.0385154 0.154062 0 0.11 0.341615 0.302613 0 0 0.134474 0 0.0874404 0 0 0 0 0 0.108696 0.29793 0 0.1375 0 0 0 0 0 0 0 0 0 0 0 0 0 0 0 0 0 0 0 0 0 0 0 0.0275 0 0 0 0 0.0386326 0 0.0892889 0 0.0504615 0.0236967 0.11036 0.0713756 1 
0 0 0.184874 0 0 0 0 0 0 0 0 0 0 0 0 0 0 0 0.0594059 0 0 0 0 0 0.130039 0.345904 0 0.152074 0 0 0 0 0 0 0.152074 0 0.193033 0 0.0594059 0 0 0 0.184874 0 0 0 0 0 0 0.0243503 0.127907 0.0187219 0 0 0.00172973 0.012012 0.0233593 0 
0 0 0 0 0 0 0 0 0 0 0 0 0 0 0 0 0 0 0 0 0 0 0 0 0 0 0.4444 0 0 0 0 0 0 0 0 0 0 0 0 0 0 0.778011 0 0 0 0 0 0 0 0 0 0 0 0 0 0 0.000926956 0 
0 0 0 0 0 0 0 0 0 0 0 0 0 0 0 0 0 0 0.169217 0 0.05875 0 0 0 0.184005 0.305592 0.0752 0.541475 0.0987395 0.324885 0.108295 0.108295 0 0.108295 0.324885 0.108295 0.0682148 0 0 0.108295 0 0 0.131653 0 0.0705 0 0 0 0 0.0337158 0.0440636 0.0129613 0 0 0.0015015 0.00900901 0.0309603 0 
0 0 0 0 0 0 0 0 0 0 0 0 0 0 0 0 0 0 0.0477048 0 0 0 0 0 0 0 0 0 0 0 0 0 0 0 0 0 0.153846 0 0 0 0 0 0 0 0.053 0.371148 0 0 0 0.0753922 0 0 0 0.0793846 0.0024024 0.0127628 0.0335558 0 
0 0 0 0 0 0 0 0 0 0 0 0 0 0 0 0 0 0 0 0 0 0 0 0 0 0 0.8 0 0 0 0 0 0 0 0 0 0 0 0 0 0 0 0 0 0 0 0 0 0 0 0 0 0 0 0 0 0.000741565 0 
0 0 0.0672269 0 0.049 0 0 0 0.102128 0 0 0 0 0.268468 0 0 0.046875 0 0 0 0.0925 0 0 0 0.0318596 0 0 0 0 0 0 0 0 0 0 0 0.0348331 0 0 0 0 0.156162 0 0 0 0 0 0 0 0.0107703 0 0.0124212 0 0.156923 0.00266667 0.0900901 0.115128 0 
0 0 0 0 0 0 0 0 0 0 0 0.160572 0 0 0 0.137415 0 0 0.181818 0 0 0 0 0 0 0 0 0 0 0 0 0 0 0 0 0 0 0 0 0 0 0 0 0 0 0 0 0 0 0 0 0.0588659 0 0 0.000394895 0.00375375 0.004264 0 
0 0 0 0 0.086 0 0.118294 0 0 0 0 0 0 0 0.372294 0 0 0.339921 0.0774077 0 0 0 0 0 0 0 0 0 0 0 0 0 0 0 0 0.198157 0 0 0 0 0 0 0 0 0.043 0 0 0 0 0.0636853 0 0 0.0411498 0 0.00531682 0.0225225 0.0200222 1 
0 0 0.218487 0 0 0 0 0 0 0 0 0 0.140541 0 0 0 0 0 0 0 0.0975 0 0 0 0 0 0.0312 0 0 0 0 0 0 0 0 0 0 0 0 0 0 0 0 0 0.039 0 0 0 0 0.093889 0 0.0239424 0 0 0.000848348 0.00225225 0.00648869 0 
0 0 0.0896359 0 0.032 0 0 0 0 0 0 0.101749 0 0 0 0 0 0 0.0288029 0 0 0 0 0 0.0416125 0.083225 0 0 0 0 0 0 0 0 0 0.0737327 0.0928882 0 0 0 0 0 0 0 0 0 0 0 0 0.00936549 0 0 0 0 0.00101652 0.00675676 0.0287356 0 
0 0 0 0 0 0 0 0 0 0 0 0 0 0 0 0 0 0 0 0 0 0 0 0 0 0 0 0 0 0 0 0 0 0 0 0 0 0 0 0 0 0 0 0 0 0 0 0 0 0 0 0 0 0 0.000333333 0.000750751 0.00185391 0 
0 0.0623249 0.322129 0 0.012 0 0 0.0384615 0.106383 0.0293399 0.06 0.0604134 0.0216216 0 0.497835 0 0.0234375 0.403162 0.252925 0.0192 0.15875 0 0 0.0272109 0 0 0 0 0 0 0 0 0 0 0 0.0276498 0 0 0 0 0 0 0 0 0 0 0 0 0 0.0433154 0 0.0666067 0.0184569 0 0.00281982 0.0623123 0.0878754 1 
0.03 0 0.0336134 0 0 0 0 0 0 0 0.06 0.0604134 0 0 0 0 0.0234375 0 0.160216 0 0.06375 0 0 0 0 0 0 0 0 0 0 0 0 0 0 0 0.0174165 0 0 0 0 0.017507 0 0 0.006 0.0882353 0 0 0.00453172 0.0173262 0 0.00990099 0 0.0110769 0.00312312 0.0465465 0.0774935 0 
0 0 0 0 0 0 0 0 0 0 0 0 0.473874 0 0 0 0 0 0.236724 0 0.21875 0 0.370213 0 0 0 0 0 0 0 0 0 0 0 0 0 0 0 0 0 0 0 0 0 0 0 0 0 0.0362538 0 0 0.70333 0 0 0.0194114 0.0518018 0.0359659 1 
0 0 0 0 0 0 0 0.275641 0 0 0 0.410175 0 0 0 0 0.167969 0 0.232223 0 0 0 0 0 0.111834 0 0 0 0 0.198157 0 0 0 0 0 0.198157 0 0 0 0 0 0 0 0 0 0 0 0 0 0 0 0.0253825 0 0 0.000803303 0.00525526 0.00778643 0 
0 0 0.0840336 0 0.03 0.559006 0 0.0961538 0 0 0 0.0476948 0.0540541 0 0 0.0408163 0.0585938 0.0592885 0.189919 0 0.3775 0 0 0.0680272 0 0 0 0 0 0 0 0 0 0 0 0 0 0 0 0 0 0 0 0 0.015 0 0 0 0 0.0491688 0 0 0.0635401 0.032 0.00110811 0.00750751 0.0342974 1 
0.225 0 0 0 0 0 0.123796 0 0 0 0 0 0 0 0 0 0.175781 0.177866 0.162916 0 0.34 0 0 0.204082 0 0 0 0 0 0 0 0 0 0 0 0 0 0 0 0 0 0 0 0 0 0 0 0 0 0 0 0.0982898 0 0 0.00272973 0.0135135 0.0113089 1 
0 0 0.131653 0 0.143 0 0 0 0 0 0 0.151033 0 0 0 0.0639456 0.185547 0 0.30063 0 0.23875 0 0.2 0 0 0 0 0 0 0 0 0 0 0 0 0 0 0 0 0 0 0 0 0 0.0715 0 0 0 0 0.0177944 0 0.0964896 0.092587 0 0.00548498 0.0578078 0.0446793 1 
0 0 0 0 0 0 0 0 0 0.872861 0 0.282989 0 0 0 0 0 0 0.160216 0 0 0 0 0 0 0 0 0 0 0 0 0 0 0 0 0 0 0 0 0 0 0 0 0 0 0 0 0 0.0634441 0 0 0.136274 0 0 0.00474024 0.00900901 0.0144605 1 
0 0 0 0 0 0 0 0 0 0.246944 0 0 0 0 0 0 0.197266 0 0 0 0 0 0 0 0.131339 0.131339 0.0808 0.232719 0.0707283 0.232719 0.232719 0.232719 0 0.232719 0.232719 0.232719 0.146589 0 0.0909091 0.232719 0 0 0.282913 0.242497 0.0505 0 0 0 0 0.190588 0 0.0291629 0 0 0.00168919 0.00825826 0.0124212 0 
0 0 0 0 0 0 0 0 0 0 0 0 0 0 0 0 0 0 0 0 0 0 0 0 0.270481 0.540962 0 0 0 0 0 0 0 0 0 0 0 0 0 0 0 0 0 0 0 0 0 0 0 0 0 0 0 0 0.00107207 0.00375375 0.004264 0 
0 0 0 0 0.053 0 0 0 0 0 0 0.0842607 0.0954955 0 0 0 0 0 0.0477048 0 0.1325 0 0 0 0 0 0.0424 0 0 0 0 0 0 0 0 0 0 0 0 0 0 0 0 0 0.0265 0 0 0 0 0.0440178 0 0 0 0 0.000213213 0.0015015 0.00723026 0 
0 0.0294118 0.117647 0 0.127 0 0.0577717 0 0 0.310513 0 0 0 0 0 0.172789 0 0 0.153015 0.0672 0.15875 0 0 0.0952381 0 0 0 0 0 0 0 0 0 0 0 0 0.184325 0 0 0.0967742 0 0 0 0 0 0 0 0 0 0.0147506 0 0.10297 0.019062 0 0.0069955 0.0405405 0.045977 1 
0 0 0.0392157 0 0.029 0 0 0 0 0 0 0.141494 0 0 0 0.0190476 0 0 0 0 0 0 0.0595745 0 0 0 0 0 0 0 0 0 0.0601915 0 0 0.0668203 0 0 0 0 0 0 0 0 0 0 0 0 0.00553877 0.0156872 0 0 0.00665658 0 0.00184234 0.00750751 0.0543196 1 
0 0 0 0 0 0 0 0 0 0.264059 0 0 0 0 0 0.443537 0 0 0.488749 0 0 0 0 0 0 0 0 0 0 0 0 0 0 0 0 0 0 0 0 0 0 0 0 0 0 0 0 0 0 0 0 0.387399 0 0 0.00632132 0.0262763 0.0181683 1 
0 0 0 0 0.092 0 0 0 0 0 0 0.146264 0 0 0 0 0 0 0.0828083 0 0.115 0 0 0 0 0 0 0 0 0 0 0 0 0 0 0 0 0 0 0 0 0 0 0 0 0 0 0 0 0 0 0 0 0 0.000750751 0.0045045 0.00593252 0 
0 0 0 0 0.021 0 0 0 0 0 0 0 0 0 0 0 0 0 0 0 0 0.0157421 0 0 0 0 0 0 0 0 0 0 0 0 0 0 0 0 0 0 0 0 0 0 0 0 0 0 0 0.0479981 0 0.00612061 0 0 0.00325526 0.0105105 0.0626622 1 
0 0.0560224 0 0 0 0 0 0 0 0.391198 0 0 0 0 0 0.326531 0 0 0.50405 0 0.2 0 0 0 0 0 0 0 0 0 0 0 0 0 0 0 0 0 0 0 0 0 0 0 0 0 0 0 0 0 0 0.0423042 0 0 0.000570571 0.00225225 0.00519095 0 
0 0 0.10084 0 0.073 0 0 0 0 0.178484 0 0.0572337 0 0 0 0 0 0 0.0657066 0 0 0 0 0 0 0 0 0.0829493 0 0 0 0 0 0 0 0 0 0 0 0 0 0 0 0 0 0.0504202 0 0 0 0 0 0 0 0 0.0016967 0.00825826 0.0420838 1 
0.1 0 0.112045 0 0 0 0 0 0 0 0 0 0.0720721 0 0 0 0 0 0.144914 0 0 0 0 0 0 0 0 0 0.0280112 0 0 0 0 0 0 0 0 0 0 0 0 0 0 0 0 0 0 0 0 0 0 0 0 0 0.000222222 0.0015015 0.00556174 0 
0 0 0 0 0 0 0 0 0 0 0 0 0 0 0 0 0 0 0 0 0 0 0 0 0 0 1 0 0 0 0 0 0 0 0 0 0 0 0 0 0 0 0 0 0 0 0 0 0 0 0 0 0 0 0.000375375 0.000750751 0.000741565 0 
0 0 0 0 0 0 0 0 0 0 0 0 0.29009 0 0 0 0 0 0 0 0 0 0 0 0 0 0 0 0 0 0 0 0 0 0 0 0 0 0 0 0 0 0 0 0 0 0 0 0 0 0 0 0 0 0.000576577 0.00225225 0.00315165 0 
0 0 0 0 0 0 0 0 0 0 0 0 0 0 0 0 0 0 0.289829 0 0.26875 0 0 0 0 0 0 0 0 0 0 0 0 0 0 0 0 0 0 0 0.30112 0 0 0 0 0.14986 0 0 0 0.046125 0 0 0 0 0.00197447 0.0045045 0.00797182 0 
0 0 0.397759 0 0.071 0 0 0.227564 0 0.173594 0 0 0 0 0 0 0.556641 0.563241 0.127813 0 0.44625 0 0 0 0 0 0 0 0 0 0 0 0 0 0 0 0 0 0 0 0 0 0 0 0 0 0 0 0 0 0 0.167597 0 0 0.0165991 0.0870871 0.0400445 1 
0 0 0.10084 0 0 0.0559006 0 0.0288462 0 0 0.045 0.0572337 0.0162162 0 0 0 0.0527344 0 0 0 0 0 0.0382979 0 0.208062 0 0 0 0 0 0 0 0.0369357 0 0 0 0 0 0 0 0 0 0.0252101 0 0 0 0 0 0.0251762 0.0412081 0 0 0.0378215 0 0.00203604 0.015015 0.11865 0 
0.0425 0.0182073 0.338936 0 0.043 0.372671 0.0591472 0.0833333 0.293617 0.127139 0.13 0.206677 0.0306306 0 0.25974 0.0938776 0.015625 0.290514 0.218722 0.0272 0.13 0 0.404255 0.0385488 0 0 0 0 0 0 0 0 0 0 0 0 0 0 0 0.0184332 0 0 0 0 0.004 0 0 0 0 0.0250527 0 0.0460846 0.0732224 0.008 0.00772072 0.436937 0.248053 1 
0.19 0 0.212885 0 0 0.236025 0 0 0 0 0 0.18283 0.0684685 0 0 0 0 0 0.207021 0 0 0 0 0 0 0 0 0 0 0 0 0 0 0 0 0 0 0 0.0342034 0 0.376751 0 0 0 0.019 0.0532213 0 0 0 0.0421447 0 0.0972097 0 0 0.00192943 0.0105105 0.0265109 0 
0 1 0 0 0 0 0 0 0 0 0 0 0 0 0 0 0 0 0 0 0 0 0 0 0 0 0 0 0 0 0 0 0 0 0 0 0 0 0 0 0 0 0 0 0 0 0 0 0 0 0 0 0 0 0.0012012 0.003003 0.00148313 0 
0 0 0.179272 0 0 0.397516 0 0 0 0 0 0 0 0 0 0.0870748 0 0 0.233123 0 0 0 0.27234 0 0 0 0 0 0 0 0 0 0 0 0 0 0.0928882 0 0 0 0 0 0 0 0 0 0 0 0.0236657 0.0442519 0.173807 0.119172 0 0 0.0136156 0.0975976 0.0539488 1 
0 0 0.112045 0 0 0 0 0 0 0.195599 0 0 0 0 0 0 0 0 0.0360036 0 0.05 0 0 0 0.0780234 0.104031 0 0 0 0.0921659 0 0 0 0 0 0 0 0 0 0 0 0 0 0 0 0 0 0 0 0.0231796 0 0.00882088 0 0 0.00193393 0.00600601 0.0248424 0 
0 0 0 0 0 0 0 0 0 0 0 0 0 0 0 0 0 0 0 0 0 0 0 0 0 0 0 0 0 0 0 0 0 0 0 0 0 0 0 0 0 0 0 0 0 0 0 0 0 0.0828846 0 0 0 0 0.00178228 0.003003 0.0063033 0 
0 0.0294118 0 0 0.042 0.26087 0 0 0 0 0 0 0 0 0 0.0571429 0 0.083004 0.378038 0 0 0 0.178723 0 0 0 0 0 0 0 0 0 0 0 0 0 0 0 0 0 0 0 0 0 0.021 0 0 0 0 0.018731 0 0.115932 0.0487141 0 0.00228529 0.00975976 0.020393 1 
0 0 0.0644258 0 0 0.142857 0 0 0 0 0 0 0 0 0 0 0 0 0.0207021 0 0 0 0 0 0 0 0 0 0 0 0 0 0 0 0 0 0 0 0 0 0.0322129 0 0 0 0.0115 0.196078 0 0 0 0.0149848 0 0.0289829 0 0 9.75976e-05 0.0045045 0.0268817 0 
0.025 0 0.114846 0 0.01 0.0621118 0.0137552 0.166667 0.0425532 0 0 0.0985692 0 0.036036 0 0 0.0195312 0 0 0 0 0 0.310638 0 0 0 0 0 0 0 0 0 0 0 0 0 0 0 0 0 0 0 0 0 0 0 0 0 0 0.0112386 0 0.00288029 0.0193646 0 0.00137387 0.021021 0.0626622 1 
0 0 0 0 0 0 0 0 0 0 0 0.168521 0 0 0 0 0 0 0.0954095 0 0 0 0 0 0.207412 0.137841 0 0 0 0 0 0 0 0 0 0 0.153846 0 0.190819 0 0 0 0 0 0 0 0 0 0 0.0393351 0 0.030243 0 0 0.00112613 0.0045045 0.0114943 0 
0.0575 0.0203081 0.179272 0 0.017 0.10559 0.0151307 0.0160256 0.0212766 0.114914 0.055 0.18601 0.0846847 0.00900901 0.0735931 0.00680272 0.0214844 0.0573123 0.353735 0 0.25625 0 0.2 0.0657596 0 0 0 0 0 0 0 0 0 0 0 0 0 0 0 0 0 0 0 0 0 0 0 0 0 0.0311402 0 0.0885689 0.102269 0.0566154 0.00755706 0.0645646 0.270486 1 
0.025 0.0140056 0.282913 0 0.08 0.496894 0.0687758 0 0.340426 0.0244499 0.15 0.111288 0.0540541 0 0.69697 0.0136054 0 0.219368 0.117912 0.032 0.0875 0 0.255319 0.0226757 0 0 0 0 0 0 0 0 0 0 0 0 0 0 0 0 0 0 0.0560224 0 0.005 0.0140056 0 0 0 0.0257551 0 0.0878488 0.0475038 0.00923077 0.0113363 0.501502 0.250278 1 
0.045 0.00980392 0.070028 0 0 0 0 0.0224359 0 0.0342298 0.015 0.122417 0.0126126 0.00540541 0 0 0.00585938 0.0355731 0.00990099 0 0.03125 0.00524738 0 0 0 0 0 0 0.00210084 0.0253456 0 0 0.00410397 0 0 0.0852535 0.0899855 0 0 0 0.0252101 0 0.00840336 0 0 0.0308123 0 0.168224 0.00478348 0.0969328 0 0.000720072 0 0 0.00209159 0.0292793 0.332592 0 
0 0 0 0 0 0 0 0 0 0 0 0 0 0 0 0 0 0 0 0 0 0 0 0 0 0 0 0.852535 0.518207 0 0 0 0 0 0 0 0 0 0 0 0 0.518207 0 0 0 0 0 0 0 0 0 0 0 0.924923 0.00431682 0.0112613 0.00556174 0 
0.3675 0 0 0 0 0 0 0 0 0.359413 0 0 0.264865 0 0 1 0 0 0.264626 0 0.18375 0 0 1 0 0 0 0 0 0 0 0 0 0 0 0 0 0 0 0 0 0 0 0 0 0 0 0 0 0 0 0.228983 0.0768533 0 0.00759009 0.0465465 0.0200222 1 
0 0 0 0 0 0 0 0 0 0 0 0 0 0 0 0.161905 0.232422 0 0.107111 0 0 0 0.506383 0 0 0 0 0 0 0 0 0 0 0 0 0 0 0 0 0 0 0 0 0 0 0 0 0 0 0 0 0.212601 0.238124 0 0.00431682 0.0225225 0.017056 1 
0 0.0343137 0 0 0 0 0 0 0 0 0 0.0779014 0 0 0 0 0 0 0.264626 0 0.18375 0 0 0 0 0 0 0 0 0 0 0 0 0 0 0 0 0 0 0 0 0 0 0 0 0 0 0 0 0.0564271 0 0 0 0.0492308 0.00115616 0.015015 0.0155729 0 
0 0 0 0 0 0 0 0 0 0 0 0 0 0 0 0 0 0 0 0 0 0 0 0 0 0 0.8 0 0 0 0 0 0 0 0 0 0 0 0 0 0 0 0 0 0 0 0 0 0 0 0 0 0 0 0 0 0.000556174 0 
0.1175 0.0217087 0.131653 0 0.005 0.0807453 0.00687758 0.0833333 0.178723 0.185819 0.13 0.154213 0.102703 0.221622 0 0.0136054 0.0917969 0 0.290729 0 0.18625 0 0.421277 0.0770975 0 0 0 0 0 0 0 0 0 0 0 0 0 0 0 0 0 0 0 0 0.001 0 0 0 0 0.0156872 0 0.0590459 0.259607 0.0966154 0.0073994 0.148649 0.585651 1 
0 0 0 0 0 0 0 0 0 0 0 0.255962 0 0 0 0 0 0 0.0477048 0 0 0 0 0 0.104681 0.0689207 0 0 0.0371148 0 0 0 0 0 0 0.12212 0 0 0 0 0 0.0371148 0 0.0642257 0 0 0 0.495327 0 0 0 0 0 0 0.000563063 0.003003 0.0181683 0 
0 0 0 0 0 0 0 0 0 0.452323 0 0 0 0 0 0 0 0 0.166517 0 0.4625 0 0 0 0.120286 0 0 0.852535 0 0 0 0 0.253078 0 0.426267 0 0 0 0 0 0 0 0 0 0.0925 0 0 0 0 0.148911 0 0.0572457 0 0 0.00254505 0.0105105 0.0113089 0 
0 0 0.358543 0 0 0 0 0 0 0 0 0.203498 0 0 0 0 0 0 0.230423 0 0 0 0 0 0.16645 0.16645 0 0 0 0 0 0 0.350205 0 0 0 0.185776 0 0 0 0 0.268908 0 0 0 0 0 0 0 0.0346523 0.0905753 0 0 0 0.00155255 0.00900901 0.0107527 0 
0 0.120448 0 0 0 0 0 0 0 0.420538 0 0 0 0 0 0.234014 0 0.16996 0.0774077 0 0 0 0 0 0 0 0 0 0 0 0 0 0 0 0 0 0 0 0 0 0 0 0 0 0 0 0 0 0 0.0292672 0 0.0451845 0.0759455 0 0.00153453 0.00825826 0.0166852 1 
0 0 0.635854 0 0 0 0 0 0 0 0 0.721781 0 0 0 0 0 0 0 0 0 0 0 0 0 0 0 0 0 0 0 0 0 0 0 0 0 0 0.20432 0 0 0 0 0 0 0 0 0 0 0 0 0.0532853 0 0 0.00638138 0.0232733 0.0114943 0 
0 0 0 0 0 0 0 0 0 0 0 0 0 0 0 0.887075 0 0 0.19532 0 0.27125 0 0 0 0 0 0 0 0 0 0 0 0 0 0 0 0 0 0 0 0 0 0 0 0 0 0 0 0 0 0 0.206841 0 0 0.0121622 0.024024 0.0166852 1 
0 0 0 0 0 0 0 0 0 0 0 0 0 0 0 0 0 0 0 0 0 0 0 0 0 0 0.8 0 0 0 0 0 0 0 0 0 0 0 0 0 0 0 0 0 0 0 0 0 0 0 0 0 0 0 0 0 0.000741565 0 
0 0 0.170868 0 0 0 0 0 0 0 0 0.292528 0 0 0 0 0 0 0 0 0 0 0 0 0 0.0793238 0 0 0 0 0 0 0 0 0 0 0 0 0 0 0 0 0 0 0 0 0.281106 0 0.0198892 0.0369937 0 0 0 0 0.00226426 0.012012 0.0263255 0 
0.0075 0 0.00840336 0.00304236 0.006 0.0186335 0 0 0.13617 0 0 0.0143084 0 0 0 0 0 0.00592885 0.0117012 0 0.01125 0 0 0 0.0910273 0.187256 0.0012 0 0 0 0 0 0.0123119 0 0 0.00691244 0.184325 0.0192308 0 0 0 0 0 0.00360144 0 0 0 0 0.0568983 0.0550222 0.110771 0 0.00272315 0 0.00263363 0.0247748 0.498146 0 
0 0 0.117647 0 0.064 0 0 0 0 0 0 0.0333863 0 0 0 0 0 0 0.0765077 0 0.02625 0 0 0 0.138492 0.0273082 0.0084 0 0 0 0 0 0.291382 0 0 0 0.0609579 0 0.0189019 0.0483871 0 0 0.117647 0.012605 0.032 0 0 0 0.0599194 0.103723 0.0416157 0 0 0 0.00228829 0.0127628 0.0480163 0 
0.215 0 0 0 0 0 0 0 0 0 0 0 0 0 0 0 0 0 0 0 0 0 0 0 0 0 0 0 0 0 0 0 0.117647 0 0 0 0 0.551282 0 0 0 0 0 0.103241 0 0 0 0 0 0 0 0 0 0 0.000846847 0.0045045 0.0111235 0 
0.1175 0 0.263305 0 0.094 0 0.129298 0 0 0 0 0.0747218 0 0 0 0 0.0917969 0 0.381638 0 0.1175 0 0.6 0 0 0 0 0 0 0 0 0 0 0 0.108295 0 0 0 0 0 0 0 0 0 0.0235 0 0 0 0 0.017092 0 0.225743 0.0668684 0 0.00738438 0.0675676 0.0404153 1 
0 0 0 0 0 0.695652 0 0.717949 0 0 0.56 0.17806 0 0 0 0 0 0 0.40414 0 0 0 0.476596 0 0 0 0 0 0 0 0 0 0 0 0 0 0 0 0 0 0 0 0 0 0 0 0 0 0 0 0 0.146535 0 0 0.0024024 0.0105105 0.00704486 1 
0 0 0.0812325 0 0.087 0 0.03989 0 0.370213 0 0 0.230525 0 0 0 0 0 0.0573123 0.471647 0 0.18125 0 0 0.0657596 0 0 0 0 0 0 0 0 0 0 0 0 0 0 0 0 0 0 0 0 0 0 0 0 0 0.00983376 0 0 0.0257186 0 0.00622372 0.024024 0.0456062 1 
0.0475 0.0133053 0.0532213 0 0.108 0.118012 0.0261348 0.314103 0.378723 0.144254 0.045 0.171701 0.0342342 0.16036 0.038961 0 0 0.233202 0.346535 0.0944 0.2225 0 0.0382979 0.0657596 0 0 0 0 0 0 0 0 0 0 0.0207373 0 0 0 0.00810081 0.0207373 0 0 0 0 0 0 0 0 0 0 0.116279 0.0741674 0.067171 0.00923077 0.0047973 0.036036 0.150723 1 
0 0 0 0 0 0 0 0 0 0.332518 0 0 0 0 0 0 0 0 0 0 0.17 0 0 0 0 0 0 0 0 0 0 0 0 0 0 0 0 0 0 0 0 0 0 0 0 0.190476 0 0 0 0 0 0 0 0 0.00457958 0.0375375 0.0148313 0 
0 0 0 0 0 0 0 0 0 0 0 0 0 0 0 0 0 0 0 0 0 0 0 0 0 0 0 0 0 0 0 0 0 0 0 0 0 0 0 0 0 0 0 0 0 0 0 0 0 0 0 0 0 0 8.25826e-05 0.0015015 0.00685947 1 
0 0 0.134454 0 0.144 0 0.0660248 0 0 0 0 0.152623 0 0 0 0.0653061 0.1875 0 0.216922 0 0.30125 0 0.204255 0 0 0 0 0 0 0 0 0 0 0 0 0 0 0 0 0 0 0 0 0 0.024 0 0 0 0 0.0189651 0 0.0874887 0.073525 0 0.0062012 0.0578078 0.0435669 1 
0 0.012605 0 0 0 0 0 0 0 0 0 0.0286169 0 0 0 0 0 0 0 0 0 0 0 0 0.0117035 0 0 0 0 0 0 0 0.383037 0 0 0.0852535 0.0261248 0 0 0 0 0 0 0 0 0 0.0829493 0.168224 0 0.0437837 0 0 0 0 0.00171321 0.00600601 0.0391175 0 
0.03 0.00840336 0.0336134 0 0.012 0.0745342 0 0.11859 0.0510638 0 0.06 0.117647 0 0 0 0 0.046875 0.0237154 0 0.0384 0 0 0 0 0.0318596 0 0 0.0276498 0.00840336 0 0 0 0 0 0 0.225806 0.0348331 0 0.0108011 0 0 0.0343137 0 0 0 0.103641 0 0 0.00427996 0.0208382 0 0 0.00514372 0 0.000605105 0.0127628 0.084353 0 
0 0 0 0 0 0 0 0 0 0 0 0 0 0 0 0 0 0 0 0 0 0 0 0 0 0 0 0 0 0 0 0 0 0 0 0 0 0 0.169217 0 0 0 0.526611 0 0 0 0 0 0 0.151487 0 0 0 0 0.0027027 0.0127628 0.00760104 0 
0.065 0 0.145658 0 0.052 0 0 0 0 0.0635697 0 0.0413355 0 0 0 0 0 0.0513834 0.117912 0 0.0325 0 0 0 0 0 0 0 0 0 0 0 0 0 0 0 0 0 0 0 0 0 0 0.0156062 0.026 0.0364146 0 0 0.0118328 0.0110044 0 0.00846085 0 0 0.000121622 0.0015015 0.00964034 0 
0 0 0.29972 0 0.053 0 0 0 0 0 0 0 0 0 0 0 0 0 0.289829 0.0848 0.13375 0.604198 0 0 0 0 0 0 0 0 0 0 0 0 0 0 0 0 0 0 0 0 0 0 0 0 0 0 0 0 0 0.0477048 0.0266263 0.708308 0.0151141 0.0495495 0.0613645 1 
0 0 0.0784314 0 0 0 0 0 0 0 0 0 0 0 0 0 0 0 0.126013 0 0.07 0 0 0 0.219116 0.182055 0.0112 0.0645161 0.0196078 0.0645161 0.0645161 0.0645161 0 0.0645161 0.0645161 0.0645161 0.0812772 0 0 0.0645161 0 0.0196078 0.156863 0 0.014 0 0 0 0 0.0327792 0.0569155 0 0 0 0.0021982 0.0105105 0.0381906 0 
0 0 0 0 0 0 0 0 0 0.337408 0 0 0 0 0 0 0 0 0.374437 0 0 0 0 0 0 0 0 0 0 0 0 0 0 0 0 0 0 0 0 0 0 0 0 0 0 0.193277 0 0 0 0 0 0 0 0 0.000750751 0.00225225 0.004264 0 
0 0 0 0 0.185 0 0 0 0 0 0 0.294118 0.333333 0 0 0 0 0 0.166517 0 0 0 0 0 0 0 0 0 0 0 0 0 0 0 0 0 0 0 0.166517 0 0 0 0 0 0 0 0 0 0 0 0 0 0 0 0.00107207 0.00225225 0.0020393 0 
0 0 0 0 0 0 0 0 0 0.195599 0 0 0 0 0 0.219048 0 0 0.0720072 0 0.1 0 0 0 0.0520156 0 0 0 0 0 0.184332 0 0.109439 0 0 0 0 0 0 0 0 0 0 0 0 0 0 0 0 0.0208382 0 0 0 0 0.00210961 0.0202703 0.0163144 0 
0 0 0 0 0 0 0.0618982 0 0 0.110024 0.11 0.0349762 0 0 0.0952381 0.029932 0 0.0434783 0.142214 0 0.14125 1 0.382979 0 0 0 0 0 0 0 0 0 0 0 0 0 0.0319303 0 0 0 0 0 0 0 0 0 0 0 0 0 0 0.00666067 0.0453858 0.974769 0.0194234 0.0848348 0.245273 1 
0 0 0 0 0 0 0 0 0 0 0 0 0 0 0 0 0 0 0 0 0 0 0 0 0 0 1 0 0 0 0 0 0 0 0 0 0 0 0 0 0 0 0 0 0 0 0 0 0 0 0 0 0 0 0.0020015 0.003003 0.00111235 0 
0 0.0385154 0.154062 0 0.223 0 0.0756534 0 0 0 0 0.0874404 0.0990991 0 0 0.0748299 0.544922 0 0.351935 0 0.20875 0 0 0 0 0 0 0 0 0 0 0 0 0 0 0 0 0 0 0 0 0 0 0 0 0 0 0 0 0.0606415 0 0.217462 0.104387 0 0.00564715 0.104354 0.0368928 1 
0 0.047619 0.0952381 0 0 0 0 0.108974 0 0 0.17 0 0 0 0 0.234014 0 0 0.0927093 0 0.2575 0 0 0 0 0 0 0 0 0 0 0 0 0 0 0 0 0 0 0.078341 0 0 0 0 0.017 0 0 0 0 0.0107703 0 0 0 0 0.00351952 0.0795796 0.0357805 0 
0 0 0 0 0 0 0 0 0 0 0 0 0 0 0 0 0 0 0 0 0 0 0 0 0 0 0 0 0 0 0 0 0 0 0 0 0 0 0 0 0 0 0 0 0 0 0 0 0.0888721 0.0826504 0 0 0 0 0 0 0.00370782 0 
0 0 0 0 0 0 0 1 0 0 0 0 0 0 0 0 0 0 0 0 0 0 0 0 0 0 0 0 0 0 0 0 0 0 0 0 0 0 0 0 0 0 0 0 0.052 0 0 0 0 0.0463592 0 0.0356436 0.0599092 0 0.00428979 0.018018 0.0148313 1 
0 0 0 0 0 0 0 0 0 0 0 0 0 0 0 0 0 0 0.428443 0 0 0 0 0 0 0 0 0 0 0 0 0 0 0 0 0 0 0 0 0 0 0 0 0 0 0 0 0 0 0 0 0 0 0 0 0 0.000370782 1 
0 0.0322129 0 0 0.115 0 0.0316369 0.0737179 0 0.112469 0 0.109698 0.0414414 0 0 0 0.134766 0.136364 0.248425 0 0.23 0 0 0.0521542 0 0 0 0 0 0 0 0 0 0 0 0.264977 0 0 0 0 0 0 0 0 0 0 0 0 0 0.00842894 0.0220318 0.151395 0.0108926 0 0.00129429 0.0382883 0.0526511 1 
0 0 0 0 0 0 0 0 0 0 0 0.205087 0 0 0 0 0 0 0 0 0 0 0 0 0 0 0 0 0 0 0 0 0 0 0 0 0.0928882 0 0 0 0 0 0 0 0 0 0 0 0 0 0 0 0 0 0.00191441 0.00525526 0.0166852 0 
0 0 0 0 0 0 0 0 0 0 0 0 0 0 0 0 0 0 0.20162 0 0 0 0 0 0 0 0 0 0 0 0 0 0 0 0 0 0.129173 0 0.039604 0 0 0 0 0 0.067 0.376751 0 0 0 0 0 0 0 0 0.00204505 0.0105105 0.0252132 0 
0 0 0 0 0.909 0 0 0 0 0 0 0 0 0 0 0 0 0 0 0 0 0 0 0 0 0 0 0 0 0 0 0 0 0 0 0 0 0 0 0 0 0 0 0 0 0 0 0 0 0 0 0 0 0 0 0 0 0 
0.19 0.0266106 0 0 0.038 0.236025 0 0 0 0.0929095 0 0.243243 0 0 0 0 0 0 0.172817 0 0.38375 0.0284858 0 0 0 0 0 0 0 0 0 0 0 0 0 0 0 0 0 0 0 0 0 0 0 0 0 0 0 0.029033 0 0.0223222 0 0.0381538 0.133483 0.551051 0.166481 1 
0 0 0 0 0 0 0 0 0 0 0 0 1 0 0 0 0 0 0 0 0 0 0 0 0 0 0 0 0 0 0 0 0 0 0 0 0 0 0 0 0 0 0 0 0 0 0 0 0 0 0 0 0.945537 0 0.00211862 0.00675676 0.00741565 1 
0.2375 0 0.131653 0.0222326 0 0.590062 0 0 0.2 0 0.235 0 0 0 0.614719 0.0639456 0.0917969 0.470356 0 0 0.11875 0 0 0.106576 0 0 0 0 0 0 0 0 0.0642955 0 0 0 0 0 0 0 0 0 0 0 0 0.0658263 0 0 0 0.185203 0 0.030423 0.136762 0.0695385 0.012973 0.193694 0.133852 1 
0 0 0 0 0 0 1 0 0 0 0 0 0 0 0 0 0 0 0 0 0 0 0 0 0 0 0 0 0 0 0 0 0 0 0 0 0 0 0 0 0 0 0 0 0 0 0 0 0 0 0 0.0534653 0 0 0.0015015 0.00525526 0.00945495 1 
0.4075 0 0.456583 0 0 0 0 0 0.693617 0 0 0 0 0 0 0.221769 0 0 0.294329 0 0.40875 0 0 0 0 0 0 0 0 0 0 0 0 0 0 0 0 0 0 0 0 0 0 0 0 0 0 0 0 0 0 0.136634 0.0765507 0 0.0015015 0.0112613 0.00648869 1 
0 0 0.201681 0 0 0 0 0 0 0 0 0 0 0 0 0 0 0 0 0 0 0 0 0 0.046814 0 0 0 0 0 0 0 0 0 0 0 0.104499 0 0.0324032 0 0.0504202 0 0 0 0 0.0504202 0 0 0 0 0 0 0 0 0.00096997 0.00825826 0.0196515 0 
0 0 0 0 0 0 0 0 0 0 0 0 0 0 0 0 0 0 0.390639 0 0 0 0 0 0 0 0 0 0 0 0 0 0 0 0 0 0 0 0 0 0 0 0 0 0 0 0 0 0 0 0 0.473627 0 0 0.001 0.003003 0.00259548 1 
0 0 0 0 0 0 0 0.025641 0 0 0 0.0127186 0 0 0 0 0.015625 0 0 0 0 0 0 0 0.00520156 0.0104031 0.0032 0 0 0 0 0 0 0 0 0.0967742 0 0 0 0 0.0112045 0 0 0 0 0 0 0.317757 0.0203927 0.105596 0 0 0 0 0.00125075 0.0127628 0.173155 0 
0.085 0 0.47619 0 0.102 0 0 0 0.289362 0.249389 0 0 0 0 0 0 0 0 0.0306031 0.1632 0.085 0 0 0 0.0221066 0 0 0 0 0 0 0 0 0 0 0 0 0 0 0 0 0 0 0 0 0 0 0 0 0 0 0.161836 0.03177 0 1 1 0.247126 1 
0 0 0 0 0 0 0 0 0 0 0 0 0 0 0 0 0 0 0 0 0 0 0 0 0 0 0 0 0 0 0 0 0 0 0 0 0 0 0 0 1 0 0 0 0 1 0 0 0 0 0 0 0 0 0.00675676 0.00675676 0.00185391 0 
0 0 0 0 0 0 0 0 0 0 0 0 0 0 0 0 0 0 0.360036 0 0 0 0 0 0 0 0 0 0 0 0 0 0 0 0 0 0 0 0 0 0 0 0 0 0 0 0 0 0 0 0 0.131233 0 0 0.00131381 0.00225225 0.00259548 0 
0.1725 0 0 0 0.139 0 0.0949106 0 0 0 0 0.109698 0 0 0 0 0 0 0.314131 0 0.17375 0 0 0 0 0 0 0 0 0 0 0 0 0 0 0 0 0 0 0 0 0 0 0 0 0 0 0 0 0 0 0.0352835 0 0 0.00765766 0.042042 0.0337412 1 
0 0 0 0 0 0 0 0 0.387234 0 0 0 0 0 0 0 0 0 0.0819082 0 0.34375 0 0 0 0 0 0 0 0 0 0 0 0 0 0 0 0 0 0 0 0 0 0 0 0 0 0 0 0 0.0330133 0 0.10171 0 0 0.00285285 0.0202703 0.0159436 1 
0 0 0 0 0 0 0 0 0 0 0 0 0 0 0 0.277551 0 0 0.0918092 0.1632 0 0 0 0 0 0 0 0 0 0 0 0 0 0 0 0 0 0 0 0 0 0 0 0 0 0 0 0 0 0.0407399 0 0.0313231 0 0 0.00118168 0.0045045 0.0107527 1 
0.09 0 0.411765 0 0.036 0 0 0 0.153191 0 0.18 0.527822 0 0 0 0 0 0 0.0990099 0 0.045 0 0 0 0.023407 0.046814 0 0 0 0 0 0 0 0 0 0 0.159652 0 0 0 0 0.0770308 0 0 0 0 0 0 0 0.011941 0 0 0 0 0.00194144 0.033033 0.0317019 0 
0 0 0.0168067 0 0 0 0 0.0192308 0.0553191 0.0317848 0.065 0.265501 0.0468468 0.0594595 0 0.0176871 0.0253906 0 0 0.0096 0.0075 0 0 0 0.16515 0.0169051 0 0 0.0140056 0.0599078 0.0299539 0 0 0 0.0138249 0.0460829 0.0188679 0.0384615 0 0.0138249 0 0 0 0 0 0 0 0 0.00704935 0.030672 0 0 0 0 0.001497 0.0142643 0.145717 0 
0 0 0 0 0 0 0 0 0 0 0 0.507154 0 0 0 0 0.207031 0 0 0 0 0 0 0 0 0.137841 0 0 0 0 0 0 0 0 0 0 0 0 0.0954095 0 0 0 0 0 0 0 0 0 0 0.0334816 0 0 0 0 0.00257357 0.00900901 0.0139043 0 
0 0 0 0 0.087 0 0.11967 0 0 0 0 0 0 0 0 0.357823 0 0.171937 0.236724 0 0 0 0 0 0 0 0 0 0 0 0 0 0 0 0 0 0 0 0 0 0 0 0 0 0 0 0 0 0 0 0 0.143654 0.0481089 0 0.0262072 0.101351 0.037449 0 
0 0 0 0 0 0.248447 0 0 0.170213 0.0977995 0 0 0 0 0.17316 0 0 0 0.109811 0.1952 0.05 0 0 0 0 0.0520156 0.016 0 0 0.0921659 0 0 0 0 0 0 0 0 0 0 0 0 0 0.0486194 0 0.0560224 0 0 0 0.0152189 0 0 0 0 0.00126126 0.00525526 0.0148313 0 
0 0.0441176 0 0 0.159 0.192547 0 0 0.131915 0 0 0.100159 0 0 0.549784 0.0857143 0.0605469 0.628458 0.19982 0 0.23875 0 0.131915 0.142857 0 0 0 0.0714286 0 0 0 0 0 0 0 0 0 0 0 0.366359 0 0 0 0 0 0 0 0 0 0.0650901 0 0.00990099 0.151589 0 0.00376727 0.0675676 0.0342974 1 
0.5 0 0 0 0 0 0 0 0 0 1 0.317965 0 0 0 0 0 0 0.180018 0 1 0 0 0 0 0 0 0 0 0 0 0 0 0 0 0 0 0 0 0 0 0 0 0 0 0 0 0 0 0 0 0 0 0 0.00733934 0.021021 0.00964034 0 
0 0 0.0504202 0 0.055 0.229814 0.0247593 0.0576923 0 0.0440098 0 0.0286169 0 0 0 0 0 0 0.0666067 0 0.04625 0 0.0765957 0 0 0 0 0 0 0 0 0 0.0752394 0 0 0.170507 0 0 0 0 0 0 0 0 0 0 0 0 0 0.0189651 0 0 0.00816944 1 0.00199099 0.00750751 0.0671116 1 
0 0 0 0 0 0 0 0 0 0 0.19 0.0302067 0 0 0 0 0 0 0.119712 0 0.0475 0 0 0 0.0123537 0 0 0 0 0 0 0 0 0 0 0 0 0 0 0.0437788 0 0 0 0 0 0 0 0 0 0.0360571 0 0.00540054 0 0.0184615 0.00278078 0.00825826 0.0717464 0 
0 0 0 0 0 0 0 0 0 0.141809 0 0 0 0 0 0 0 0 0.0522052 0 0 0 0 0 0 0 0 0 0 0 0 0 0 0 0 0 0 0 0 0 0 0 0 0 0 0.0812325 0 0 0 0.0194334 0 0 0 0 0.00765165 0.015015 0.0348535 0 
0 0.0378151 0 0 0 0 0.148556 0 0 0.132029 0.27 0.0858506 0 0 0 0.295238 0 0.106719 0.293429 0 0.135 0 0 0 0 0 0 0 0 0 0 0 0 0 0 0 0 0 0 0 0 0 0 0 0.027 0 0 0 0 0 0 0.060126 0 0 0.000487988 0.003003 0.00964034 1 
0 0 0.154062 0 0.111 0 0 0 0 0 0 0 0.165766 0 0.0779221 0 0.0722656 0.0731225 0.282628 0 0.115 0 0 0 0 0 0 0 0 0 0 0 0 0 0 0 0 0 0 0 0 0 0 0 0 0 0 0 0 0.0435495 0 0.0781278 0 0 0.000566066 0.00225225 0.0133482 1 
0 0 0 0 0 0 0 0 0 0 0 0 0 0 0 0 0 0 0 0 0 0 0 0 0 0 0 0 0 0 0 0 0 0 0 0 0 0 0 0 0 0 0 0 0.2775 0 0 0 0 0 0 0 0 0 0.00107207 0.00375375 0.0020393 0 
0.18 0 0 0 0 0 0.19945 0 0 0 0 0.114467 0 0 0 0 0.283203 0 0.19622 0.232 0.6375 0 0 0 0 0 0 0 0 0 0 0 0 0 0 0 0 0 0 0 0 0 0 0 0 0 0 0 0 0 0 0.0189019 0 0 0.00253604 0.018018 0.0142751 1 
0 0 0 0 0 0 0 0 0 0 0 0 0 0 0 0 0 0 0 0 0 0 0 0 0 0 0.222 0 0 0 0 0 0 0 0 0 0 0 0 0 0 0 0 0 0.2775 0 0 0 0 0 0 0 0 0 0 0 0.000741565 0 
0.215 0 0.240896 0 0 0 0 0 0 0 0 0 0 0 0 0.117007 0.671875 0 0.387939 0 0.1075 0 0.365957 0 0 0 0 0 0 0 0 0 0 0 0 0 0 0 0 0 0 0 0 0 0 0 0 0 0 0 0 0.167057 0.0465961 0.0947692 0.00211562 0.0045045 0.00964034 1 
0 0 0 0 1 0 0 0 0 0 0 0 0 0 0 0 0 0 0 0 0 0 0 0 0.650195 0 0 0 0 0 0 0 0 0 0 0 0 0 0 0 0 0 0 0 0 0 0 0 0 0 0 0 0 0 0.0005 0.000750751 0.000556174 0 
0.015 0 0.19888 0 0.123 0.118012 0.0261348 0.0384615 0.27234 0.0611247 0.19 0.0715421 0.0216216 0 0.757576 0.00816327 0.0117188 0.203557 0.122412 0.0512 0.06375 0 0.493617 0.0136054 0 0 0 0 0 0 0 0 0 0 0 0 0 0 0 0.0138249 0 0 0.0336134 0 0.003 0.00840336 0 0 0.00251762 0.0334816 0 0.049685 0.0556732 0.00615385 0.0132447 0.363363 0.418613 1 
0 0 0.310924 0 0 0 0.152682 0 0 0 0.555 0.176471 0 0 0 0.302041 0 0 0.29973 0 0.41625 0 0 0 0 0 0 0 0 0 0 0 0 0 0 0 0 0 0 0 0 0 0 0 0 0 0 0 0 0.0323109 0 0.0248425 0.0417549 0 0.00255255 0.00750751 0.00982573 1 
0 0 0 0 0 0 0 0 0 0 0 0 0 0 0 0 0 0 0.172817 0 0.24 0 0 0 0 0 0 0 0 0 0 0 0 0 0 0 0.278665 0 0 0 0 0 0 0 0 0.806723 0 0 0 0.0786701 0 0 0 0 0.00203003 0.0105105 0.00723026 0 
0.255 0 0 0 0 0 0 0 0 0.249389 0 0 0 0 0 0 0 0 0 0 0 0 0 0 0.0663199 0.13264 0 0.470046 0 0 0 0 0 0 0 0.235023 0 0 0 0 0 0 0 0 0 0 0 0 0 0.124327 0 0 0 0 0.00295345 0.00750751 0.0168706 0 
0 0 0 0 0 0 0 0 0 0 0 0.176471 0 0 0 0 0 0 0 0 0 0 0 0 0.288687 0.215865 0 0.25576 0 0 0 0 0 0 0.25576 0 0.0798258 0 0 0 0 0 0 0.0330132 0 0 0 0 0 0 0 0 0 0 0.00152853 0.00825826 0.0196515 0 
0.0575 0.0413165 0.0644258 0 0.023 0.068323 0 0 0.348936 0.288509 0.055 0.317965 0.0414414 0 0 0 0.0214844 0 0.435644 0.7936 0.22125 0 0 0.0521542 0 0 0 0 0 0 0 0 0 0 0 0 0 0 0 0 0 0 0 0 0.0055 0 0 0 0 0.0435495 0 0.0234023 0.0508321 0.0110769 0.00714715 0.130631 0.147201 1 
0 0 0 0 0 0 0 0 0 0 0 0 0 0 0 0 0 0 0 0 0 0 0 0 0 0 0 0 0 0 0 0 0 0 0 0 0 0 0 0 0 0 0 0 0.068 0 0 0 0 0 0 0 0 0 0 0 0.00129774 0 
0 0 0 0 0 0 0 0 0 0 0 0.661367 0 0 0 0 0 0 0 0 0 0 0 0 0 0 0 0 0 0 0 0 0 0 0 0 0 0 0 0 0 0 0 0 0.208 0.582633 0 0 0 0 0 0 0 0 0 0 0.00148313 0 
0 0 0 0 0 0 0 0 0 0 0 0 0 0 0 0 0 0 0 0 0 0 0 0 0 0 0 0 0 0 0 0 0 0 0 0 0 0 0 0 0 0 0 0 0 0 0 0 0 0 0 0 0 0 0.00187688 0.00375375 0.00148313 0 
0 0 0 0 0 0 0 0 0 0 0 0 0 0 0 0 0 0 0 0 0 0 0 0 0.604681 0 0 0 0 0 0 0 0 0 0 0 0 0 0 0 0 0 0 0 0 0 0 0 0 0 0 0 0 0 0.00333634 0.00600601 0.00519095 0 
0 0.00560224 0.022409 0 0 0.0496894 0 0.0512821 0 0 0 0.128776 0.0288288 0 0 0 0.015625 0 0 0 0 0 0.0340426 0 0.226918 0.0624187 0 0 0.022409 0.0552995 0 0 0 0 0 0.0737327 0.011611 0 0 0 0 0.00560224 0 0 0 0 0 0.0747664 0.00553877 0.0259892 0 0 0.0166415 0 0.00171922 0.015015 0.128291 0 
0.0025 0.00070028 0.0196078 0 0.005 0 0 0.00320513 0.012766 0.0317848 0.025 0 0 0.00900901 0 0 0.00195312 0.013834 0.00090009 0 0.00125 0 0 0 0 0 0 0 0 0 0 0 0.00957592 0 0 0.0299539 0 0 0 0.00230415 0.0644258 0 0 0.00180072 0 0.112045 0.00460829 0.0654206 0.0125881 0.0704753 0.0801714 0.000360036 0.0272315 0.00123077 0.00236787 0.0608108 1 0 
0 0 0 0 0 0 0 0 0 0 0 0.17965 0 0 0 0 0 0 0 0 0 0 0 0 0 0 0 0 0 0 0 0 0 0 0 0 0 0 0.10171 0 0 0.238095 0 0 0 0 0 0 0.0498489 0.0927183 0 0 0 0 0.00161562 0.003003 0.00482017 0 
0.0125 0 0 0 0 0.0621118 0 0 0 0.0244499 0.025 0.0763116 0 0 0.021645 0.0285714 0.0195312 0 0.145815 0.008 0.135 0 0.0893617 0.0113379 0.13329 0.0624187 0.002 0.0368664 0 0.0368664 0.062212 0 0 0 0.0483871 0 0.0391872 0 0.0144014 0 0 0 0 0 0.0025 0 0 0.0934579 0 0.0676657 0.00917993 0.0111611 0.0139183 0 0.00151201 0.0232733 0.190026 0 
0 0.022409 0.268908 0 0 0 0 0 0 0.156479 0 0.203498 0 0 0 0 0 0 0.316832 0 0.2 0 0 0 0.0624187 0.208062 0 0 0 0.147465 0 0 0 0 0 0 0.0464441 0 0 0 0 0 0 0 0 0 0 0 0 0.0149848 0 0.0230423 0 0 0.00098048 0.003003 0.0157582 0 
0 0 0 0 0 0 0 0 0 0 0 0 0 0 0 0 0 0 0.438344 0 0.10125 0 0 0 0 0 0 0 0 0 0 0 0 0 0 0 0 0 0 0 0 0 0 0 0 0 0 0 0 0.111918 0 0 0 0 0.0005 0.00225225 0.00500556 0 
0.01 0.00560224 0.0672269 0 0.004 0.0993789 0 0.0128205 0.0680851 0.127139 0.04 0.165342 0 0 0 0.0326531 0.0078125 0 0.0612061 0 0.11 0 0.0170213 0 0.114434 0.0780234 0 0.0368664 0 0 0.0368664 0 0 0 0.0829493 0 0.0348331 0.025641 0 0 0 0.00280112 0 0 0.002 0 0 0 0.00730111 0.0332475 0 0.0127813 0.0214826 0.00676923 0.00147598 0.0165165 0.252132 0 
0 0 0 0 0 0 0 0 0 0 0 0 0 0 0 0 0 0 0 0 0 0 0 0 0 0 0 0 0 0 0 0 0 0 0 0 0 0 0 0 0 0 0 0 0 0 0 0 0 0 0 0 0 0 0 0 0.000370782 0 
0 0 0 0 0 0 0 0 0 0.202934 0 0 0 0 0 0 0 0 0 0 0 0 0 0 0 0 0.0332 0 0 0 0 0 0.113543 0 0 0 0 0 0 0 0 0 0 0 0.0415 0 0 0 0 0.030672 0.160343 0 0 0 0.0046967 0.0202703 0.0296626 0 
0 0 0 0 0 0 0 0 0 0 0 0.287758 0 0 0 0 0 0 0 0 0.22625 0 0 0 0 0 0 0 0 0 0 0 0 0 0 0 0 0 0 0 0 0 0 0 0 0 0 0 0 0 0 0.0556256 0 0 0.0005 0.00750751 0.0101965 1 
0.0225 0.0343137 0.165266 0 0.039 0.118012 0 0 0.0382979 0.0953545 0 0.251192 0.0342342 0 0 0 0.0175781 0 0.337534 0 0.135 0 0 0.0430839 0 0 0 0 0 0 0 0 0 0 0 0 0 0 0 0 0 0 0 0 0 0 0 0 0.195871 0.00866308 0 0.938434 0.296218 0 0.00717868 0.0397898 0.137004 1 
0 0 0 0 0 0.391304 0 0 0 0 0 0 0 0 0 0 0 0 0.0567057 0 0 0 0 0 0.205462 0 0 0 0 0 0 0 0 0 0.145161 0 0 0 0 0 0 0 0 0.0378151 0 0 0 0 0 0 0 0 0 0 0.000840841 0.00600601 0.0116796 0 
0.085 0.0182073 0.0728291 0 0.008 0.267081 0.0110041 0.0833333 0.0340426 0.359413 0.17 0.0826709 0.171171 0 0.0735931 0.0108844 0 0 0.272727 0 0.0975 0 0.144681 0.0770975 0 0 0 0 0 0 0 0 0 0 0 0 0 0 0 0 0 0 0 0 0.0085 0 0 0 0 0.0112386 0 0.0466247 0.0783661 0.0393846 0.00350601 0.0457958 0.0993697 1 
0.015 0 0.0672269 0 0.01 0 0 0.0544872 0.0723404 0.0415648 0 0.0158983 0.00540541 0 0 0.00408163 0 0 0.0405041 0 0.025 0 0.012766 0 0.076723 0.158648 0 0 0 0 0 0 0 0 0 0 0.197388 0 0 0 0 0 0.0168067 0 0.0225 0 0 0 0.0450655 0.0714118 0.0177479 0.00522052 0.00332829 0.0141538 0.00272222 0.0187688 0.465146 1 
0 0 0 0 0 0 0 0 0 0 0 0 0 0 0 0 0 0 0 0 0 0 0 0 0 0 0 0 0 0 0 0 0 0 0.0184332 0 0 0 0 0 0 0 0 0 0.004 0 0 0 0 0.529852 0 0 0 0 0.00322673 0.00600601 0.242677 0 
0.0425 0 0.022409 0 0.042 0.0496894 0.0110041 0.134615 0.0340426 0.0195599 0 0.0953895 0.0306306 0.0306306 0 0 0.0332031 0.0158103 0.108011 0 0.39625 0 0.144681 0.0181406 0 0 0 0 0 0 0 0 0 0 0 0 0 0 0 0 0 0 0 0 0 0 0 0 0 0.0189651 0.0165239 0.0171017 0.00393343 0 0.00460961 0.0352853 0.106229 1 
0 0 0 0 0 0 0 0 0 0 0 0 0 0 0 0 0 0 0.0918092 0 0.1275 0 0 0 0 0 0 0 0 0 0 0 0 0 0 0 0 0.653846 0 0 0 0.0714286 0 0 0 0 0 0 0 0 0 0 0.0429652 0 0.00128679 0.00675676 0.011865 0 
0 1 0 0 0 0 0 0 0 0 0 0 0 0 0 0 0 0 0 0 0 0 0 0 0 0 0 0 0 0 0 0 0 0 0 0 0 0 0 0 0 0 0 0 0 0 0 0 0 0 0 0 0 0 0.0012012 0.003003 0.00148313 0 
0 0 0 0 0 0 0 0 0 0.132029 0 0 0 0 0 0 0 0 0.145815 0 0 0 0 0 0.105332 0.140442 0.0432 0.373272 0.0378151 0.124424 0.124424 0.124424 0 0.124424 0.124424 0.124424 0.0783745 0 0 0.124424 0 0 0.151261 0 0.027 0 0 0 0 0.130883 0 0 0 0 0.00306156 0.00900901 0.0285502 0 
0.105 0.0273109 0.10084 0 0.013 0.0559006 0.0123796 0.0192308 0.208511 0.222494 0.13 0.0874404 0.0756757 0.194595 0.012987 0.0353741 0.0820312 0.00592885 0.247525 0 0.15875 0 0.13617 0.117914 0 0 0 0 0 0 0 0 0 0 0 0 0 0 0 0 0 0 0 0 0.0045 0 0 0 0.00805639 0.0243503 0.00979192 0.0621062 0.155825 0.0670769 0.00695495 0.0998498 0.463478 1 
0 0 0 0 0.012 0 0 0 0 0 0 0.143084 0 0 0 0.0163265 0 0.0237154 0.0108011 0 0.015 0 0 0 0 0 0 0.0576037 0.00840336 0.0276498 0 0 0 0 0 0.147465 0 0.0769231 0 0 0 0.0266106 0 0 0 0.0532213 0 0 0 0.0915476 0 0 0 0 0.00212763 0.03003 0.0889878 1 
0 0 0 0 0 0 0 0 0 0.237164 0 0 0 0 0 0 0 0 0 0 0 0 0 0 0 0 0.0388 0 0 0 0 0 0 0 0 0 0 0 0 0 0 0 0 0 0 0 0 0 0 0.114961 0.0997552 0 0 0 0.00497297 0.024024 0.0253986 0 
0 0 0.0644258 0 0.023 0 0 0 0.0978723 0 0 0 0 0.257658 0 0 0.0449219 0 0.0207021 0 0.2675 0 0 0 0.0149545 0 0 0 0 0 0 0 0 0 0 0 0.0333817 0 0 0 0 0.133053 0 0 0 0 0 0 0.0294562 0.0550222 0 0.0210621 0 0.100923 0.00242643 0.119369 0.126437 0 
0 0 0.0392157 0 0.028 0 0.0192572 0 0 0 0.07 0.0222576 0 0 0 0 0 0 0.257426 0.3424 0.25 0.289355 0.0595745 0 0 0 0 0 0 0 0 0 0 0 0 0 0 0 0 0 0 0 0 0 0.007 0 0 0 0 0.0112386 0 0.0433843 0.0217852 0.267692 0.00786486 0.027027 0.22766 1 
0.0025 0.00210084 0.0560224 0 0.009 0.0186335 0 0 0.0212766 0.0122249 0 0.0747218 0.00540541 0.0306306 0 0.0122449 0.0351562 0.0256917 0.0315032 0.0048 0.01875 0 0 0.00680272 0 0 0.002 0.00691244 0.00070028 0 0 0 0.201094 0 0 0.0253456 0.130624 0 0 0.00691244 0 0.00490196 0 0.00780312 0.0025 0.0252101 0 0.140187 0.00956697 0.0615781 0.00305998 0.00288029 0 0.00307692 0.00184685 0.0758258 0.587134 0 
0 0 0 0 0 0 0 0 0 0 0 0 0 0 0 0 0 0 0 0 0 0 0 0 0 0 0 0 0 0 0 0 0 0 0 0 0 0 1 0 0 0 0 0 0.5555 0 0 0 0 0.349333 0 0 0 0 0.000857357 0.00225225 0.00185391 0 
0.0825 0 0 0 0 0 0 0 0.140426 0 0 0 0 0 0 0 0 0 0.029703 0 0 0 0 0 0 0 0 0 0 0 0 0 0.451436 0 0 0 0 0 0 0 0 0 0 0 0 0 0 0 0 0.104893 0 0.010081 0 0 0.00118318 0.00375375 0.017056 0 
0 0 0.815126 0 0 0 0 0 0 0 0 0 0 0 0 0 0 0 0.174617 0 0 0 0 0 0 0 0 0 0 0 0 0 0 0 0 0 0 0 0 0 0 0 0 0 0 0 0 0 0 0.0910794 0 0.070027 0 0 0.00039039 0.0015015 0.00519095 0 
0 0 0 0 0.054 0 0 0 0 0 0.27 0.173291 0 0 0 0 0 0 0.343834 0 0 0 0 0 0.141743 0.283485 0 0.124424 0 0.251152 0 0 0 0 0.124424 0 0 0 0 0 0 0 0.151261 0 0.027 0 0 0 0 0.0203699 0 0 0 0 0.0038033 0.0247748 0.0292918 0 
0 0 0 0 0.068 0 0 0 0 0.442543 0 0.108108 0 0 0 0.029932 0 0 0.306031 0 0.22625 0 0 0 0 0 0 0 0 0 0 0 0 0 0 0 0 0 0 0 0 0.0315126 0 0 0.011 0 0 0 0.0400302 0.130649 0.0973072 0.0358236 0 0 0.00764414 0.0615616 0.0980719 1 
0 0 0 0 0 0 0.26685 0 0 0 0 0 0 0 0 0.395918 0.757812 0 0.174617 0 0.2425 0 0 0.439909 0 0 0 0 0 0 0 0 0 0 0 0 0 0 0 0.223502 0 0 0 0 0.0485 0 0 0 0 0.0304378 0 0.0936094 0.0393343 0 0.00790691 0.0187688 0.0172414 1 
0 0 0 0 0.128 0 0.352132 0.410256 0.544681 0.312958 0.64 0.203498 0 0 0 0 1 0 0.230423 0.2048 0.64 0 0 0 0 0 0 0 0 0 0 0 0 0 0 0 0 0 0 0 0 0 0 0 0 0 0 0 0 0 0 0.0975698 0 0 0.152652 0.227477 0.0569151 1 
0 0 0 0 0 0 0 0 0 0 0 0.155803 0 0 0 0 0 0 0 0 0 0 0 0 0.0318596 0.127438 0 0 0 0 0 0 0 0 0 0 0 0 0 0 0 0 0 0 0 0 0 0.457944 0 0 0 0.0286229 0 0 0.000675676 0.0045045 0.0135336 0 
0.095 0 0.532213 0 0.114 0 0 0 0.161702 0.0929095 0 0 0 0 0 0 0 0 0.0342034 0.1216 0 0 0 0 0.0247074 0 0 0 0 0 0 0 0 0 0 0 0 0 0 0 0 0 0 0 0 0 0 0 0 0 0 0.181458 0.0178517 0 0.441441 0.882883 0.218576 1 
0.1475 0 0 0 0 0 0.162311 0.189103 0.251064 0.288509 0 0.187599 0 0 0 0 0.576172 0 0.372637 0.3776 0.295 0 0 0 0 0 0 0 0 0 0 0 0 0 0 0 0 0 0 0 0 0 0 0 0 0 0 0 0 0 0 0.0757876 0 0 0.00792042 0.0337838 0.0335558 1 
0 0 0.392157 0 0.046 0 0.0632737 0.448718 0 0.112469 0 0 0 0 0 0 0 0 0.252025 0 0.2325 0 0 0 0 0 0 0 0 0 0 0 0 0 0 0 0 0 0 0.214286 0 0 0 0 0 0 0 0 0 0.0287989 0 0.0666067 0 0 0.00771321 0.0397898 0.057842 1 
0.025 0 0.0280112 0 0.04 0.0621118 0.0137552 0 0.0851064 0.0488998 0.2 0.0794913 0 0.108108 0 0.12381 0.0390625 0 0.154815 0.6816 0.215 0 0.170213 0.0453515 0 0 0 0 0 0 0 0 0 0 0 0 0 0 0 0 0 0 0 0 0 0 0 0 0 0.0224772 0 0.060486 0.0484115 0 0.00864565 0.37012 0.264182 1 
0 0 0.103641 0 0.113 0 0.0508941 0 0 0.183374 0 0.0588235 0 0 0 0.0503401 0.146484 0 0.238524 0 0.14125 0 0.157447 0 0 0 0 0 0 0 0 0 0 0 0 0 0 0 0 0 0 0 0 0 0.0565 0 0 0 0 0.0147506 0 0.158776 0.0571861 0 0.00462462 0.0578078 0.0467186 1 
0.0975 0 0 0 0 0.242236 0.108666 0 0 0 0 0.125596 0 0 0 0 0.0761719 0 0.213321 0 0.345 0 0.502128 0.179138 0 0 0 0 0 0 0 0 0 0 0 0 0 0 0 0 0 0 0 0 0 0 0 0 0 0.0142824 0 0.110171 0.0553707 0 0.00251952 0.00900901 0.0137189 1 
0 0 0 0 0 0 0 0 0 0.195599 0 0.170111 0 0 0 0.0353741 0 0 0.0963096 0 0.235 0 0 0 0.139792 0.209363 0.0428 0.0599078 0.0182073 0.0599078 0.0599078 0.0599078 0 0.0599078 0.0599078 0.0599078 0.0769231 0 0 0.0599078 0 0 0.148459 0.0318127 0.0265 0 0 0 0.0438066 0.102318 0 0.00774077 0 0 0.00282132 0.0135135 0.0483871 0 
0.1475 0.00630252 0.0252101 0 0.029 0.0559006 0 0.189103 0.251064 0.511002 0.145 0.0143084 0.0522523 0 0.168831 0.0122449 0.154297 0.0770751 0.287129 0.0144 0.21125 0 0.591489 0.22449 0 0 0 0 0 0 0 0 0 0 0 0.0207373 0 0 0.00810081 0 0 0 0 0 0.0095 0 0 0 0.0110775 0.0182627 0 0.060126 0.0402421 0.00676923 0.0217613 0.878378 0.470894 1 
0 0 0 0 0 0 0 0 0 0 0 0 0 0 0 0 0 0 0.360036 0 0 0 0 0 0 0 0 0 0 0 0 0 0 0 0 0 0 0 0 0 0 0 0 0 0 0 0 0 0 0 0 0 0 0 0.00204655 0.00750751 0.00463478 1 
0 0 0 0 0 0 0 0 0 0 0 0 0 0 0 0 0 0 0 0 0 0 0 0 0 0 0 0 0 0 0 0 0 0 0 0 0 0 0 0 0 0.70028 0 0 0 0 0 0 0 0 0 0 0 0 0.001 0.0015015 0.000741565 0 
0 0 0 0 0 0 0 0 0 0.205379 0 0 0 0 0 0 0.164062 0 0.151215 0 0 0 0 0 0 0 0 0 0 0 0 0 0 0 0 0 0.121916 0 0.0756076 0 0 0 0.235294 0 0.042 0.117647 0 0 0 0 0.0838433 0.0743474 0 0.0843077 0.00308108 0.00900901 0.02132 0 
0 0 0 0 0 0 0 0 0 0 0 0 0 0.214414 0 0 0 0.235178 0 0 0 0 0 0 0 0 0 0 0 0 0 0 0.162791 0 0 0 0 0 0 0 0 0 0 0 0 0 0 0 0 0 0 0 0 0 0.00176877 0.015015 0.0111235 0 
0 0 0.0616246 0 0 0 0 0 0 0 0 0.108108 0.162162 0 0 0.029932 0.0429688 0 0 0 0 0 0 0 0.0884265 0 0 0 0 0 0.0506912 0 0 0 0 0 0.065312 0 0 0 0 0 0 0 0 0 0 0 0 0.0220089 0 0 0 0 0.00177477 0.0307808 0.037449 0 
0 0 0 0 0 0 0 0 0.114894 0 0 0.0429253 0 0.245045 0 0 0.0527344 0 0.0729073 0 0.0675 0 0 0 0.0175553 0 0 0 0 0 0 0 0 0 0.062212 0 0 0 0 0 0 0.0763305 0 0 0 0 0.880184 0 0 0 0 0 0 0.141538 0.00228378 0.0225225 0.0956618 0 
0.3725 0 0 0 0 0 0 0 0 0 0 0.236884 0 0 0 0 0 0 0.40234 0 0.18625 0 0 0 0 0.193758 0 0 0 0 0 0 0 0 0 0 0 0 0 0 0 0 0 0.0894358 0 0 0 0 0 0 0 0 0 0 0.0014009 0.00525526 0.00519095 0 
0.18 0 0 0 0 0 0 0 0 0 0 0.230525 0 0 0 0 0 0 0.0648065 0 0 0 0 0 0 0 0 0 0 0 0 0 0 0 0 0 0 0 0 0 0 0 0 0 0 0 0 0.672897 0 0 0 0 0 0 0.000611111 0.00375375 0.00685947 0 
0 0 0 0 0 0 0 0 0 0 0 0 0 0 0 0 0 0 0 0 0 0 0 0 0 0 0.2 0 0 0 0 0 0 0 0 0 0 0 0 0 0 0 0 0 0 0 0 0 0 0 0 0 0 0 0.000375375 0.000750751 0.00166852 0 
0 0 0 0 0 0 0 0 0 0 0 0 0 0 0 0 0 0 0 0 0 0 0 0 0.541612 0.540962 0.1664 0.958525 0.291317 0.958525 0.958525 0.958525 0 0.958525 0.958525 0.958525 0 0 0 0.958525 0 0 0 0 0 0 0 0 0 0.275345 0 0 0 0 0.00366967 0.00750751 0.00556174 0 
0.0675 0 0.0364146 0 0.082 0 0 0 0 0 0 0.0874404 0.0738739 0 0 0 0 0 0.111611 0 0.1375 0 0 0 0.107282 0.106632 0.0052 0.0299539 0.00910364 0.0299539 0.0299539 0.0299539 0 0.0299539 0.0299539 0.0299539 0.0595065 0 0 0.0299539 0 0.0287115 0.0364146 0 0.0205 0 0 0.252336 0.0103223 0.023882 0.0122399 0.00360036 0 0 0.00267267 0.0247748 0.0678532 0 
0 0 0 0 0.5 0 0 0 0 0 0 0 0 0 0 0 0 0 0 0 0 0 0 0 0 0 0 0 0 0 0 0 0 0 0 0 0 0 0 0 0 0 0 0 0 0 0 0 0 0 0 0 0 0 0.00375375 0.00600601 0.00370782 0 
0 0 0 0 0 0 0 0 0 0 0 0 0 0 0 0 0 0 0 0 0 0 0 0 0 0 0.8 0 0 0 0 0 0 0 0 0 0 0 0 0 0 0 0 0 0 0 0 0 0 0 0 0 0 0 0 0 0.000741565 0 
