Spambase-460 58 230
0 0.0756303 0 0 0 0 0 0 0 0 0 0.171701 0 0 0 0 0 0 0 0 0 0 0 0 0 0 0 0 0 0 0 0 0 0 0 0 0 0 0 0 0 0 0 0 0 0 0 0 0 0.0423788 0 0 0 0 0.000918919 0.00750751 0.00908417 0 
0 0 0 0 0 0 0 0 0 0 0 0 0 0 0 0 0 0 0.172817 0 0.24 0 0 0 0 0 0 0 0 0 0 0 0 0 0 0 0.278665 0 0 0 0 0 0 0 0 0.806723 0 0 0 0.0786701 0 0 0 0 0.00203003 0.0105105 0.00723026 0 
0 0.0294118 0 0 0.042 0.26087 0 0 0 0 0 0 0 0 0 0.0571429 0 0.083004 0.378038 0 0 0 0.178723 0 0 0 0 0 0 0 0 0 0 0 0 0 0 0 0 0 0 0 0 0 0.021 0 0 0 0 0.018731 0 0.115932 0.0487141 0 0.00228529 0.00975976 0.020393 1 
0.18 0 0 0 0 0 0.19945 0 0 0 0 0.114467 0 0 0 0 0.283203 0 0.19622 0.232 0.6375 0 0 0 0 0 0 0 0 0 0 0 0 0 0 0 0 0 0 0 0 0 0 0 0 0 0 0 0 0 0 0.0189019 0 0 0.00253604 0.018018 0.0142751 1 
0 0 0.310924 0 0 0 0.152682 0 0 0 0.555 0.176471 0 0 0 0.302041 0 0 0.29973 0 0.41625 0 0 0 0 0 0 0 0 0 0 0 0 0 0 0 0 0 0 0 0 0 0 0 0 0 0 0 0 0.0323109 0 0.0248425 0.0417549 0 0.00255255 0.00750751 0.00982573 1 
0 0 0.0784314 0 0.028 0 0 0 0 0 0 0.135135 0 0 0 0 0 0 0.0252025 0 0 0 0 0 0.110533 0 0 0.129032 0 0 0 0 0 0 0.129032 0.587558 0.0406386 0 0.0252025 0 0 0 0 0.0168067 0 0 0 0 0.056143 0.0173262 0 0 0 0 0.00143844 0.0405405 0.0350389 0 
0 0 0 0 0 0 0 0 0 0 0 0 0 0 0 0.161905 0.232422 0 0.107111 0 0 0 0.506383 0 0 0 0 0 0 0 0 0 0 0 0 0 0 0 0 0 0 0 0 0 0 0 0 0 0 0 0 0.212601 0.238124 0 0.00431682 0.0225225 0.017056 1 
0 0 0 0 0 0 0 0 0 0 0 0 0 0 0 0 0 0 0 0 0 0 0 0 0 0 0 0 0 0 0 0 0 0 0 0 0 0 0 0 0 0 0 0 0 0 0 0 0 0.0828846 0 0 0 0 0.00178228 0.003003 0.0063033 0 
0 0 0 0 0 0 0 0 0 0 0 0 0 0 0 0 0 0 0.187219 0 0 0 0 0 0 0 0 0 0 0 0 0 0 0 0 0 0 0 0 0 0 0 0 0 0 0 0 0 0 0 0 0 0 0 0.000642643 0.00225225 0.00166852 0 
0.1175 0 0.263305 0 0.094 0 0.129298 0 0 0 0 0.0747218 0 0 0 0 0.0917969 0 0.381638 0 0.1175 0 0.6 0 0 0 0 0 0 0 0 0 0 0 0.108295 0 0 0 0 0 0 0 0 0 0.0235 0 0 0 0 0.017092 0 0.225743 0.0668684 0 0.00738438 0.0675676 0.0404153 1 
0 0 0 0 0 0 0 0 0 0 0 0 0 0 0 0 0 0 0 0 0 0 0 0 0 0 0 0 0 0 0 0 0 0 0 0 0 0 0 0 0 0 0 0 0.1665 0 0 0 0 0.147038 0 0 0 0 0.000750751 0.003003 0.00259548 0 
0 0.017507 0.210084 0 0.1 0.15528 0 0 0 0 0.125 0.0397456 0.225225 0 0 0.0340136 0 0.247036 0.225923 0 0.21875 0 0.106383 0 0 0 0.01 0 0 0 0 0 0 0 0 0 0 0 0 0 0 0 0 0 0 0 0 0 0 0 0 0.00756076 0 0 0.000306306 0.0045045 0.0216908 0 
0 0 0 0 0 0 0 0 0 0 0 0.136725 0.154955 0 0 0 0 0 0 0 0 0 0 0 0.225618 0 0 0 0 0 0 0 0 0 0 0 0.124819 0 0 0 0 0 0 0 0 0 0 0 0 0 0 0 0 0 0.00198498 0.00750751 0.0131628 0 
0.065 0.00560224 0.0728291 0 0.053 0.0496894 0.0110041 0.025641 0.412766 0.151589 0.04 0.18283 0.0144144 0.126126 0.0735931 0.047619 0.015625 0 0.374437 0.0416 0.27625 0 0.0723404 0.340136 0 0 0 0 0 0 0 0 0 0 0.0184332 0 0 0.0512821 0 0 0 0 0 0 0 0 0 0 0 0.010302 0 0.0610261 0.0490166 0.00861538 0.00471021 0.0548048 0.139414 1 
0 0 0 0 0 0 0 0 0 0 0 0 0 0 0 0 0 0 0 0 0 0 0 0 0 0 0.2 0 0 0 0 0 0 0 0 0 0 0 0 0 0 0 0 0 0 0 0 0 0 0 0 0 0 0 0.000375375 0.000750751 0.00166852 0 
0 0 0 0 0.185 0 0 0 0 0 0 0 0 0 0 0 0 0 0.166517 0 0 0 0 0 0.120286 0.481144 0 0.852535 0 0 0 0 0 0 0.852535 0 0 0 0 0 0 0 0 0 0 0 0 0 0 0.127371 1 0 0 0 0.00203003 0.00750751 0.00723026 0 
0 0 0.131653 0 0.095 0.291925 0 0 0 0 0 0.0747218 0 0 0 0 0 0 0.0855086 0 0 0 0 0 0 0.0611183 0.0188 0 0 0 0 0 0 0 0 0 0 0.608974 0 0 0 0.0329132 0 0 0 0 0 0 0 0.017092 0 0 0 0 0.00132733 0.00525526 0.0179829 0 
0 0 0.0840336 0 0.03 0.186335 0.0412655 0.0961538 0 0 0.3 0.143084 0 0 0 0.122449 0.117188 0.0592885 0.216022 0.432 0.375 0 0 0.136054 0 0 0 0 0 0 0 0 0 0 0 0 0 0 0 0 0 0 0 0 0 0 0 0 0 0.0112386 0 0.0259226 0 0.0590769 0.00661111 0.103604 0.0519095 1 
0 0 0 0 0 0 0 0 0 0 0 0 0 0 0 0 0 0 0.169217 0 0.05875 0 0 0 0.184005 0.305592 0.0752 0.541475 0.0987395 0.324885 0.108295 0.108295 0 0.108295 0.324885 0.108295 0.0682148 0 0 0.108295 0 0 0.131653 0 0.0705 0 0 0 0 0.0337158 0.0440636 0.0129613 0 0 0.0015015 0.00900901 0.0309603 0 
0.0425 0.0182073 0.338936 0 0.043 0.372671 0.0591472 0.0833333 0.293617 0.127139 0.13 0.206677 0.0306306 0 0.25974 0.0938776 0.015625 0.290514 0.218722 0.0272 0.13 0 0.404255 0.0385488 0 0 0 0 0 0 0 0 0 0 0 0 0 0 0 0.0184332 0 0 0 0 0.004 0 0 0 0 0.0250527 0 0.0460846 0.0732224 0.008 0.00772072 0.436937 0.248053 1 
0 0 0 0 0 0 0 0 0 0 0 0 0 0 0 0 0 0 0 0 0 0 0 0 0.223667 0.447334 0 0 0 0 0 0 0 0 0 0 1 0 0 0 0 0 0 0 0.172 0 0 0 0 0 0 0 0 0 0.00272973 0.00525526 0.00556174 0 
0 0 0 0 0 0.391304 0 0 0 0 0 0 0 0 0 0 0 0 0.0567057 0 0 0 0 0 0.205462 0 0 0 0 0 0 0 0 0 0.145161 0 0 0 0 0 0 0 0 0.0378151 0 0 0 0 0 0 0 0 0 0 0.000840841 0.00600601 0.0116796 0 
0.0625 0 0.142857 0 0 0.15528 0 0 0 0.0293399 0 0 0.045045 0 0 0.0340136 0.0488281 0.0750988 0.160216 0 0.06375 0 0 0 0 0 0 0 0 0 0 0 0 0 0 0 0 0 0 0 0 0 0 0 0.019 0.607843 0 0 0.00478348 0.00444861 0 0 0.0114977 0 0.000963964 0.012012 0.0381906 0 
0 0 0.10084 0 0.073 0 0 0 0 0.178484 0 0.0572337 0 0 0 0 0 0 0.0657066 0 0 0 0 0 0 0 0 0.0829493 0 0 0 0 0 0 0 0 0 0 0 0 0 0 0 0 0 0.0504202 0 0 0 0 0 0 0 0 0.0016967 0.00825826 0.0420838 1 
0.025 0.0070028 0.19888 0 0.051 0.124224 0.0275103 0.0320513 0.608511 0.200489 0.05 0.0810811 0 0 0 0.0136054 0 0.201581 0.193519 0.0656 0.23 0 0 0.0680272 0 0 0 0 0 0 0 0 0 0 0.0230415 0 0 0 0.0090009 0 0 0 0 0 0 0 0 0 0 0 0.161567 0.175338 0.119818 0.0203077 0.00324775 0.0412913 0.190397 1 
0 1 0 0 0 0 0 0 0 0 0 0 0 0 0 0 0 0 0 0 0 0 0 0 0 0 0 0 0 0 0 0 0 0 0 0 0 0 0 0 0 0 0 0 0 0 0 0 0 0 0 0 0 0 0.0012012 0.003003 0.00148313 0 
0.0425 0 0.190476 0 0.034 0.21118 0 0 0 0 0 0 0 0 0 0 0 0.0671937 0.432043 0 0.235 0 0 0 0 0 0 0 0 0 0 0 0 0 0 0 0 0 0 0 0 0 0 0 0.0255 0.0238095 0 0 0 0.00749239 0 0.0117012 0 0 0.000283784 0.003003 0.0126066 0 
0 0 0.218487 0 0 0 0 0 0 0 0 0 0.140541 0 0 0 0 0 0 0 0.0975 0 0 0 0 0 0.0312 0 0 0 0 0 0 0 0 0 0 0 0 0 0 0 0 0 0.039 0 0 0 0 0.093889 0 0.0239424 0 0 0.000848348 0.00225225 0.00648869 0 
0.0675 0 0.0364146 0 0.082 0 0 0 0 0 0 0.0874404 0.0738739 0 0 0 0 0 0.111611 0 0.1375 0 0 0 0.107282 0.106632 0.0052 0.0299539 0.00910364 0.0299539 0.0299539 0.0299539 0 0.0299539 0.0299539 0.0299539 0.0595065 0 0 0.0299539 0 0.0287115 0.0364146 0 0.0205 0 0 0.252336 0.0103223 0.023882 0.0122399 0.00360036 0 0 0.00267267 0.0247748 0.0678532 0 
0 0 0 0 0 0 0 0 0 0 0 0.165342 0 0 0 0 0 0 0.468047 0 0 0 0 0 0 0 0.0416 0 0 0 0 0 0 0 0 0 0 0 0 0 0 0 0 0 0 0 0 0 0 0.0456568 0 0 0 0 0.000106607 0.000750751 0.00259548 0 
0 0 0 0 0 0 0 0 0 0 0 0 0 0 0 0 0 0 0 0 0 0 0 0 0.56502 0.564369 0.1736 1 0.303922 1 1 1 0 1 1 1 0 0 0 1 0 0 0 0 0 0 0 0 0 0.272067 0 0 0 0 0.003503 0.00750751 0.00537634 0 
0 0 0 0 0 0 0 0 0 0.237164 0 0 0 0 0 0 0 0 0 0 0 0 0 0 0 0 0.0388 0 0 0 0 0 0 0 0 0 0 0 0 0 0 0 0 0 0 0 0 0 0 0.114961 0.0997552 0 0 0 0.00497297 0.024024 0.0253986 0 
0.215 0 0.240896 0 0 0 0 0 0 0 0 0 0 0 0 0.117007 0.671875 0 0.387939 0 0.1075 0 0.365957 0 0 0 0 0 0 0 0 0 0 0 0 0 0 0 0 0 0 0 0 0 0 0 0 0 0 0 0 0.167057 0.0465961 0.0947692 0.00211562 0.0045045 0.00964034 1 
0 0 0 0 0 0 0 0 0 0 0 0 0 0 0 0 0 0 0 0 0 0 0 0 0 0 0.2664 0 0 0 0 0 0 0 0 0 0 0 0 0 0 0 0 0 0 0 0 0 0.303122 0 0 0 0 0 0.000427928 0.000750751 0.00148313 0 
0 0.0245098 0.196078 0 0.035 0 0 0 0 0 0 0.111288 0 0 0 0.142857 0 0.13834 0.189919 0 0.175 0 0 0 0 0 0 0 0 0 0 0 0 0 0 0 0 0 0 0 0 0 0 0 0.0175 0 0 0 0 0.0285647 0 0.231143 0 0 0.00396246 0.045045 0.057842 1 
0 0 0 0 0 0.273292 0 0 0 0 0 0 0 0 0 0.0598639 0 0.0869565 0.039604 0 0.055 0 0 0 0 0 0 0 0 0 0 0 0 0 0 0 0.0638607 0 0 0 0 0 0 0 0.022 0.0616246 0 0 0 0.040974 0.0354957 0 0 0.0356923 0.0112282 0.0908408 0.0721172 0 
0 0 0 0 0 0 0 0 0 0 0 0 0 0 0 0 0 0 0 0 0 0 0 0 0 0 0 0 0 0 0 0 0 0 0 0 0 0 0 0 0 0 0 0 1 0 0 0 0 0 0 0 0 0 0 0 0.000741565 0 
0 0 0 0 0.5 0 0 0 0 0 0 0 0 0 0 0 0 0 0 0 0 0 0 0 0 0 0 0 0 0 0 0 0 0 0 0 0 0 0 0 0 0 0 0 0 0 0 0 0 0 0 0 0 0 0.00375375 0.00600601 0.00370782 0 
0 0 0 0 0 0 0.0618982 0 0 0.110024 0.11 0.0349762 0 0 0.0952381 0.029932 0 0.0434783 0.142214 0 0.14125 1 0.382979 0 0 0 0 0 0 0 0 0 0 0 0 0 0.0319303 0 0 0 0 0 0 0 0 0 0 0 0 0 0 0.00666067 0.0453858 0.974769 0.0194234 0.0848348 0.245273 1 
0 0 0 0 0.476 0 0 0 0 0 0 0 0 0 0 0 0 0 0 0 0 0 0 0 0 0 0 0 0.333333 0 0 0 0 0 0 0 0 0 0 0 0 0.333333 0 0 0 0 0 0 0 0 0 0 0 0 0 0 0.000926956 0 
0 0 0.0644258 0 0 0.142857 0 0 0 0 0 0 0 0 0 0 0 0 0.0207021 0 0 0 0 0 0 0 0 0 0 0 0 0 0 0 0 0 0 0 0 0 0.0322129 0 0 0 0.0115 0.196078 0 0 0 0.0149848 0 0.0289829 0 0 9.75976e-05 0.0045045 0.0268817 0 
0 0 0 0 0 0 0 0 0 0.134474 0 0.0874404 0 0 0 0 0 0 0.09991 0 0.06875 0 0 0 0.180104 0.288687 0.0444 0.126728 0.0385154 0.126728 0.126728 0.126728 0.0752394 0.126728 0.126728 0.126728 0.240929 0 0.049505 0.126728 0 0 0.310924 0 0.0555 0 0 0 0 0.141185 0.0526316 0 0 0 0.00167117 0.00900901 0.0307749 0 
0 0 0 0 0.053 0 0 0 0 0 0 0.0842607 0.0954955 0 0 0 0 0 0.0477048 0 0.1325 0 0 0 0 0 0.0424 0 0 0 0 0 0 0 0 0 0 0 0 0 0 0 0 0 0.0265 0 0 0 0 0.0440178 0 0 0 0 0.000213213 0.0015015 0.00723026 0 
0 0 0 0 0 0 0 0 0 0 0 0 0 0 0 0.142857 0.205078 0 0.283528 0 0.2625 0 0 0 0 0 0 0 0 0 0 0 0 0 0 0 0 0 0 0 0 0 0 0 0.0525 0 0 0 0 0.0854601 0 0.0657066 0.0550681 0 0.00351802 0.0202703 0.0196515 1 
0 0 0 0 0 0 0 0 0 0 0 0 0 0.214414 0 0 0 0.235178 0 0 0 0 0 0 0 0 0 0 0 0 0 0 0.162791 0 0 0 0 0 0 0 0 0 0 0 0 0 0 0 0 0 0 0 0 0 0.00176877 0.015015 0.0111235 0 
0.115 0 0.128852 0 0 0 0 0.147436 0 0 0 0.219396 0 0 1 0 0.0898438 0.0909091 0.249325 0 0.28875 0 0.587234 0 0 0 0 0 0 0 0 0 0 0 0 0 0 0 0 0.105991 0 0 0 0 0 0 0 0 0 0.114727 0 0.0145815 0.246899 0 0.0036036 0.00825826 0.0187245 1 
0 0 0 0 0 0 0 0 0 0 0 0 0 0 0 0.887075 0 0 0.19532 0 0.27125 0 0 0 0 0 0 0 0 0 0 0 0 0 0 0 0 0 0 0 0 0 0 0 0 0 0 0 0 0 0 0.206841 0 0 0.0121622 0.024024 0.0166852 1 
0.1075 0.0182073 0.120448 0 0.078 0.161491 0 0.0544872 0.144681 1 0.04 0.193959 0.0774775 0 0.337662 0.153741 0.0507812 0.37747 0.211521 0 0.29375 0 0.0340426 0.0975057 0 0 0 0 0 0 0 0 0 0 0 0.0184332 0 0 0 0.0184332 0 0 0 0 0 0 0 0 0.0140987 0.0564271 0.0257038 0.127633 0.016944 0 0.00498348 0.0938438 0.208009 1 
0 0 0.0672269 0 0.049 0 0 0 0.102128 0 0 0 0 0.268468 0 0 0.046875 0 0 0 0.0925 0 0 0 0.0318596 0 0 0 0 0 0 0 0 0 0 0 0.0348331 0 0 0 0 0.156162 0 0 0 0 0 0 0 0.0107703 0 0.0124212 0 0.156923 0.00266667 0.0900901 0.115128 0 
0 0 0 0 0.068 0 0.280605 0 0 0 0 0 0 0 0 0 0 0.403162 0.122412 0.1088 0.255 0 0 0 0 0 0 0 0 0 0 0 0 0 0 0 0 0 0 0 0 0 0 0 0 0 0 0 0 0 0 0.0556256 0 0 0.00166817 0.00975976 0.0174268 1 
0.015 0 0.19888 0 0.123 0.118012 0.0261348 0.0384615 0.27234 0.0611247 0.19 0.0715421 0.0216216 0 0.757576 0.00816327 0.0117188 0.203557 0.122412 0.0512 0.06375 0 0.493617 0.0136054 0 0 0 0 0 0 0 0 0 0 0 0 0 0 0 0.0138249 0 0 0.0336134 0 0.003 0.00840336 0 0 0.00251762 0.0334816 0 0.049685 0.0556732 0.00615385 0.0132447 0.363363 0.418613 1 
0 0 0.0812325 0 0.059 0.180124 0.03989 0 0.123404 0.435208 0 0.141494 0 0 0 0 0.115234 0.0573123 0.374437 0 0.11125 0 0 0 0 0 0 0 0 0 0 0 0 0 0 0 0 0 0 0 0 0 0 0 0 0 0 0 0 0.0320768 0 0.00810081 0.0136157 0 0.0168168 0.121622 0.0902855 1 
0.2125 0.0595238 0 0 0.17 0 0 0 0 0.207824 0 0.135135 0 0 0 0 0 0 0 0 0.10625 0 0 0 0 0.110533 0 0 0 0 0 0 0 0 0 0 0 0 0 0 0 0 0 0 0 0 0 0 0 0.0643877 0 0 0 0 0.000825826 0.003003 0.00556174 0 
0 0 0 0 0 0 0 0 0 0 0 0 0 0 0 0 0 0 0 0 0 0 0 0 0 0 0 0.852535 0.518207 0 0 0 0 0 0 0 0 0 0 0 0 0.518207 0 0 0 0 0 0 0 0 0 0 0 0.924923 0.00431682 0.0112613 0.00556174 0 
0.075 0 0.170868 0 0 0 0 0 0 0.224939 0.15 0.146264 0.0540541 0.0540541 0 0.292517 0.119141 0 0.49775 0 0.15375 0 0 0.0680272 0 0 0 0 0 0 0 0 0 0.0691244 0 0 0 0 0 0 0 0 0 0 0.015 0 0 0 0 0.0234137 0 0.189559 0.106203 0.153846 0.00433033 0.0487988 0.0559881 1 
0 0 0 0 0 0 0 0 0 0 0 0 0 0 0 0 0 0 0.249325 0 0 0 0 0 0 0 0 0 0 0 0 0 0 0 0 0 0 0 0 0 0 0 0 0.166267 0.1385 0 0 0 0 0 0 0 0 0 0 0 0.00129774 0 
0 0 0 0 0 0 0 0 0 0.132029 0 0 0 0 0 0 0 0 0.145815 0 0 0 0 0 0.105332 0.140442 0.0432 0.373272 0.0378151 0.124424 0.124424 0.124424 0 0.124424 0.124424 0.124424 0.0783745 0 0 0.124424 0 0 0.151261 0 0.027 0 0 0 0 0.130883 0 0 0 0 0.00306156 0.00900901 0.0285502 0 
0 0 0.0896359 0 0.032 0 0 0 0 0 0 0.101749 0 0 0 0 0 0 0.0288029 0 0 0 0 0 0.0416125 0.083225 0 0 0 0 0 0 0 0 0 0.0737327 0.0928882 0 0 0 0 0 0 0 0 0 0 0 0 0.00936549 0 0 0 0 0.00101652 0.00675676 0.0287356 0 
0 0 0 0 0 0 0 0 0 0 0 0 0 0 0 0 0 0 0 0 0 0 0 0 0.270481 0.540962 0 0 0 0 0 0 0 0 0 0 0 0 0 0 0 0 0 0 0 0 0 0 0 0 0 0 0 0 0.00107207 0.00375375 0.004264 0 
0 0 0 0 1 0 0 0 0 0 0 0 0 0 0 0 0 0 0 0 0 0 0 0 0.650195 0 0 0 0 0 0 0 0 0 0 0 0 0 0 0 0 0 0 0 0 0 0 0 0 0 0 0 0 0 0.0005 0.000750751 0.000556174 0 
0 0 0 0 0 0 0 0 0 0 0 0 0 0 0 0 0 0 0 0 0 0 0 0 0 0 0 0 0 0 0 0 0.317373 0 0 0 0 0 0 0 0 0 0 0 0.116 0 0 0 0 0 0 0 0 0 0.0015015 0.00225225 0.00278087 0 
0 0.0336134 0.134454 0 0.146 0 0.0660248 0 0 0.237164 0.24 0 0 0 0 0.0653061 0 0 0.0873087 0.0768 0.24375 0 0 0.108844 0 0 0 0 0 0 0 0 0 0 0 0 0.211901 0 0 0.110599 0 0 0 0 0 0 0 0 0 0.017092 0 0.106031 0.0889561 0 0.00578078 0.0345345 0.0357805 1 
0 0.087535 0 0 0 0 0.171939 0 0 0 0 0 0 0 0 0.170068 0.244141 0.247036 0.112511 0 0.46875 0 0 0 0 0 0 0 0 0 0 0 0.170999 0 0 0 0 0 0 0 0 0 0 0 0 0 0 0 0.0501007 0 0 0.0536454 0 0 0.00446847 0.0232733 0.0315165 1 
0.4075 0 0.456583 0 0 0 0 0 0.693617 0 0 0 0 0 0 0.221769 0 0 0.294329 0 0.40875 0 0 0 0 0 0 0 0 0 0 0 0 0 0 0 0 0 0 0 0 0 0 0 0 0 0 0 0 0 0 0.136634 0.0765507 0 0.0015015 0.0112613 0.00648869 1 
0 0 0 0 0 0 0 0 0 0 0 0.117647 0 0 0 0 0 0.146245 0.134113 0 0 0 0 0 0.290637 0.289987 0 0.170507 0 0.170507 0.170507 0 0 0 0.170507 0.170507 0 0 0 0 0 0 0 0 0 0 0 0 0 0.023882 0.124847 0.0183618 0 0.125538 0.00168318 0.00675676 0.0159436 0 
0 0.022409 0.268908 0 0 0 0 0 0 0.156479 0 0.203498 0 0 0 0 0 0 0.316832 0 0.2 0 0 0 0.0624187 0.208062 0 0 0 0.147465 0 0 0 0 0 0 0.0464441 0 0 0 0 0 0 0 0 0 0 0 0 0.0149848 0 0.0230423 0 0 0.00098048 0.003003 0.0157582 0 
0.1875 0 0.103641 0 0 0 0 0 0 0 0 0 0.0666667 0 0 0 0 0 0.10081 0 0.23375 0 0 0 0.0487646 0.0481144 0.0748 0.0852535 0.0259104 0.0852535 0.0852535 0.0852535 0 0.0852535 0.0852535 0.0852535 0.108853 0 0.0333033 0.0852535 0 0 0.736695 0 0.0375 0 0 0 0 0.0714118 0 0.0109811 0 0 0.00135586 0.00900901 0.0216908 0 
0 0 0 0 0 0 0 0 0 0 0 0 0 0 0 0 0 0 1 0 0 0 0 0 0 0 0 0 0 0 0 0 0 0 0 0 0 0 0 0 0 0 0 0 0 0 0 0 0 0 0 0 0 0 0.000375375 0.000750751 0.000741565 0 
0.0675 0 0.0756303 0 0 0 0 0 0 0 0 0.257552 0.0486486 0 0 0 0.0527344 0 0.438344 0 0.10125 0.0202399 0.114894 0 0 0 0 0 0 0 0 0 0 0 0 0 0 0 0.0243024 0 0 0 0 0 0 0 0 0 0 0 0 0.157336 0.0154312 0.0313846 0.00687988 0.045045 0.0691509 1 
0 0 0 0 0 0 0 0 0 0 0 0 0 0 0 0 0 0 0 0 0 0 0 0 1 1 0 0 0 0 0 0 0 0 0 0 0 0 0 0 0 0 0 0 0 0 0 0 0 0 0 0 0 0 0.00870871 0.012012 0.00611791 0 
0.1725 0 0 0 0.139 0 0.0949106 0 0 0 0 0.109698 0 0 0 0 0 0 0.314131 0 0.17375 0 0 0 0 0 0 0 0 0 0 0 0 0 0 0 0 0 0 0 0 0 0 0 0 0 0 0 0 0 0 0.0352835 0 0 0.00765766 0.042042 0.0337412 1 
0 0 0.64986 0 0 0 0 0 0 0 0 0 0 0 0 0 0 0 0 0 0 0 0 0 0 0 0 0 0 0 0 0 0 0 0 0 0 0 0 0 0 0 0 0 0 0 0 0 0 0.199953 0 0 0 0 0.00123574 0.00525526 0.00556174 0 
0 0 0.0896359 0 0.064 0.397516 0.088033 0.102564 0 0 0 0.0508744 0.0576577 0 0 0.0435374 0.0625 0.0632411 0.20432 0 0.405 0 0 0.0725624 0 0 0 0 0 0 0 0 0 0 0 0 0 0 0 0 0 0 0 0 0.032 0 0 0 0 0.0365254 0 0 0.0472012 0 0.00103303 0.0135135 0.028921 1 
0 0.0623249 0.322129 0 0.012 0 0 0.0384615 0.106383 0.0293399 0.06 0.0604134 0.0216216 0 0.497835 0 0.0234375 0.403162 0.252925 0.0192 0.15875 0 0 0.0272109 0 0 0 0 0 0 0 0 0 0 0 0.0276498 0 0 0 0 0 0 0 0 0 0 0 0 0 0.0433154 0 0.0666067 0.0184569 0 0.00281982 0.0623123 0.0878754 1 
0 0 0.434174 0 0 0.478261 0 0.121795 0 0 0.19 0.18442 0 0 0 0.0517007 0 0.229249 0.173717 0 0.0475 0 0.493617 0.0861678 0 0 0 0 0 0 0 0 0 0 0 0 0 0 0 0 0 0 0 0 0 0 0 0 0 0.0140482 0 0.109631 0.0366112 0 0.0025015 0.0157658 0.0294772 1 
0 0 0 0 0 0 0 0 0 0 0 0 0 0 0 0 0 0 0 0 0 0 0 0 0 0 0.2 0 0 0 0 0 0 0 0 0 0 0 0 0 0 0 0 0 0.25 0 0 0 0 0 0 0.166517 0 0 0.00045045 0.00225225 0.00222469 0 
0.045 0.00980392 0.070028 0 0 0 0 0.0224359 0 0.0342298 0.015 0.122417 0.0126126 0.00540541 0 0 0.00585938 0.0355731 0.00990099 0 0.03125 0.00524738 0 0 0 0 0 0 0.00210084 0.0253456 0 0 0.00410397 0 0 0.0852535 0.0899855 0 0 0 0.0252101 0 0.00840336 0 0 0.0308123 0 0.168224 0.00478348 0.0969328 0 0.000720072 0 0 0.00209159 0.0292793 0.332592 0 
0 0 0.201681 0 0 0 0 0 0 0 0 0 0 0 0 0 0 0 0 0 0 0 0 0 0.046814 0 0 0 0 0 0 0 0 0 0 0 0.104499 0 0.0324032 0 0.0504202 0 0 0 0 0.0504202 0 0 0 0 0 0 0 0 0.00096997 0.00825826 0.0196515 0 
0 0 0 0 0 0 0 0.275641 0 0 0 0.410175 0 0 0 0 0.167969 0 0.232223 0 0 0 0 0 0.111834 0 0 0 0 0.198157 0 0 0 0 0 0.198157 0 0 0 0 0 0 0 0 0 0 0 0 0 0 0 0.0253825 0 0 0.000803303 0.00525526 0.00778643 0 
0.3475 0 0.585434 0 0 0 0 0 0 0 0 1 0 0 0 0.0938776 0 0 0.377138 0.1104 0.08625 0 0 0 0 0 0 0 0 0 0 0 0 0 0 0 0 0 0.0621062 0 0 0 0 0 0 0 0 0 0 0 0 0.0457246 0 0 0.0015015 0.00900901 0.0116796 0 
0.085 0.017507 0.070028 0 0.008 0.267081 0.0110041 0.0801282 0.0340426 0.359413 0.17 0.0810811 0.171171 0 0.0735931 0.0108844 0 0 0.272727 0 0.09625 0 0.144681 0.0770975 0 0 0 0 0 0 0 0 0 0 0 0 0 0 0 0 0 0 0 0 0.0085 0 0 0 0 0.0114727 0 0.0473447 0.0795764 0.04 0.00311712 0.0457958 0.0973304 1 
0 0 0.0560224 0 0.06 0.124224 0 0 0.0425532 0 0 0.0794913 0 0 0 0 0.0195312 0 0.0180018 0 0 0 0 0 0 0 0 0 0 0 0 0 0 0 0 0 0.0145138 0 0 0 0 0 0 0 0 0 0 0 0 0.0114727 0 0 0 0 0.0001997 0.00675676 0.0485725 0 
0 0 0 0 0 0 0 0 0 0 0 0.162162 0 0 0 0 0 0 0 0 0 0 0 0 0.19896 0.530559 0 0 0 0 0 0 0 0 0.117512 0 0 0 0 0 0 0 0 0 0 0 0 0 0 0.0508078 0 0 0 0 0.00107808 0.00825826 0.0224323 0 
0 0 0.736695 0 0 0 0 0 0 0 0 0.418124 0 0 0 0 0 0 0.236724 0 0 0 0 0 0.171001 0.342003 0.1052 0 0 0 0 0 0 0 0 0 0 0 0 0 0 0 0 0 0 0 0 0 0 0 0 0 0 0 0 0 0.00129774 0 
0.025 0 0.0280112 0 0 0 0 0 0.391489 0 0 0.063593 0 0 0 0 0.0195312 0 0.0360036 0 0.025 0 0 0 0.0331599 0.0793238 0.004 0 0 0 0 0 0.0410397 0 0 0 0.0145138 0 0 0 0 0 0 0.0060024 0 0 0 0 0.00352467 0.0360571 0.0171359 0 0.00847201 0 0.00268018 0.0232733 0.0938079 0 
0 0.012605 0 0 0 0 0 0 0 0 0 0.0286169 0 0 0 0 0 0 0 0 0 0 0 0 0.0117035 0 0 0 0 0 0 0 0.383037 0 0 0.0852535 0.0261248 0 0 0 0 0 0 0 0 0 0.0829493 0.168224 0 0.0437837 0 0 0 0 0.00171321 0.00600601 0.0391175 0 
0 0 0.397759 0 0.071 0 0 0.227564 0 0.173594 0 0 0 0 0 0 0.556641 0.563241 0.127813 0 0.44625 0 0 0 0 0 0 0 0 0 0 0 0 0 0 0 0 0 0 0 0 0 0 0 0 0 0 0 0 0 0 0.167597 0 0 0.0165991 0.0870871 0.0400445 1 
0 0 0 0 0 0 0 0 0 0 0 0 0 0 0 0 0 0 0 0 0.3375 0 0 0 0 0 0.108 0 0 0 0 0 0 0 0 0 0 0 0 0 0 0 0 0 0 0 0 0 0 0 0 0.0777678 0 0 0.0015015 0.0112613 0.0109381 0 
0.02 0 0.047619 0 0 0.0496894 0 0 0.0340426 0 0 0 0.0144144 0 0 0 0 0.0158103 0.377138 0 0.17375 0 0 0 0 0 0 0 0 0 0 0 0 0 0 0 0 0 0 0 0 0 0 0 0.013 0 0 0 0.00780463 0.0182627 0 0.0140414 0 0 0.000171171 0.00600601 0.050241 0 
0 0 0 0 0 0 0 0 0 0 0 0 0 0 0 0 0 0 0 0 0 0 0 0 0 0 0 0 0 0 0 0 0 0 0 0 0.28447 0 0.176418 0 0 0 0.27451 0 0 0 0 0.915888 0 0.0882697 0 0.0225023 0 0 0.00289039 0.0195195 0.0291064 0 
0 1 0 0 0 0 0 0 0 0 0 0 0 0 0 0 0 0 0 0 0 0 0 0 0 0 0 0 0 0 0 0 0 0 0 0 0 0 0 0 0 0 0 0 0 0 0 0 0 0 0 0 0 0 0.0012012 0.003003 0.00148313 0 
0 0 0 0 0.909 0 0 0 0 0 0 0 0 0 0 0 0 0 0 0 0 0 0 0 0 0 0 0 0 0 0 0 0 0 0 0 0 0 0 0 0 0 0 0 0 0 0 0 0 0 0 0 0 0 0 0 0 0 
0 0 0.154062 0 0.111 0 0 0 0 0 0 0 0.165766 0 0.0779221 0 0.0722656 0.0731225 0.282628 0 0.115 0 0 0 0 0 0 0 0 0 0 0 0 0 0 0 0 0 0 0 0 0 0 0 0 0 0 0 0 0.0435495 0 0.0781278 0 0 0.000566066 0.00225225 0.0133482 1 
0 0 0 0 0.128 0 0 0 0.544681 0 0 0 0 0.230631 0 0 0 0 0.115212 0 0 0 0 0 0.16645 0.16645 0.0512 0.294931 0.0896359 0.294931 0.294931 0.294931 0 0.294931 0.294931 0.294931 0 0 0 0.294931 0 0 0 0 0 0 0 0 0 0.0931866 0 0 0 0 0.00181682 0.00750751 0.00760104 0 
0.17 0 0 0 0 0 0 0 0 0 0 0.108108 0 0 0 0.092517 0 0 0.492349 0 0 0 0 0 0.0442133 0 0.0272 0 0 0 0 0 0 0 0 0.156682 0 0 0 0 0 0 0 0 0.034 0 0 0 0 0.0323109 0 0 0 0 0.00015015 0.0015015 0.00389321 0 
0.19 0.0266106 0 0 0.038 0.236025 0 0 0 0.0929095 0 0.243243 0 0 0 0 0 0 0.172817 0 0.38375 0.0284858 0 0 0 0 0 0 0 0 0 0 0 0 0 0 0 0 0 0 0 0 0 0 0 0 0 0 0 0.029033 0 0.0223222 0 0.0381538 0.133483 0.551051 0.166481 1 
0.0025 0.00070028 0.0196078 0 0.005 0 0 0.00320513 0.012766 0.0317848 0.025 0 0 0.00900901 0 0 0.00195312 0.013834 0.00090009 0 0.00125 0 0 0 0 0 0 0 0 0 0 0 0.00957592 0 0 0.0299539 0 0 0 0.00230415 0.0644258 0 0 0.00180072 0 0.112045 0.00460829 0.0654206 0.0125881 0.0704753 0.0801714 0.000360036 0.0272315 0.00123077 0.00236787 0.0608108 1 0 
0 0 0 0 0 0 0 0 0 0 0 0 0 0 0 0 0 0 0 0 0 0 0 0 0 0 0 0 0.70028 0 0 0 0 0 0 0 0 0 0 0 0 0.35014 0 0 0 0 0 0 0 0 0 0 0 0 0.000642643 0.0015015 0.00166852 0 
0.0625 0 0 0 0.025 0.15528 0 0 0 0 0 0.0810811 0 0.045045 0 0 0 0.0494071 0.0459046 0 0.03125 0 0 0 0 0.0325098 0 0 0 0 0 0 0.0341997 0 0 0 0 0 0 0 0.035014 0 0 0 0 0.035014 0 0.233645 0 0.0191993 0 0 0 0.0252308 0.000430931 0.00225225 0.0155729 0 
0 0 0 0 0 0 0 0 0 0 0 0 0 0 0 0 0 0 0 0 0 0 0 0 0 0 0 0 0 0 0 0 0 0 0 0 0 0 0 0 0 0 0 0 0 0 0 0 0 0 0 0 0 0 0.000249249 0.0015015 0.00241009 0 
0 0 0 0 0.151 0 0 0 0 0 0 0.481717 0 0 0 0 0 0 0.135914 0 0 0 0 0 0 0 0 0 0 0 0 0 0 0 0 0 0 0 0 0 0 0 0 0.0906363 0 0 0 0 0 0.128073 0 0 0 0 0.00112613 0.003003 0.00500556 0 
0 0 0 0 0 0 0 0 0 0 0 0 0 0 0 0 0 0 0 0 0 0 0 0 0.394018 0.394018 0.1212 0.698157 0.212185 0.698157 0.698157 0.698157 0 0.698157 0.698157 0.698157 0 0 0 0.698157 0 0 0 0 0 0 0 0 0 0.210723 0 0 0 0 0.00262763 0.00750751 0.00593252 0 
0 0 0 0 0 0 0 0 0 0 0 0 0 0 0 0 0 0 0.230423 0 0 0 0 0 0 0 0 0 0 0 0 0 0 0 0 0 0 0 0 0 0 0 0 0 0 0.717087 0 0 0 0 0 0.0446445 0 0 0.00015015 0.000750751 0.00185391 0 
0 0 0 0 0.068 0 0 0 0 0.442543 0 0.108108 0 0 0 0.029932 0 0 0.306031 0 0.22625 0 0 0 0 0 0 0 0 0 0 0 0 0 0 0 0 0 0 0 0 0.0315126 0 0 0.011 0 0 0 0.0400302 0.130649 0.0973072 0.0358236 0 0 0.00764414 0.0615616 0.0980719 1 
0.225 0 0 0 0 0 0 0 0 0 0 0.143084 0 0 0 0 0 0 0 0 0 0 0 0 0.0585176 0.117035 0 0 0 0 0 0 0 0.207373 0 0 0.130624 0 0 0 0 0 0 0 0 0 0 0 0 0.0351206 0 0 0 0 0.00334084 0.0157658 0.0237301 0 
0.015 0 0 0 0 0.0745342 0 0 0 0.0293399 0 0.0302067 0 0 0.025974 0.0258503 0.0234375 0 0.156616 0.0096 0.15375 0 0.106383 0.0136054 0.146944 0.0494148 0.0024 0.0437788 0 0.0437788 0.0737327 0 0 0 0.0576037 0 0.0464441 0 0.0171017 0 0 0 0 0 0.003 0 0 0.11215 0 0.0772653 0.0110159 0.0115212 0.0166415 0 0.00153754 0.018018 0.16611 0 
0 0 0.114846 0 0 0 0 0 0 0.100244 0 0.198728 0 0 0 0 0 0 0.261926 0 0.05125 0 0 0 0 0 0 0 0 0 0 0 0 0 0 0 0 0 0 0 0 0 0 0 0 0 0 0 0 0.0430812 0 0 0 0 0.000807808 0.00675676 0.00723026 0 
0 0 0.179272 0 0 0.397516 0 0 0 0 0 0 0 0 0 0.0870748 0 0 0.233123 0 0 0 0.27234 0 0 0 0 0 0 0 0 0 0 0 0 0 0.0928882 0 0 0 0 0 0 0 0 0 0 0 0.0236657 0.0442519 0.173807 0.119172 0 0 0.0136156 0.0975976 0.0539488 1 
0 0.00910364 0.151261 0 0.027 0.0807453 0 0 0 0.0660147 0 0.192369 0 0 0 0.0176871 0 0 0.170117 0 0.1175 0 0 0 0.00845254 0.122237 0 0 0 0 0 0 0 0 0 0 0.0783745 0 0 0 0 0 0.0364146 0 0 0 0 0 0.0183787 0.0112386 0 0.00432043 0 0 0.00623123 0.0608108 0.107712 0 
0 0 0 0 0 0 0 0 0 0 0 0.287758 0 0 0 0 0 0 0 0 0.22625 0 0 0 0 0 0 0 0 0 0 0 0 0 0 0 0 0 0 0 0 0 0 0 0 0 0 0 0 0 0 0.0556256 0 0 0.0005 0.00750751 0.0101965 1 
0 0 0 0 0.322 0 0 0 0 0 0 0.511924 0 0 0 0 0 0 0 0 0 0 0 0 0 0 0.1288 0 0 0 0 0 0 0 0 0 0 0 0 0 0 0.22549 0 0 0.3225 0 0 0 0 0.119878 0 0 0 0 0.0021021 0.00750751 0.004264 0 
0 0 0 0 0 0 0 0 0 0.337408 0 0 0 0 0 0 0 0 0.374437 0 0 0 0 0 0 0 0 0 0 0 0 0 0 0 0 0 0 0 0 0 0 0 0 0 0 0.193277 0 0 0 0 0 0 0 0 0.000750751 0.00225225 0.004264 0 
0.055 0 0.0196078 0 0.007 0.0434783 0 0.0448718 0 0.0880196 0 0.0810811 0.0792793 0.0126126 0 0 0.0566406 0.013834 0.00630063 0 0.00875 0 0 0 0.129389 0 0 0 0.0203081 0.0668203 0 0 0 0 0 0.0322581 0.0101597 0.0448718 0 0 0 0 0 0 0 0 0 0 0.0103223 0.00725825 0 0.00558056 0 0 0.00136937 0.0157658 0.105117 0 
0.0375 0 0.341737 0 0.045 0 0.0206327 0 0.259574 0.149144 0 0.120827 0.0540541 0 0.12987 0.0829932 0.119141 0 0.164716 0.072 0.34375 0 0 0.0680272 0 0 0 0 0 0 0 0 0 0 0 0 0 0 0 0 0 0 0 0 0 0 0 0 0 0.0262234 0 0.125653 0.0202723 0 0.00615766 0.0465465 0.148313 1 
0 0 0.282913 0 0 0 0.0687758 0 0 0.493888 0.755 0.240064 0 0 0 0.0680272 0 0 0.317732 0 0.12625 0 0.642553 0.229025 0 0 0 0 0 0 0 0 0 0 0 0 0 0 0 0 0 0 0 0 0 0 0 0 0 0.0208382 0 0.257606 0.162179 0 0.00463964 0.0165165 0.0415276 1 
0 0 0.145658 0 0.158 0 0.144429 0 0 0.256724 0.26 0.251192 0 0 0 0.0707483 0 0 0.0945095 0 0.065 0 0 0 0.0338101 0.0676203 0 0 0 0 0 0 0 0 0 0 0 0 0 0 0 0 0 0 0 0 0 0 0 0.0585343 0 0 0 0 0.00273273 0.0165165 0.0202076 1 
0 0 0 0 0 0 0 0 0 0 0 0 0 0 0 0 0 0 0 0 0 0 0 0 0 0 0 0 0 0 0 0 0 0 0 0 0 0 0 0 0 0 0 1 0 0 0 0 0 0 0 0 0 0 0.000750751 0.0015015 0.000926956 0 
0 0 0.218487 0 0.117 0 0 0 0 0 0 0.0620032 0 0 0 0.106122 0 0 0.140414 0 0.245 0 0 0.176871 0 0 0 0 0 0 0 0 0 0 0 0 0 0 0 0 0 0 0 0 0 0 0 0 0 0 0 0 0.0284418 0 0.00467117 0.0142643 0.0409714 1 
0 0 0 0 0 0 0 0 0 0 0 0 0 0 0 0 0 0 0.289829 0 0.26875 0 0 0 0 0 0 0 0 0 0 0 0 0 0 0 0 0 0 0 0.30112 0 0 0 0 0.14986 0 0 0 0.046125 0 0 0 0 0.00197447 0.0045045 0.00797182 0 
0 0 0 0 0 0 0 0 0 0 0 0 0 0 0 0 0 0 0.169217 0 0 0 0 0 0 0 0 0 0 0 0 0 0 0 0 0 0 0 0 0 0 0 0 0 0.094 0 0 0 0 0.081948 0 0 0 0 0.000692192 0.00375375 0.00333704 0 
0 0 0.0980392 0 0.035 0.440994 0 0 0 0 0 0.112878 0 0 0 0 0 0 0.0639064 0 0.04375 0 0 0 0 0 0 0 0 0 0 0 0.0478796 0 0 0 0.0507983 0 0.0315032 0 0 0 0.0980392 0 0.0175 0 0 0 0 0.029033 0 0.0669667 0 0 0.000962462 0.00825826 0.0202076 0 
0 0.0133053 0.159664 0 0.009 0.173913 0.0123796 0.0288462 0.161702 0.0464548 0 0.09062 0.102703 0 0 0.0258503 0 0 0.180918 0 0.17875 0 0 0.0430839 0 0 0 0 0 0 0 0 0 0 0 0 0 0 0 0 0 0 0 0 0 0 0 0 0.00881168 0.0538516 0 0.0158416 0.0375189 0 0.00210961 0.0367868 0.0680386 1 
0 0 0.366947 0 0 0 0 0 0 0 0 0.208267 0 0 0 0 0 0 0.117912 0 0.6575 0 0 0.297052 0 0 0 0 0 0 0 0 0 0 0 0 0 0 0 0 0 0 0 0 0 0 0 0 0 0 0 0 0.0644478 0 0.00573273 0.018018 0.00964034 1 
0 0 0 0 0 0 0 0 0 0 0 0.346582 0 0 0 0 0 0 0.130513 0 0 0 0 0 0.141743 0 0 0.165899 0 0 0 0 0 0 0 0 0 0 0 0 0 0 0 0.0870348 0 0 0 0 0 0.0285647 0 0 0 0 0.00117868 0.0127628 0.0137189 0 
0 0 0.19888 0 0.071 0 0 0 0 0 0 0 0 0 0 0.0965986 0 0 0.127813 0 0.08875 0 0 0 0 0 0 0 0 0 0 0 0 0 0 0 0 0 0 0 0 0 0 0 0.0355 0 0 0 0 0.0283306 0 0.19694 0 0 0.00153303 0.0112613 0.0174268 1 
0.03 0 0.0336134 0 0 0 0 0 0 0 0.06 0.0604134 0 0 0 0 0.0234375 0 0.160216 0 0.06375 0 0 0 0 0 0 0 0 0 0 0 0 0 0 0 0.0174165 0 0 0 0 0.017507 0 0 0.006 0.0882353 0 0 0.00453172 0.0173262 0 0.00990099 0 0.0110769 0.00312312 0.0465465 0.0774935 0 
0 0.0119048 0.288515 0 0.068 0.10559 0.0935351 0 0 0.0415648 0 0.027027 0.0306306 0 0.147186 0.140136 0.0664062 0.0335968 0.309631 0 0.17125 0 0 0 0 0 0 0 0 0 0 0 0 0 0 0 0 0 0 0.0391705 0 0 0 0 0 0 0 0 0 0.0196675 0 0.010081 0.0593041 0 0.00189189 0.039039 0.038376 1 
0.025 0.0140056 0.282913 0 0.08 0.496894 0.0687758 0 0.340426 0.0244499 0.15 0.111288 0.0540541 0 0.69697 0.0136054 0 0.219368 0.117912 0.032 0.0875 0 0.255319 0.0226757 0 0 0 0 0 0 0 0 0 0 0 0 0 0 0 0 0 0 0.0560224 0 0.005 0.0140056 0 0 0 0.0257551 0 0.0878488 0.0475038 0.00923077 0.0113363 0.501502 0.250278 1 
0 0 0 0 0 0 0 0 0 0 0 0.114467 0 0 0 0 0 0 0.130513 0 0.2725 0 0 0 0.0942783 0.0936281 0.058 0.165899 0.0504202 0.165899 0.165899 0.165899 0 0.165899 0.165899 0.165899 0.104499 0 0.0648065 0.165899 0 0 0.201681 0 0.036 0 0 0 0 0.0859284 0 0 0 0 0.00134685 0.00825826 0.0135336 0 
0 0 0 0 0 0 0 0 0.114894 0 0 0.0429253 0 0.245045 0 0 0.0527344 0 0.0729073 0 0.0675 0 0 0 0.0175553 0 0 0 0 0 0 0 0 0 0.062212 0 0 0 0 0 0 0.0763305 0 0 0 0 0.880184 0 0 0 0 0 0 0.141538 0.00228378 0.0225225 0.0956618 0 
0 0 0 0 0 0 0 0 0 0 0 0 0 0 0 0 0 0 0.428443 0 0 0 0 0 0 0 0 0 0 0 0 0 0 0 0 0 0 0 0 0 0 0 0 0 0 0 0 0 0 0 0 0 0 0 0 0 0.000370782 1 
0 0 0 0 0 0 0 0 0 0 0 0.0715421 0 0 0 0 0 0 0 0 0 0 0 0 0.117685 0.0585176 0 0 0 0.207373 0 0 0 0 0 0.103687 0 0 0 0 0 0 0 0 0.0225 0 0 0 0 0 0 0 0 0 0.000666667 0.003003 0.0190953 0 
0 1 0 0 0 0 0 0 0 0 0 0 0 0 0 0 0 0 0 0 0 0 0 0 0 0 0 0 0 0 0 0 0 0 0 0 0 0 0 0 0 0 0 0 0 0 0 0 0 0 0 0 0 0 0.0012012 0.003003 0.00148313 0 
0 0 0 0 0 0 0 0 0 0 0 0.721781 0 0 0 0 0 0 0 0 0 0 0 0 0 0 0 0 0.636555 0 0 0 0 0 0 0 0 0 0 0 0 0.636555 0 0 0 0 0 0 0 0 0 0 0 0 0.001 0.00225225 0.00259548 0 
0 0 0 0 0 0 0 0 0 0 0 0 0 0 0 0 0 0 0 0 0 0 0 0 0 0 0 0 0 0 0 0 0 0 0 0 0 0 0 0 0 0 0 0 0.2775 0 0 0 0 0 0 0 0 0 0.00107207 0.00375375 0.0020393 0 
0 0 0.366947 0 0 0 0 0 0 0 0 0.208267 0 0 0 0 0 0 0.117912 0 0.6575 0 0 0.297052 0 0 0 0 0 0 0 0 0 0 0 0 0 0 0 0 0 0 0 0 0 0 0 0 0 0 0 0 0.0641452 0 0.00573273 0.018018 0.00964034 1 
0 0 0.103641 0 0.113 0 0.0508941 0 0 0.183374 0 0.0588235 0 0 0 0.0503401 0.146484 0 0.238524 0 0.14125 0 0.157447 0 0 0 0 0 0 0 0 0 0 0 0 0 0 0 0 0 0 0 0 0 0.0565 0 0 0 0 0.0147506 0 0.158776 0.0571861 0 0.00462462 0.0578078 0.0467186 1 
0.08 0 0.179272 0 0.032 0.198758 0 0.512821 0.13617 0.156479 0.16 0.101749 0 0 0 0 0.3125 0 0.115212 0.4112 0.44125 0 0 0 0 0 0 0 0 0 0 0 0 0 0 0 0 0 0 0.0737327 0 0 0 0 0 0 0 0 0 0.0498712 0 0.211341 0.0320726 0 0.00387988 0.0465465 0.0589544 1 
0 0 0 0 0 0 0 0 0 0 0 0 0 0 0 0 0 0 0.438344 0 0.10125 0 0 0 0 0 0 0 0 0 0 0 0 0 0 0 0 0 0 0 0 0 0 0 0 0 0 0 0 0.111918 0 0 0 0 0.0005 0.00225225 0.00500556 0 
0.3725 0 0 0 0 0 0 0 0 0 0 0.236884 0 0 0 0 0 0 0.40234 0 0.18625 0 0 0 0 0.193758 0 0 0 0 0 0 0 0 0 0 0 0 0 0 0 0 0 0.0894358 0 0 0 0 0 0 0 0 0 0 0.0014009 0.00525526 0.00519095 0 
0 0 0.0896359 0 0.064 0.397516 0.0440165 0.102564 0 0 0 0.0508744 0.0576577 0 0 0.0435374 0.0625 0 0.20432 0 0.405 0 0 0.0725624 0 0 0 0 0 0 0 0 0 0 0 0 0 0 0 0 0 0 0 0 0.016 0 0 0 0 0.0248185 0 0 0.0481089 0.0326154 0.000806306 0.00675676 0.0263255 1 
0 0 0 0 0 0 0.404402 0.471154 0.625532 0.359413 0.735 0 0 0 0 0 0.287109 0 0 0.2352 0.55125 0 0 0 0 0 0 0 0 0 0 0 0 0 0 0 0.213353 0 0 0 0 0 0 0 0 0 0 0 0 0.0332475 0 0.0768677 0.0429652 0 0.137137 0.204955 0.051168 1 
0 0 0.313725 0 0.056 0 0 0 0 0.136919 0 0 0 0 0 0.0761905 0 0 0.20252 0 0.14 0 0 0 0 0 0 0 0 0 0 0 0 0 0 0 0 0 0 0 0 0 0 0 0.028 0 0 0 0 0.023882 0 0.110711 0 0 0.00210661 0.0135135 0.0252132 1 
0 0 0 0 0 0 0 0 0 0 0 0 0 0 0 0 0 0 0.221422 0 0.15375 0 0 0 0 0 0.0492 0 0 0 0 0 0 0 0 0 0 0 0 0 0 0 0 0 0 0 0 0 0 0 0 0 0 0 9.30931e-05 0.000750751 0.00296626 0 
0.0025 0.00210084 0.0560224 0 0.009 0.0186335 0 0 0.0212766 0.0122249 0 0.0747218 0.00540541 0.0306306 0 0.0122449 0.0351562 0.0256917 0.0315032 0.0048 0.01875 0 0 0.00680272 0 0 0.002 0.00691244 0.00070028 0 0 0 0.201094 0 0 0.0253456 0.130624 0 0 0.00691244 0 0.00490196 0 0.00780312 0.0025 0.0252101 0 0.140187 0.00956697 0.0615781 0.00305998 0.00288029 0 0.00307692 0.00184685 0.0758258 0.587134 0 
0 0 0.0504202 0 0.055 0.229814 0.0247593 0.0576923 0 0.0440098 0 0.0286169 0 0 0 0 0 0 0.0666067 0 0.04625 0 0.0765957 0 0 0 0 0 0 0 0 0 0.0752394 0 0 0.170507 0 0 0 0 0 0 0 0 0 0 0 0 0 0.0189651 0 0 0.00816944 1 0.00199099 0.00750751 0.0671116 1 
0 0 0 0 0 0 0 0 0 0 0 0 0 0 0 0 0 0 0.390639 0 0 0 0 0 0 0 0 0 0 0 0 0 0 0 0 0 0 0 0 0 0 0 0 0 0 0 0 0 0 0 0 0.473627 0 0 0.001 0.003003 0.00259548 1 
0.105 0.0273109 0.10084 0 0.013 0.0559006 0.0123796 0.0192308 0.208511 0.222494 0.13 0.0874404 0.0756757 0.194595 0.012987 0.0353741 0.0820312 0.00592885 0.247525 0 0.15875 0 0.13617 0.117914 0 0 0 0 0 0 0 0 0 0 0 0 0 0 0 0 0 0 0 0 0.0045 0 0 0 0.00805639 0.0243503 0.00979192 0.0621062 0.155825 0.0670769 0.00695495 0.0998498 0.463478 1 
0.1225 0 0.207283 0 0.024 0.459627 0.0330124 0.237179 0.102128 0.0586797 0.12 0.195548 0 0 0 0 0.240234 0 0.110711 0.2768 0.30875 0 0.102128 0.1678 0 0 0 0 0 0 0 0 0 0 0 0 0 0 0 0 0 0 0 0 0 0 0 0 0 0.0271599 0 0.294149 0.0468986 0 0.00446697 0.0345345 0.0897293 1 
0 0 0.114846 0 0.041 0 0 0 0 0 0 0 0 0 0 0 0 0 0 0 0 0 0 0 0 0 0 0 0 0 0 0 0.0560876 0 0 0 0.0595065 0 0 0 0 0 0 0.0246098 0 0.057423 0 0 0 0 0 0 0 0 0.000783784 0.00750751 0.0122358 0 
0 0 0.635854 0 0 0 0 0 0 0 0 0.721781 0 0 0 0 0 0 0 0 0 0 0 0 0 0 0 0 0 0 0 0 0 0 0 0 0 0 0.20432 0 0 0 0 0 0 0 0 0 0 0 0 0.0532853 0 0 0.00638138 0.0232733 0.0114943 0 
0.0475 0 0.109244 0 0.124 0.0807453 0 0.0192308 0.13617 0 0 0.0715421 0.0468468 0 0 0 0.0253906 0 0.111611 0 0.04875 0 0.0255319 0 0.0676203 0 0 0 0 0 0 0 0 0 0 0.0138249 0 0 0 0 0 0 0 0 0.0195 0 0 0 0 0.00702412 0 0 0.00907716 0 0.000857357 0.0307808 0.0548758 0 
0 0 1 0 0 0 0 0 0 0 0 0 0 0 0 0 0 0 0 0 0 0 0 0 0 0 0 0 0 0 0 0 0 0 0 0 0 0 0 0 0 0 0 0 0 0 0 0 0 0.173262 0 0.133213 0 0 0.00175075 0.0045045 0.00463478 0 
0 0 0 0 0.156 0 0.21458 0 0 0 0 0 0 0 0 0 0 0 0.140414 0 0 0 0 0 0 0 0 0 0 0 0 0 0 0 0 0 0 0 0 0 0 0 0 0 0 0 0 0 0 0 0 0.138074 0.0771558 0 0.0106351 0.0600601 0.0177976 1 
0 0 0 0 0.096 0 0.13205 0 0 0 0 0 0 0 0 0.130612 0 0 0 0 0.24 0 0 0 0 0 0 0 0 0 0 0 0 0 0 0 0 0 0 0 0 0 0 0.057623 0 0 0 0 0 0 0 0.148335 0 0 0.00304054 0.0495495 0.0216908 1 
0.0725 0.0133053 0.190476 0 0 0.360248 0 0.185897 0.246809 0.188264 0 0.0922099 0.0684685 0 0.419913 0 0.0371094 0.288538 0.157516 0.0608 0.09625 0 0.246809 0.154195 0 0 0 0 0 0 0 0 0 0 0.0207373 0 0 0 0 0 0 0 0 0 0 0 0 0 0 0.00796066 0 0.10243 0.0626324 0.0209231 0.0166126 0.518018 0.31294 1 
0.0025 0.00070028 0.0364146 0 0.013 0.00621118 0 0 0.00425532 0.0317848 0.015 0.0715421 0.00540541 0.0126126 0 0.014966 0.103516 0.013834 0.00630063 0 0.00375 0 0.00425532 0 0 0 0 0 0.00070028 0 0 0 0.214774 0 0 0.0253456 0.124819 0 0 0.00691244 0 0.00210084 0.00840336 0.00060024 0.0005 0.0322129 0 0.140187 0.0020141 0.0259892 0 0.000360036 0 0.00615385 0.00166066 0.0427928 0.560994 0 
0 0 0 0 0.043 0 0 0 0 0 0 0.0683625 0 0 0 0 0 0 0.19712 0 0 0 0 0 0 0 0.0172 0 0 0 0 0 0.119015 0 0 0 0 0 0 0 0 0 0 0 0 0 0 0 0.0198892 0.0369937 0 0 0 0 0.000172673 0.000750751 0.00519095 0 
0.015 0 0.0672269 0 0.01 0 0 0.0544872 0.0723404 0.0415648 0 0.0158983 0.00540541 0 0 0.00408163 0 0 0.0405041 0 0.025 0 0.012766 0 0.076723 0.158648 0 0 0 0 0 0 0 0 0 0 0.197388 0 0 0 0 0 0.0168067 0 0.0225 0 0 0 0.0450655 0.0714118 0.0177479 0.00522052 0.00332829 0.0141538 0.00272222 0.0187688 0.465146 1 
0 0 0 0 0 0 0 0 0 0 0 0 0 0 0 0.170068 0 0.247036 0.225023 0 0.15625 0 0 0 0 0 0 0 0 0 0 0 0 0 0 0 0 0 0 0 0 0 0 0 0 0 0 0 0 0 0 0 0 0 0.00476877 0.0405405 0.0129774 0 
0 0 0 0 0 0 0 0 0 0 0 0 0 0 0 0 0 0 0 0 0 0 0 0 0 0 0 0 0 0 0 0 0 0 0 0 0 0 0 0 0 0 0 0 0 0 0 0 0 0 0 0 0 0 0.0015015 0.003003 0.00129774 0 
0 0 0.184874 0 0 0 0 0 0 0 0 0 0 0 0 0 0 0 0.0594059 0 0 0 0 0 0.130039 0.345904 0 0.152074 0 0 0 0 0 0 0.152074 0 0.193033 0 0.0594059 0 0 0 0.184874 0 0 0 0 0 0 0.0243503 0.127907 0.0187219 0 0 0.00172973 0.012012 0.0233593 0 
0 0 0.22409 0 0.08 1 0 0 0 0 0 0.127186 0.29009 0 0 0 0 0 0.362736 0 0 0 0 0 0 0 0 0 0 0 0 0 0 0 0 0 0 0 0 0 0 0 0 0 0 0 0 0 0 0 0 0.157516 0 0 0.00750751 0.0352853 0.0253986 1 
0 0 0 0 0 0 0 0 0 0 0 0 0 0 0 0 0 0 0 0 0 0 0 0 0 0 0 0 0 0 0 0 0 0 0 0 0 0 0 0 0 0 0 0 0 0 0 0 0 0 0 0 0 0 0 0 0.000556174 0 
0 0 0 0 0 0 0 0 0 0 0 0 0 0 0 0 0 0 0.555356 0 0 0 0 0 0 0 0 0 0 0 0 0 0 0 0 0 0 0 0 0 0 0 0 0 0.123 0 0 0 0 0 0 0.222322 0 0 0.0052042 0.00675676 0.024657 1 
0 0 0 0 0 0 0 0 0 0 0 0 0 0 0 0 0 0 0 0 0 0 0 0 0 0 0 0 0 0 0 0 0 0 0 0 0 0 1 0 0 0 0 0 0.5555 0 0 0 0 0.349333 0 0 0 0 0.000857357 0.00225225 0.00185391 0 
0 0 0 0 0 0 0 0.400641 0 0.100244 0 0 0 0 0 0.0557823 0 0.33004 0.0369037 0 0.05125 0 0 0 0 0 0 0 0 0 0 0 0 0 0 0.09447 0 0 0 0 0 0 0 0 0 0 0 0 0 0.0292672 0 0.0561656 0.0187595 0 0.000716216 0.00525526 0.011865 1 
0.0125 0 0 0 0 0.0621118 0 0 0 0.0244499 0.025 0.0763116 0 0 0.021645 0.0285714 0.0195312 0 0.145815 0.008 0.135 0 0.0893617 0.0113379 0.13329 0.0624187 0.002 0.0368664 0 0.0368664 0.062212 0 0 0 0.0483871 0 0.0391872 0 0.0144014 0 0 0 0 0 0.0025 0 0 0.0934579 0 0.0676657 0.00917993 0.0111611 0.0139183 0 0.00151201 0.0232733 0.190026 0 
0 0 0 0 0 0.198758 0 0 0 0 0 0 0 0 0 0 0.1875 0 0 0 0 0 0 0 0 0 0 0 0 0.516129 0 0 0 0 0 0 0 0 0.0288029 0 0 0 0 0 0 0 0 0 0.0453172 0.063217 0.0275398 0 0 0 0.0015015 0.00975976 0.0328142 1 
0.055 0 0 0 0 0.136646 0.0302613 0 0 0.0537897 0 0.0349762 0 0 0 0.029932 0 0 0.182718 0 0.0275 0 0 0 0 0 0 0 0 0 0 0 0 0 0 0 0 0 0 0 0 0 0 0 0 0 0 0 0 1 0 0.116472 0 0 0.0013048 0.015015 0.0396737 1 
0 0 0.0280112 0 0.02 0.0621118 0 0 0 0 0 0.324324 0.036036 0.018018 0 0 0.158203 0 0 0 0 0 0.0851064 0 0.178804 0 0 0 0 0 0 0 0 0 0 0.0691244 0.0435414 0 0 0 0 0 0 0 0 0 0 0 0.00755287 0.0213065 0 0 0 0 0.00174324 0.0195195 0.106415 0 
0 0 0 0 0 0 0 0.227564 0 0 0 0.112878 0 0 0 0.194558 0 0 0.387939 0 0.17875 0 0 0.160998 0 0 0 0 0 0 0 0 0 0 0 0 0 0 0 0 0 0 0 0 0.1075 0 0 0 0 0.0620464 0 0.0237624 0 0 0.00198498 0.0112613 0.0131628 1 
0 0 0 0 0 0 0 0 0 0 0 0 0 1 0 0 0 0 0 0 0 0 0 0 0 0 0 0 0 0 0 0 0 0 0 0 0 0 0 0 0 0 0 0 0 0 0 0 0 0 0 0 0 0 0.00433634 0.00900901 0.0063033 0 
0 0 0 0 0 0 0 0 0 0 0 0.160572 0 0 0 0.137415 0 0 0.181818 0 0 0 0 0 0 0 0 0 0 0 0 0 0 0 0 0 0 0 0 0 0 0 0 0 0 0 0 0 0 0 0 0.0588659 0 0 0.000394895 0.00375375 0.004264 0 
0 0 0 0 0.092 0 0 0 0 0 0 0.146264 0 0 0 0 0 0 0.0828083 0 0.115 0 0 0 0 0 0 0 0 0 0 0 0 0 0 0 0 0 0 0 0 0 0 0 0 0 0 0 0 0 0 0 0 0 0.000750751 0.0045045 0.00593252 0 
0 0 0 0 0 0 0 0 0 0 0 0 0 0 0 0 0 0 0.172817 0 0 0 0 0 0 0 0 0 0 0 0 0 0 0 0.442396 0 0 0 0 0 0 0.268908 0 0 0 0 0 0 0 0 0 0.0468047 0 0 0.0018018 0.00675676 0.00797182 0 
0 0 0 0 0 0 0 0 0.387234 0 0 0 0 0 0 0 0 0 0.0819082 0 0.34375 0 0 0 0 0 0 0 0 0 0 0 0 0 0 0 0 0 0 0 0 0 0 0 0 0 0 0 0 0.0330133 0 0.10171 0 0 0.00285285 0.0202703 0.0159436 1 
0.0425 0.0182073 0.338936 0 0.043 0.372671 0.0591472 0.0833333 0.293617 0.127139 0.13 0.206677 0.0306306 0 0.25974 0.106122 0.0332031 0.274704 0.218722 0.0272 0.14125 0 0.404255 0.0385488 0 0 0 0 0 0 0 0 0 0 0 0 0 0 0 0.0184332 0 0 0 0 0.004 0 0 0 0 0.0252868 0 0.0487849 0.073525 0.008 0.0081006 0.436937 0.254727 1 
0 0 0 0 0 0 0 0 0 0 0 0 0 0 0 0 0 0 0 0 0 0 0 0 0.240572 0.481144 0.148 0 0 0 0 0 0 0 0 0 0 0 0 0 0 0 0 0 0 0 0 0 0 0 0.394737 0 0 0.396923 0.00283483 0.00525526 0.00463478 0 
0 0.0392157 0.0784314 0 0 0 0.0770289 0 0 0.136919 0.14 0.0890302 0.0504505 0 0 0.191837 0.0546875 0 0.177318 0 0.14 0 0 0 0 0 0 0 0 0 0 0 0 0 0 0 0 0 0 0 0 0 0 0 0.014 0 0 0 0 0.0276282 0 0.0284428 0 0.0972308 0.0123874 0.295045 0.102707 1 
0 0 0 0 0 0 0 0 0 0 0 0 0 0 0 0 0 0 0 0 0 0 0 0 0 0 0 0 0 0 0 0 0 0 0 0 0 0 0 0 0 0 0 0 0 0 0 0 0 0 0 0 0 0 0 0 0.000370782 0 
0 0 0.607843 0 0 0 0 0 0 0 0 0 0 0 0 0 0 0.428854 0.782178 0 0.815 0 0 0 0 0 0 0 0 0 0 0 0 0 0 0 0 0 0 0 0 0 0 0 0 0 1 0 0 0 0 0 0 0 0.0005 0.0015015 0.00129774 0 
0.145 0 0.0532213 0 0.175 0.242236 0.0797799 0 0 0.0464548 0.195 0.124006 0.0702703 0 0 0.0789116 0.113281 0.114625 0.386139 0 0.04875 0 0.331915 0 0 0 0 0 0 0 0 0 0 0 0 0 0 0 0 0 0 0 0 0 0.0195 0 0 0 0 0.0634512 0 0.0120612 0.0408472 0 0.00302553 0.015015 0.0350389 1 
0 0 0 0 0 0 0 0 0 0 0 0 0 0 0 0 0 0 0.20162 0 0 0 0 0 0 0 0 0 0 0 0 0 0 0 0 0 0.129173 0 0.039604 0 0 0 0 0 0.067 0.376751 0 0 0 0 0 0 0 0 0.00204505 0.0105105 0.0252132 0 
0.0275 0 0.0308123 0 0.011 0.068323 0 0 0.438298 0 0 0.0540541 0 0 0 0 0 0 0.0405041 0 0.0275 0 0 0 0.0370611 0.0884265 0.0044 0 0 0 0 0 0.0465116 0 0 0 0.0319303 0 0 0 0 0 0 0 0 0 0 0 0.0196375 0.0400375 0.0189718 0 0.00937973 0 0.00361411 0.03003 0.0989989 0 
0 0 0 0 0 0 0 0 0 0 0 0 0 0.281081 0 0 0 0 0.140414 1 0.195 0 0 0 0 0 0 0 0 0 0 0 0 0 0 0 0 1 0 0 0 0 0 0 0 0 0 0 0 0 0 0.135734 0.0568835 0 0.00683333 0.0885886 0.0296626 1 
0 0 0 0 0 0.801242 0 0.205128 0 0 0 0 0 0 0 0 0 0 0.348335 0 0.08 0 0 0 0 0 0 0 0 0 0 0 0 0 0 0 0 0 0 0 0 0 0 0 0 0 0 0 0 0 0 0.212241 0.0354009 0 0.0012012 0.00825826 0.0114943 1 
0.065 0.0035014 0.406162 0 0.037 0.0621118 0 0 0.0425532 0.0244499 0.105 0.170111 0 0 0 0 0 0 0.30423 0 0.17375 0 0 0.0725624 0 0 0 0 0 0 0 0 0 0 0 0 0 0 0 0 0 0 0 0 0.0025 0 0 0 0 0.0177944 0 0.0471647 0.0562784 0.0153846 0.0162057 0.216216 0.42399 1 
0 0 0.358543 0 0 0 0 0 0 0 0 0.203498 0 0 0 0 0 0 0.230423 0 0 0 0 0 0.16645 0.16645 0 0 0 0 0 0 0.350205 0 0 0 0.185776 0 0 0 0 0.268908 0 0 0 0 0 0 0 0.0346523 0.0905753 0 0 0 0.00155255 0.00900901 0.0107527 0 
0 0 0 0 0 0 0 0 0 0 0 0 0 0 0 0 0 0 0 0 0 0 0 0.190476 0.0825748 0.0546164 0 0 0 0 0 0 0 0 0 0 0 0 0 0 0 0 0 0 0.042 0 0 0 0.0818228 0.182861 0 0 0 0 0.00564264 0.00975976 0.0509826 0 
0 0 0 0 0 0 0 0 0 0 0 0.155803 0 0 0 0 0 0 0 0 0 0 0 0 0.0318596 0.127438 0 0 0 0 0 0 0 0 0 0 0 0 0 0 0 0 0 0 0 0 0 0.457944 0 0 0 0.0286229 0 0 0.000675676 0.0045045 0.0135336 0 
0 0 0 0 0.032 0 0 0 0 0 0 0.0508744 0 0 0 0 0 0.0632411 0.0576058 0 0.04 0 0 0 0.083225 0.16645 0.0256 0.0737327 0.022409 0.0737327 0.0737327 0.0737327 0.0875513 0.0737327 0.0737327 0.0737327 0.139332 0 0.0288029 0.0737327 0 0 0.179272 0.0192077 0.016 0.0896359 0 0 0 0.0220089 0.0287638 0.0169217 0 0 0.00137988 0.00900901 0.0307749 0 
0 0 0 0 0 0 0 0 0 0 0 0 0 0 0 0 0 0 0 0 0 0 0 0 0 0 0 0 0 0 0 0 0 0 0 0 0 0 0 0 0 0 0 0 0 0 0 0 0 0 0 0 0 0 0 0 0.000370782 0 
0 0 0 0 0 0 0 0.025641 0 0 0 0.0127186 0 0 0 0 0.015625 0 0 0 0 0 0 0 0.00520156 0.0104031 0.0032 0 0 0 0 0 0 0 0 0.0967742 0 0 0 0 0.0112045 0 0 0 0 0 0 0.317757 0.0203927 0.105596 0 0 0 0 0.00125075 0.0127628 0.173155 0 
0 0 0 1 0 0 0.0577717 0 0 0.102689 0 0.0667727 0 0 0.181818 0 0 0.252964 0.269127 0 0.26625 0 0.544681 0 0 0 0 0 0 0 0 0 0 0 0 0 0.0609579 0 0 0 0 0 0 0 0 0 0 0 0 0 0 0 0.105598 0 0.00900901 0.0780781 0.0815721 1 
0 0 0 0 0 0 0 0 0 0 0 0 0 0 0 0 0 0 0 0 0 0 0 0 0 0 0 0 0 0 0 0 0 0 0 0 0 0 0 0 0 0 0 0.139256 0.116 0 0 0 0 0.0957621 0 0 0 0 0 0 0.00166852 0 
0 0 0 0 0.294 0 0 0 0 0 0 0 0 0 0 0.4 0 0 0 0 0 0 0 0 0 0 0 0 0 0 0 0 0 0 0 0 0 0 0 0 0 0 0 0 0 0 0 0 0.109768 0.102084 0 0.157156 0 0 0.00471772 0.00825826 0.00519095 1 
0 0 0 0 0.012 0 0 0 0 0 0 0.143084 0 0 0 0.0163265 0 0.0237154 0.0108011 0 0.015 0 0 0 0 0 0 0.0576037 0.00840336 0.0276498 0 0 0 0 0 0.147465 0 0.0769231 0 0 0 0.0266106 0 0 0 0.0532213 0 0 0 0.0915476 0 0 0 0 0.00212763 0.03003 0.0889878 1 
0 0.0343137 0 0 0 0 0 0 0 0 0 0.0779014 0 0 0 0 0 0 0.264626 0 0.18375 0 0 0 0 0 0 0 0 0 0 0 0 0 0 0 0 0 0 0 0 0 0 0 0 0 0 0 0 0.0564271 0 0 0 0.0492308 0.00115616 0.015015 0.0155729 0 
0 0 0 0 0 0 0 0 0 0 0 0.537361 0 0 0 0 0.330078 0 0 0 0 0 0 0 0 0 0 0 0 0 0 0 0 0 0 0 0 0 0 0 0 0 0 0 0 0 0 0 0 0.047764 0 0.0734473 0 0 0.00778829 0.0345345 0.0181683 0 
0 0 0 0 0 0 0 0 0 0 0 0 0 0 0 0 0 0 0 0 0 0 0 0 0 0 0.8 0 0 0 0 0 0 0 0 0 0 0 0 0 0 0 0 0 0 0 0 0 0 0 0 0 0 0 0 0 0.000741565 0 
0 0 0 0 0 0 0 0 0 0 0 0 0 0 0 0 0 0 0.0477048 0 0 0 0 0 0 0 0 0 0 0 0 0 0 0 0 0 0.153846 0 0 0 0 0 0 0 0.053 0.371148 0 0 0 0.0753922 0 0 0 0.0793846 0.0024024 0.0127628 0.0335558 0 
0.1475 0 0 0 0 0 0.162311 0.189103 0.251064 0.288509 0 0.187599 0 0 0 0 0.576172 0 0.372637 0.3776 0.295 0 0 0 0 0 0 0 0 0 0 0 0 0 0 0 0 0 0 0 0 0 0 0 0 0 0 0 0 0 0 0.0757876 0 0 0.00792042 0.0337838 0.0335558 1 
0 0 0.0588235 0 0 0.130435 0 0 0 0.0513447 0.105 0.203498 0 0 0 0 0.0410156 0 0.115212 0 0.08 0 0 0 0 0 0 0 0 0 0 0 0 0 0 0 0.0928882 0 0 0 0 0 0 0 0 0 0 0.598131 0 0 0 0 0.0293495 0 0.00217868 0.0405405 0.0470894 0 
0 0 0 0 0 0.142857 0 0 0 0 0 0.073132 0 0 0 0.062585 0.0898438 0.0454545 0.270027 0 0.08625 0 0 0 0 0 0 0 0 0 0 0 0.0314637 0 0 0 0 0 0 0 0 0 0 0 0 0 0 0 0.0193857 0.00889721 0 0 0 0.0233846 0.0024024 0.0307808 0.0335558 1 
0 0 0 0 0 0 0 0 0 0 0 0 0 0 0 0 0 0.371542 0.169217 0 0.235 0 0 0 0 0 0.0752 0 0 0 0 0 0.515732 0 0 0 0 0 0 0 0 0 0 0 0 0 0 0 0 0.0856942 0 0 0 0 0.000460961 0.0015015 0.00296626 0 
0.0175 0.00210084 0.0504202 0 0.01 0.0186335 0 0 0.170213 0 0 0.0158983 0 0 0 0 0 0.00592885 0.0126013 0 0.0125 0 0 0 0.0305592 0.0650195 0.0012 0 0 0 0 0 0.103967 0 0 0 0.0464441 0 0 0 0.00980392 0 0 0 0 0 0 0 0.0473313 0.0346523 0.0214198 0 0.00302572 0 0.00335285 0.0487988 0.256952 0 
0.31 0.0287115 0.347339 0 0 0 0 0 0 0 0 0.0651828 0 0 0 0.0557823 0 0.162055 0.335734 0 0.155 0 0 0.0929705 0 0 0 0 0 0 0 0 0 0 0 0 0 0 0 0 0 0 0 0 0.0205 0 0 0 0 0.0152189 0 0.0829883 0.159455 0 0.00325225 0.0135135 0.0209492 1 
0.085 0 0.47619 0 0.102 0 0 0 0.289362 0.249389 0 0 0 0 0 0 0 0 0.0306031 0.1632 0.085 0 0 0 0.0221066 0 0 0 0 0 0 0 0 0 0 0 0 0 0 0 0 0 0 0 0 0 0 0 0 0 0 0.161836 0.03177 0 1 1 0.247126 1 
0 0 0 0 0 0 0 0 0 0 0 0 0 0 0 0 0 0 0 0 0 0 0 0 0 0 0 0 0 0 0 0 0 0 0 0 0 0 0 0 0 0.538515 0 0 0 0 0 0 0 0 0 0 0 0 0.000600601 0.00225225 0.00241009 0 
0.5875 0 0 0 0 0 0.323246 0 1 0 0 0.18601 0 0 0 0.159184 0 0 0.211521 0 0 0 1 0 0 0 0 0 0 0 0 0 0 0 0 0 0 0 0 0 0 0 0 0 0 0 0 0 0 0 0 0.030243 0.101664 0 0.00536937 0.012012 0.0218762 1 
0 0.00560224 0.022409 0 0 0.0496894 0 0.0512821 0 0 0 0.128776 0.0288288 0 0 0 0.015625 0 0 0 0 0 0.0340426 0 0.226918 0.0624187 0 0 0.022409 0.0552995 0 0 0 0 0 0.0737327 0.011611 0 0 0 0 0.00560224 0 0 0 0 0 0.0747664 0.00553877 0.0259892 0 0 0.0166415 0 0.00171922 0.015015 0.128291 0 
0 0 0 0 0.024 0 0 0 0 0 0 0.0381558 0 0 0 0 0 0 0 0 0 0 0 0 0 0 0 0 0 0 0 0 0.369357 0 0 0.0552995 0 0 0 0 0 0 0 0 0 0.0336134 0 0.224299 0 0.0456568 0 0 0 0 0.00178979 0.0255255 0.0441231 0 
0 0 0 0 0 0.490683 0 0 0 0 0 0 0 0 0 0.107483 0 0 0.142214 0 0 0 0.33617 0 0 0 0 0 0 0 0 0 0 0 0 0 0.114659 0 0 0 0 0 0 0 0 0 0 0 0.0289527 0.0540857 0.212362 0.0831683 0 0 0.0071967 0.0157658 0.0309603 1 
0 0 0.0616246 0 0 0 0 0 0 0 0 0.0349762 0 0 0 0 0 0 0.09991 0 0.0275 0.533733 0 0 0 0 0 0 0 0 0 0 0 0 0 0 0 0 0.019802 0 0 0 0 0 0 0 0 0 0.786757 0 0 0.0432043 0 0.172308 0.0066021 0.0315315 0.0828699 0 
0 0.0490196 0.294118 0 0.035 0 0 0 0 0 0 0.111288 0 0 0 0.047619 0 0.27668 0.221422 0 0.175 0 0 0 0 0 0 0 0 0 0 0 0 0 0 0 0 0 0 0 0 0 0 0 0.0175 0 0 0 0 0.0131117 0 0.161476 0 0 0.00515015 0.0900901 0.0647015 1 
0 0 0 0 0.312 0 0.143054 0.333333 0 0.254279 0 0.165342 0 0 0 0.282993 0 0 0.187219 0 0.13 0 0 0 0 0 0 0 0 0 0 0 0 0 0 0 0 0 0 0 0 0 0 0 0.052 0 0 0 0 0 0 0 0 0 0.0145526 0.048048 0.025584 1 
0 0 0 0 0 0 0 0 0 0.452323 0 0 0 0 0 0 0 0 0.166517 0 0.4625 0 0 0 0.120286 0 0 0.852535 0 0 0 0 0.253078 0 0.426267 0 0 0 0 0 0 0 0 0 0.0925 0 0 0 0 0.148911 0 0.0572457 0 0 0.00254505 0.0105105 0.0113089 0 
0 0 0 0 0 0 0 0 0 0 0 0 0 0 0 0 0 0 0.0774077 0 0.1075 0 0 0 0 0 0 0 0 0 0 0 0 0 0 0 0 0 0 0 0 0 0 0 0 0.120448 0 0 0 0 0 0 0 0 0.00315766 0.0375375 0.0164998 0 
0 0 0.0168067 0 0 0 0 0.0192308 0.0553191 0.0317848 0.065 0.265501 0.0468468 0.0594595 0 0.0176871 0.0253906 0 0 0.0096 0.0075 0 0 0 0.16515 0.0169051 0 0 0.0140056 0.0599078 0.0299539 0 0 0 0.0138249 0.0460829 0.0188679 0.0384615 0 0.0138249 0 0 0 0 0 0 0 0 0.00704935 0.030672 0 0 0 0 0.001497 0.0142643 0.145717 0 
0.0225 0.0343137 0.165266 0 0.039 0.118012 0 0 0.0382979 0.0953545 0 0.251192 0.0342342 0 0 0 0.0175781 0 0.337534 0 0.135 0 0 0.0430839 0 0 0 0 0 0 0 0 0 0 0 0 0 0 0 0 0 0 0 0 0 0 0 0 0.195871 0.00866308 0 0.938434 0.296218 0 0.00717868 0.0397898 0.137004 1 
0 0 0 0 0 0 0 0 0 0 0.19 0.0302067 0 0 0 0 0 0 0.119712 0 0.0475 0 0 0 0.0123537 0 0 0 0 0 0 0 0 0 0 0 0 0 0 0.0437788 0 0 0 0 0 0 0 0 0 0.0360571 0 0.00540054 0 0.0184615 0.00278078 0.00825826 0.0717464 0 
0 0 0 0 0 0 0 0 0 0 0 0 0 0 0 0 0 0 0.360036 0 0 0 0 0 0 0 0 0 0 0 0 0 0 0 0 0 0 0 0 0 0 0 0 0 0 0 0 0 0 0 0 0 0 0 0.00204655 0.00750751 0.00463478 1 
0 0.0252101 0 0 0 0.223602 0.202201 0 0 0.0880196 0.18 0.116057 0 0 0 0.0489796 0 0.217391 0.19802 0 0.09125 0 0.153191 0 0 0 0 0 0 0 0 0 0 0 0 0 0 0 0 0 0 0 0 0 0 0 0 0 0 0.0428471 0 0.0660666 0.0184569 0.0750769 0.0045045 0.0262763 0.0487579 1 
0 0 0.0812325 0 0.087 0 0.03989 0 0.370213 0 0 0.230525 0 0 0 0 0 0.0573123 0.471647 0 0.18125 0 0 0.0657596 0 0 0 0 0 0 0 0 0 0 0 0 0 0 0 0 0 0 0 0 0 0 0 0 0 0.00983376 0 0 0.0257186 0 0.00622372 0.024024 0.0456062 1 
0.1325 0 0.296919 0 0.053 0 0.145805 0 0 0 0 0.0842607 0 0 0 0.144218 0.103516 0 0.382538 0 0.1325 0 0.676596 0 0 0 0 0 0 0 0 0 0 0 0 0 0 0 0 0 0 0 0 0 0.0265 0 0 0 0 0 0 0.217462 0.0783661 0 0.00684384 0.0563063 0.0348535 1 
0.2375 0 0.131653 0.0222326 0 0.590062 0 0 0.2 0 0.235 0 0 0 0.614719 0.0639456 0.0917969 0.470356 0 0 0.11875 0 0 0.106576 0 0 0 0 0 0 0 0 0.0642955 0 0 0 0 0 0 0 0 0 0 0 0 0.0658263 0 0 0 0.185203 0 0.030423 0.136762 0.0695385 0.012973 0.193694 0.133852 1 
0.0125 0 0.0812325 0 0.023 0.10559 0.00687758 0 0 0 0.325 0.130366 0 0 0 0.103401 0.0214844 0.0217391 0.137714 0.0464 0.1625 0 0.0978723 0.0113379 0 0 0 0 0 0 0 0 0 0 0 0 0 0 0 0 0 0 0 0 0 0 0 0 0.00226586 0.0302037 0 0.0183618 0.0783661 0 0.00074024 0.00525526 0.122173 1 
1 0 0.280112 0 0.1 0 0 0 0 0 0 0.158983 0 0 0 0 0 0 0 0 0 0 0 0 0 0 0 0 0 0 0 0 0 0 0 0 0 0 0 0 0 0 0 0 0 0 0 0 0 0.0393351 0 0.030243 0 0 0.000689189 0.00675676 0.00982573 0 
0 0 0 0 0 0 0 0 0 0.110024 0 0 0 0 0 0 0 0 0 0 0 0 0 0 0 0 0.018 0 0 0 0 0 0 0 0 0 0 0 0 0 0 0 0 0 0 0 0 0 0 0.0508078 0.177479 0 0 0 0.0051967 0.0202703 0.053578 0 
