Spambase-460 58 230
0 0 0 0 0 0 0 0 0 0 0 0.214626 0 0 0 0 0 0 0.243024 0 0.16875 0 0 0 0 0.175553 0 0 0 0 0 0 0 0 0 0 0 0 0 0 0 0 0.378151 0 0 0 0 0 0 0 0 0 0 0 0.00132132 0.003003 0.00852799 0 
0 1 0 0 0 0 0 0 0 0 0 0 0 0 0 0 0 0 0 0 0 0 0 0 0 0 0 0 0 0 0 0 0 0 0 0 0 0 0 0 0 0 0 0 0 0 0 0 0 0 0 0 0 0 0.0012012 0.003003 0.00148313 0 
0 0 0 0 0 0 0 0 0 0 0 0 0 0 0 0 0 0 0 0 0 0 0 0 0 0 0 0 0 0 0 0 0 0 0 0 0 0 0 0 0 0 0 0 0 0.0644258 0 0 0 0.0433154 0 0 0 0 0.00135736 0.00750751 0.0146459 0 
0 0 0 0 0.013 0.161491 0 0 0 0.0317848 0 0.18601 0.0234234 0.0234234 0 0 0.101562 0 0 0 0 0 0 0 0.236671 0.0845254 0 0 0.00910364 0.119816 0 0 0 0 0 0.0898618 0.0188679 0 0 0 0 0 0 0 0 0 0 0 0.0339879 0.0236479 0 0 0 0 0.00137387 0.0135135 0.071561 0 
0.025 0.0140056 0.282913 0 0.08 0.496894 0.0687758 0 0.340426 0.0244499 0.15 0.111288 0.0540541 0 0.69697 0.0136054 0 0.219368 0.117912 0.032 0.0875 0 0.255319 0.0226757 0 0 0 0 0 0 0 0 0 0 0 0 0 0 0 0 0 0 0.0560224 0 0.005 0.0140056 0 0 0 0.0257551 0 0.0882088 0.0478064 0.00923077 0.0113363 0.501502 0.250278 1 
0 0 0 0 0 0 0 0 0 0.141809 0 0 0 0 0 0 0 0 0.261026 0 0 0 0 0 0.113134 0.150845 0.0464 0.400922 0.0406162 0.267281 0.133641 0.133641 0 0.133641 0.133641 0.267281 0.08418 0 0.0522052 0.133641 0 0 0.162465 0 0.029 0 0 0 0 0.088738 0 0 0 0 0.00183483 0.00825826 0.0257694 0 
0.0975 0 0 0 0 0.242236 0.108666 0 0 0 0 0.125596 0 0 0 0 0.0761719 0 0.213321 0 0.345 0 0.502128 0.179138 0 0 0 0 0 0 0 0 0 0 0 0 0 0 0 0 0 0 0 0 0 0 0 0 0 0.0142824 0 0.110171 0.0553707 0 0.00251952 0.00900901 0.0137189 1 
0 0 0 0 0 0 0.169188 0 0 0 0 0 0 0 0 0.167347 0 0 0 0 0 0 0 0 0 0 0 0 0 0 0 0 0 0 0 0 0 0 0 0 0 0 0 0 0 0 0 0 0 0 0 0.350855 0 0 0.000569069 0.00525526 0.00723026 1 
0 0.0322129 0 0 0.115 0 0.0316369 0.0737179 0 0.112469 0 0.109698 0.0414414 0 0 0 0.134766 0.136364 0.248425 0 0.23 0 0 0.0521542 0 0 0 0 0 0 0 0 0 0 0 0.264977 0 0 0 0 0 0 0 0 0 0 0 0 0 0.00842894 0.0220318 0.151395 0.0108926 0 0.00129429 0.0382883 0.0526511 1 
0 0 0.159664 0 0 0 0 0 0 0 0 0 0 0 0 0 0 0 0.0252025 0 0 0 0 0 0.0182055 0.0364109 0 0 0 0 0 0 0 0 0 0 0 0 0 0 0.0392157 0 0 0.0168067 0.014 0.0392157 0 0.261682 0 0.0100679 0 0 0 0 0.000962462 0.00525526 0.0202076 0 
0 0 0 0 0.476 0 0 0 0 0 0 0.756757 0 0 0 0 0 0 0 0 0 0 0 0 0 0 0 0 0.333333 0 0 0 0 0 0 0 0 0 0 0 0 0.5 0 0 0 0 0 0 0 0 0 0 0 0 0.000345345 0.0015015 0.00278087 0 
0 0.047619 0.0952381 0 0 0 0 0.108974 0 0 0.17 0 0 0 0 0.234014 0 0 0.0927093 0 0.2575 0 0 0 0 0 0 0 0 0 0 0 0 0 0 0 0 0 0 0.078341 0 0 0 0 0.017 0 0 0 0 0.0107703 0 0 0 0 0.00351952 0.0795796 0.0357805 0 
0 0 0 0 0 0 0 0 0 0 0 0 0.29009 0 0 0 0 0 0 0 0 0 0 0 0 0 0 0 0 0 0 0 0 0 0 0 0 0 0 0 0 0 0 0 0 0 0 0 0 0 0 0 0 0 0.000576577 0.00225225 0.00315165 0 
0.0475 0.0133053 0.0532213 0 0.108 0.118012 0.0261348 0.314103 0.378723 0.144254 0.045 0.171701 0.0342342 0.16036 0.038961 0 0 0.233202 0.346535 0.0944 0.2225 0 0.0382979 0.0657596 0 0 0 0 0 0 0 0 0 0 0.0207373 0 0 0 0.00810081 0.0207373 0 0 0 0 0 0 0 0 0 0 0.116279 0.0741674 0.067171 0.00923077 0.0047973 0.036036 0.150723 1 
0 0 0 0 0 0 0 0 0 0.332518 0 0 0 0 0 0 0 0 0 0 0.17 0 0 0 0 0 0 0 0 0 0 0 0 0 0 0 0 0 0 0 0 0 0 0 0 0.190476 0 0 0 0 0 0 0 0 0.00457958 0.0375375 0.0148313 0 
0.0525 0.0070028 0.145658 0 0.126 0.0621118 0 0 0.178723 0.127139 0.105 0.0826709 0.0756757 0 0 0 0.101562 0 0.407741 0 0.25 0 0.131915 0.333333 0 0 0 0 0 0 0 0 0 0 0 0 0 0 0 0 0 0 0 0 0 0 0 0 0 0.00655584 0 0.0253825 1 0 0.0154474 0.144144 0.188172 1 
0 0 0 0 0 0 0 0 0 0 0 0.756757 0 0 0 0 0 0 0 0 0 0 0 0 0 0 0 0 0 0 0 0 0 0 0 0 0 0 0 0 0 0 0 0 0 0 0 0 0 0 0 0.138434 0 0 0.000642643 0.00225225 0.00166852 0 
0 0 0 0 0 0 0 0 0 0 0 0.224165 0 0 0 0 0.136719 0 0.126913 0 0.17625 0 0 0 0 0 0.028 0 0 0 0.16129 0 0 0 0 0 0 0 0 0.488479 0 0 0 0 0 0 0 0 0 0.0625146 0.0403917 0 0 0 0.0253108 0.148649 0.0693363 0 
0 0 0.117647 0 0.064 0 0 0 0 0 0 0.0333863 0 0 0 0 0 0 0.0765077 0 0.02625 0 0 0 0.138492 0.0273082 0.0084 0 0 0 0 0 0.291382 0 0 0 0.0609579 0 0.0189019 0.0483871 0 0 0.117647 0.012605 0.032 0 0 0 0.0599194 0.103723 0.0416157 0 0 0 0.00228829 0.0127628 0.0480163 0 
0 0.0252101 0 0 0.036 0 0 0 0 0.0880196 0 0.0572337 0 0 0 0 0 0 0.0972097 0 0 0.541229 0 0 0 0 0 0 0 0 0 0 0 0 0 0 0 0 0 0 0 0 0 0 0 0 0 0 1 0 0 0.0113411 0 0.310154 0.00814264 0.0315315 0.0617353 0 
0.2175 0.0119048 0.145658 0 0 0.198758 0 0.0128205 0.123404 0.102689 0.195 0.217806 0.156757 0.304505 0 0.0435374 0.105469 0.0434783 0.312331 0.0464 0.165 0 0.144681 0.190476 0 0 0 0 0 0 0 0 0 0 0 0 0 0 0 0 0 0 0 0.00120048 0.0035 0 0.0184332 0 0.0040282 0.01358 0 0.114851 0.0499244 0.112 0.00404955 0.0870871 0.648313 1 
0 0 0 0 0 0 0 0 0 0 0 0 0 0 0 0 0 0 0 0 0 0 0 0 0 0 0 0 0 0 0 0 0 0 0 0 0 0 0 0 0 0.70028 0 0 0 0 0 0 0 0 0 0 0 0 0.001 0.0015015 0.000741565 0 
0 0 0 0 0 0 0 0 0 0 0 0 0 0 0 0 0 0 0.0882088 0 0.245 0 0 0 0 0 0 0 0 0 0 0 0.134063 0 0 0 0 0 0 0 0 0 0 0.117647 0 0.137255 0 0 0 0 0 0 0 0 0.0015015 0.00900901 0.00760104 0 
0 0 0.112045 0 0 0 0 0 0 0.195599 0 0 0 0 0 0 0 0 0.0360036 0 0.05 0 0 0 0.0780234 0.104031 0 0 0 0.0921659 0 0 0 0 0 0 0 0 0 0 0 0 0 0 0 0 0 0 0 0.0231796 0 0.00882088 0 0 0.00193393 0.00600601 0.0248424 0 
0 0 0 0 0 0 0 0 0 0 0 0 0 0 0 0 0 0 0 0 0 0 0 0 0 0 0 0 0 0 0 0 0 0 0 0 0 0 0 0 0 0 0 0 0 0 0 0 0.0818228 0 0 0 0 0 0 0 0.00241009 0 
0 0 0 0 0.054 0 0 0 0 0 0.27 0.173291 0 0 0 0 0 0 0.343834 0 0 0 0 0 0.141743 0.283485 0 0.124424 0 0.251152 0 0 0 0 0.124424 0 0 0 0 0 0 0 0.151261 0 0.027 0 0 0 0 0.0203699 0 0 0 0 0.0038033 0.0247748 0.0292918 0 
0 0 0 0 0 0 0 0 0 0 0 0 0 0 0 0 0 0 0 0 0 0 0 0 0 0 0.222 0 0 0 0 0 0 0 0 0 0 0 0 0 0 0 0 0 0.2775 0 0 0 0 0 0 0 0 0 0 0 0.000741565 0 
0 0 0.218487 0 0 0 0 0 0 0 0 0.249603 0 0 0 0 0 0 0.282628 0 0 0 0 0 0 0 0 0.361751 0 0 0 0 0 0 0 0 0 0 0 0 0 0.0546218 0 0 0 0.109244 0 0 0 0.102318 0 0.0156616 0 0 0.00272072 0.00900901 0.0164998 0 
0 0 0 0 0 0 0 0.355769 0 0 0 0 0 0 0 0 0 0 0 0 0 0 0.47234 0 0 0 0 0 0 0 0 0 0 0 0 0 0 0 0 0 0 0 0 0 0.0555 0 0 0 0 0.0487005 0 0.0374437 0.12587 0 0.00442943 0.0165165 0.0144605 1 
0.225 0 0 0 0 0 0.123796 0 0 0 0 0 0 0 0 0 0.175781 0.177866 0.162916 0 0.34 0 0 0.204082 0 0 0 0 0 0 0 0 0 0 0 0 0 0 0 0 0 0 0 0 0 0 0 0 0 0 0 0.0982898 0 0 0.00272973 0.0135135 0.0113089 1 
0 0 0 0 0 0 0.244842 0 0 0.435208 0 0 0 0 0 0 0 0 0 0 0 0 0 0 0 0 0 0 0 0 0 0 0 0 0 0 0 0 0 0 0 0 0 0 0 0 0 0 0 0 0 0.0979298 0 0 0.00116667 0.003003 0.00278087 1 
0 0 0 0 0 0 0 0 0 0 0 0 0 0 0 0 0 0 0 0 0 0 0 0 0 0 0.8 0 0 0 0 0 0 0 0 0 0 0 0 0 0 0 0 0 0 0 0 0 0 0 0 0 0 0 0 0 0.000741565 0 
0 0 0 0 0 0 0 0 0 0 0 0.779014 0 0 0 0 0 0 0 0 0 0 0 0 0 0 0 0 0 0 0 0 0 0 0 0 0 0 0 0 0 0 0 0 0 0 0 0 0 0 0 0 0 0 0.00218318 0.003003 0.00482017 0 
0 0 0 0 0 0 0 0 0 0 0 0.17965 0 0 0 0 0 0 0 0 0 0 0 0 0 0 0 0 0 0 0 0 0 0 0 0 0 0 0.10171 0 0 0.238095 0 0 0 0 0 0 0.0498489 0.0927183 0 0 0 0 0.00161562 0.003003 0.00482017 0 
0 0 0 0 0 0 0 0 0 0 0 0 0 0 0 0 0 0 0.0909091 0 0 0 0 0 0 0 0 0 0 0 0 0 0 0 0 0 0.146589 0 0 0 0 0 0 0 0 0.707283 0 0 0 0 0 0 0 0 0.00306757 0.0105105 0.012792 0 
0.02 0.00560224 0.212885 0 0.085 0.63354 0.0343879 0.0544872 0.251064 0.0195599 0.085 0.0937997 0.0306306 0 0.95671 0.0340136 0.015625 0.183794 0.145815 0.0272 0.0525 0 0.361702 0.0181406 0 0 0 0 0 0 0 0 0 0 0 0 0 0 0 0.0184332 0 0 0.047619 0.00480192 0.004 0.0112045 0 0 0 0.0152189 0 0.0874887 0.0357035 0.008 0.00985135 0.501502 0.261958 1 
0 0 0 0 0 0 0 0 0 0 0 0.144674 0 0 0 0 0.177734 0 0.247525 0 0 0 0 0 0.118986 0 0 0 0 0 0 0 0 0 0 0 0.132075 0 0 0 0 0.0637255 0 0 0 0 0 0 0.0757805 0 0 0.0541854 0 0 0.00141441 0.00525526 0.0124212 0 
0 0 0 0 0.185 0 0 0 0 0 0 0.294118 0.333333 0 0 0 0 0 0.166517 0 0 0 0 0 0 0 0 0 0 0 0 0 0 0 0 0 0 0 0.166517 0 0 0 0 0 0 0 0 0 0 0 0 0 0 0 0.00107207 0.00225225 0.0020393 0 
0 0 0 0 0 0 0 0 0 0 0 0 0.196396 0 0 0 0 0 0.19712 0 0 0 0 0 0 0 0 0 0 0 0 0 0 0 0 0 0 0 0 0 0 0 0 0 0 0.152661 0 0 0 0 0 0 0 0 0.00345946 0.0345345 0.0139043 0 
0.1475 0.00630252 0.0252101 0 0.029 0.0559006 0 0.189103 0.251064 0.511002 0.145 0.0143084 0.0522523 0 0.168831 0.0122449 0.154297 0.0770751 0.287129 0.0144 0.21125 0 0.591489 0.22449 0 0 0 0 0 0 0 0 0 0 0 0.0207373 0 0 0.00810081 0 0 0 0 0 0.0095 0 0 0 0.0110775 0.0182627 0 0.060126 0.0402421 0.00676923 0.0217613 0.878378 0.470894 1 
0 0 0.145658 0 0.013 0 0 0 0 0 0 0.352941 0.117117 0.0234234 0 0 0.0253906 0 0.0117012 0 0.01625 0 0.0553191 0 0.135891 0 0 0 0 0 0 0 0.106703 0 0 0.0599078 0.0377358 0 0 0 0 0 0 0 0 0 0 0 0.00453172 0.017092 0 0 0 0 0.00233634 0.0165165 0.0585836 0 
0 0 0 0 0 0 0 1 0 0 0 0 0 0 0 0 0 0 0 0 0 0 0 0 0 0 0 0 0 0 0 0 0 0 0 0 0 0 0 0 0 0 0 0 0.052 0 0 0 0 0.0463592 0 0.0356436 0.0599092 0 0.00428979 0.018018 0.0148313 1 
0 0 0.0616246 0 0 0 0 0 0 0 0 0.108108 0.162162 0 0 0.029932 0.0429688 0 0 0 0 0 0 0 0.0884265 0 0 0 0 0 0.0506912 0 0 0 0 0 0.065312 0 0 0 0 0 0 0 0 0 0 0 0 0.0220089 0 0 0 0 0.00177477 0.0307808 0.037449 0 
0 0 0.0840336 0 0.03 0.559006 0 0.0961538 0 0 0 0.0476948 0.0540541 0 0 0.0408163 0.0585938 0.0592885 0.189919 0 0.3775 0 0 0.0680272 0 0 0 0 0 0 0 0 0 0 0 0 0 0 0 0 0 0 0 0 0.015 0 0 0 0 0.0491688 0 0 0.0635401 0.032 0.00110811 0.00750751 0.0342974 1 
0 0.0441176 0 0 0.159 0.192547 0 0 0.131915 0 0 0.100159 0 0 0.549784 0.0857143 0.0605469 0.628458 0.19982 0 0.23875 0 0.131915 0.142857 0 0 0 0.0714286 0 0 0 0 0 0 0 0 0 0 0 0.366359 0 0 0 0 0 0 0 0 0 0.0650901 0 0.00990099 0.151589 0 0.00376727 0.0675676 0.0342974 1 
0.5 0 0 0 0 0 0 0 0 0 1 0.317965 0 0 0 0 0 0 0.180018 0 1 0 0 0 0 0 0 0 0 0 0 0 0 0 0 0 0 0 0 0 0 0 0 0 0 0 0 0 0 0 0 0 0 0 0.00733934 0.021021 0.00964034 0 
0 0 0.0392157 0 0.028 0 0.0192572 0 0 0 0.07 0.0222576 0 0 0 0 0 0 0.257426 0.3424 0.25 0.289355 0.0595745 0 0 0 0 0 0 0 0 0 0 0 0 0 0 0 0 0 0 0 0 0 0.007 0 0 0 0 0.0112386 0 0.0433843 0.0217852 0.267692 0.00786486 0.027027 0.22766 1 
0 0 0 0 0 0 0 0 0 0 0 0 0 0 0 0 0 0 0 0 0 0 0 0 0.837451 0 0 0 0 0.0645161 0 0 0.0383037 0 0 0 0.0203193 0 0.0252025 0 0 0 0 0 0 0 0 0 0 0 0 0.00666067 0 0 0.0171622 0.0217718 0.380052 0 
0 0 0.352941 0 0 0 0 0 0 0 0 0 0.227027 0 0 0 0.494141 1 0.227723 0 0.47375 0 0 0 0 0 0 0 0 0 0 0 0 0 0 0 0 0 0 0 0 0 0 0 0 0 0 0 0 0 0 0.342034 0.143722 0 0.00114565 0.00750751 0.0122358 1 
0 0 0.246499 0 0 0 0 0 0.374468 0 0 0 0 0 0 0 0 0 0 0 0 0 0 0 0 0 0 0 0 0 0 0 0 0 0 0 0 0 0 0 0 0 0 0 0 0 0 0 0 0.0737532 0 0 0 0 0.000249249 0.0015015 0.00370782 0 
0 0.0567227 0 0 0.203 0 0 0.128205 0 0.295844 0 0.128776 0 0 0 0.0544218 0 0 0.328533 0 0.2025 0 0.689362 0.0907029 0 0 0 0 0 0 0 0 0 0 0 0 0 0 0 0 0 0 0 0 0.02 0 0 0 0 0 0 0 0.0822995 0 0.00329129 0.0247748 0.0305895 1 
0 0 0 0 0.148 0.459627 0.203576 0 0 0.180929 0.37 0.117647 0.133333 0 0 0.10068 0.144531 0 0.19982 0 0.4625 0 0 0 0 0 0 0 0 0 0 0 0 0 0 0 0 0 0 0 0 0 0 0 0 0 0 0 0 0 0 0.0194419 0 0 0.00202102 0.00825826 0.0111235 1 
0 0.0294118 0.117647 0 0.127 0 0.0577717 0 0 0.310513 0 0 0 0 0 0.172789 0 0 0.153015 0.0672 0.15875 0 0 0.0952381 0 0 0 0 0 0 0 0 0 0 0 0 0.184325 0 0 0.0967742 0 0 0 0 0 0 0 0 0 0.0147506 0 0.10297 0.019062 0 0.0069955 0.0405405 0.045977 1 
0 0 0 0 0 0 0.26685 0 0 0 0 0 0 0 0 0.395918 0.757812 0 0.174617 0 0.2425 0 0 0.439909 0 0 0 0 0 0 0 0 0 0 0 0 0 0 0 0.223502 0 0 0 0 0.0485 0 0 0 0 0.0304378 0 0.0936094 0.0393343 0 0.00790691 0.0187688 0.0172414 1 
0.0575 0.0203081 0.179272 0 0.017 0.10559 0.0151307 0.0160256 0.0212766 0.114914 0.055 0.18601 0.0846847 0.00900901 0.0735931 0.00680272 0.0214844 0.0573123 0.353735 0 0.25625 0 0.2 0.0657596 0 0 0 0 0 0 0 0 0 0 0 0 0 0 0 0 0 0 0 0 0 0 0 0 0 0.0311402 0 0.0885689 0.102269 0.0566154 0.00755706 0.0645646 0.270486 1 
0 0 0 0 0 0 0 0 0 0 0 0.661367 0 0 0 0 0 0 0 0 0 0 0 0 0 0 0 0 0 0 0 0 0 0 0 0 0 0 0 0 0 0 0 0 0.208 0.582633 0 0 0 0 0 0 0 0 0 0 0.00148313 0 
0 0 0.0420168 0 0.031 0 0.0206327 0 0.268085 0.0366748 0.075 0 0 0 0 0.15102 0 0.250988 0.0711071 0 0 0 0 0 0.0617685 0 0 0 0 0 0 0 0 0 0 0 0.0449927 0 0 0.0345622 0 0 0 0 0 0 0 0 0 0.0206041 0 0.155176 0.213918 0.0135385 0.00664114 0.0375375 0.208936 1 
0 0 0 0 0.19 0 0.130674 0 0 0.232274 0 0.151033 0 0 0 0 0 0 0.513951 0.608 0.35625 0 0 0 0 0 0 0 0 0 0 0 0 0 0 0 0 0 0 0 0 0 0 0 0 0 0 0 0 0 0 0.0264626 0 0 0.000600601 0.00375375 0.00370782 1 
0.0075 0 0.00840336 0.00304236 0.006 0.0186335 0 0 0.13617 0 0 0.0143084 0 0 0 0 0 0.00592885 0.0117012 0 0.01125 0 0 0 0.0910273 0.187256 0.0012 0 0 0 0 0 0.0123119 0 0 0.00691244 0.184325 0.0192308 0 0 0 0 0 0.00360144 0 0 0 0 0.0568983 0.0550222 0.110771 0 0.00272315 0 0.00263363 0.0247748 0.498146 0 
0 0 0 0 0 0 0 0 0 0 0 0.529412 0 0 0 0 0 0 0 0 0 0 0 0 0 0 0 0 0 0 0 0 0 0 0 0 0 0 0 0 0 0 0 0 0 0 0 0 0 0 0 0 0 0 0 0 0.000556174 0 
0 0 0 0 0 0 0 0 0 0 0 0 0 0 0 0 0 0 0.0855086 0 0 0 0 0 0.0617685 0 0 0 0 0 0 0 0.129959 0 0 0 0 0 0 0 0 0 0 0.114046 0 0 0 0 0.0662135 0.0922501 0 0 0 0 0.00171471 0.003003 0.00815721 0 
0.0825 0 0 0 0 0 0 0 0.140426 0 0 0 0 0 0 0 0 0 0.029703 0 0 0 0 0 0 0 0 0 0 0 0 0 0.451436 0 0 0 0 0 0 0 0 0 0 0 0 0 0 0 0 0.104893 0 0.010081 0 0 0.00118318 0.00375375 0.017056 0 
0.04 0.00560224 0 0 0 0 0 0 0.0680851 0.0806846 0 0.106518 0 0 0.034632 0 0.0976562 0.0652174 0.0522052 0.0256 0.0525 0 0 0.0181406 0.0871261 0.0754226 0 0 0 0.0184332 0 0 0 0 0 0.251152 0.194485 0 0.0144014 0 0 0 0 0.00480192 0 0 0 0 0.021148 0.095528 0.0367197 0 0.00363086 0 0.00477327 0.0773273 0.306637 0 
0 0.052521 0.103641 0 0.151 0 0 0.11859 0 0.0904645 0.375 0.300477 0 0 0 0.102041 0.0722656 0.22332 0.545455 0 0.52 0 0 0 0 0 0 0 0 0 0 0 0 0 0 0 0 0 0 0.0852535 0 0 0 0 0 0 0 0 0 0 0 0.0747075 0.0417549 0 0.00140691 0.00750751 0.017056 1 
0 0 0 0 0 0 0 0 0 0 0 0 0 0 0 0 0 0 0 0 0 0 0 0 0 0 0.08 0 0.140056 0 0 0 0.273598 0 0 0 0 0 0 0 0 0 0 0 0 0 0 0 0 0.0800749 0 0 0 0.210462 0.00262763 0.0045045 0.0100111 0 
0 0 0 0 0 0 0 0 0 0 0 0.205087 0 0 0 0 0 0 0 0 0 0 0 0 0 0 0 0 0 0 0 0 0 0 0 0 0.0928882 0 0 0 0 0 0 0 0 0 0 0 0 0 0 0 0 0 0.00191441 0.00525526 0.0166852 0 
0 0 0 0 0 0 0 0 0 0 0 0 0 0 0 0 0 0 0.0630063 0 0 0 0 0 0 0 0 0 0 0 0 0 0 0 0 0 0 0 0 0 0 0 0 0 0 0 0 0 0 0.0447202 0 0 0.0287443 0.0584615 0.00103303 0.00750751 0.0189099 0 
0 0 0.442577 0 0 0 0 0 0 0 0 0 0 0 0 0 0 0 0 0 0 0 0 0 0 0 0 0 0 0 0 0 0 0 0 0.364055 0 0 0.142214 0 0 0 0 0 0 0 0 0 0 0 0 0 0 0 0.000696697 0.0045045 0.00741565 0 
0.0575 0.0413165 0.0644258 0 0.023 0.068323 0 0 0.348936 0.288509 0.055 0.317965 0.0414414 0 0 0 0.0214844 0 0.435644 0.7936 0.22125 0 0 0.0521542 0 0 0 0 0 0 0 0 0 0 0 0 0 0 0 0 0 0 0 0 0.0055 0 0 0 0 0.0435495 0 0.0234023 0.0508321 0.0110769 0.00714715 0.130631 0.147201 1 
0 0 0 0 0 0 0 0 0 0 0 0 0 0 0 0 0 0 0 0 0 0 0 0 0 0 0 0 0 0 0 0 0 0 0 0 0 0 0 0 0 0 0 0 0 0 0 0 0 0 0 0 0 0 0.00187688 0.00375375 0.00148313 0 
0 0 0.10084 0 0 0.0559006 0 0.0288462 0 0 0.045 0.0572337 0.0162162 0 0 0 0.0527344 0 0 0 0 0 0.0382979 0 0.208062 0 0 0 0 0 0 0 0.0369357 0 0 0 0 0 0 0 0 0 0.0252101 0 0 0 0 0 0.0251762 0.0412081 0 0 0.0378215 0 0.00203604 0.015015 0.11865 0 
0 0 0 0 0 0 0 0 0 0 0 0.255962 0 0 0 0 0 0 0.0477048 0 0 0 0 0 0.104681 0.0689207 0 0 0.0371148 0 0 0 0 0 0 0.12212 0 0 0 0 0 0.0371148 0 0.0642257 0 0 0 0.495327 0 0 0 0 0 0 0.000563063 0.003003 0.0181683 0 
0.09 0 0.411765 0 0.036 0 0 0 0.153191 0 0.18 0.527822 0 0 0 0 0 0 0.0990099 0 0.045 0 0 0 0.023407 0.046814 0 0 0 0 0 0 0 0 0 0 0.159652 0 0 0 0 0.0770308 0 0 0 0 0 0 0 0.011941 0 0 0 0 0.00194144 0.033033 0.0317019 0 
0.025 0 0.0280112 0 0.04 0.0621118 0.0137552 0 0.0851064 0.0488998 0.2 0.0794913 0 0.108108 0 0.12381 0.0390625 0 0.154815 0.6816 0.215 0 0.170213 0.0453515 0 0 0 0 0 0 0 0 0 0 0 0 0 0 0 0 0 0 0 0 0 0 0 0 0 0.0224772 0 0.060486 0.0484115 0 0.00864565 0.37012 0.264182 1 
0.215 0 0 0 0 0 0 0 0 0 0 0 0 0 0 0 0 0 0 0 0 0 0 0 0 0 0 0 0 0 0 0 0.117647 0 0 0 0 0.551282 0 0 0 0 0 0.103241 0 0 0 0 0 0 0 0 0 0 0.000846847 0.0045045 0.0111235 0 
0 0 0.366947 0 0 0 0 0 0 0 0 0.208267 0 0 0 0 0 0 0.117912 0 0.6575 0 0 0.297052 0 0 0 0 0 0 0 0 0 0 0 0 0 0 0 0 0 0 0 0 0 0 0 0 0 0 0 0 0.0635401 0 0.00525526 0.018018 0.00982573 1 
0 0.0371148 0.148459 0 0.08 0 0.0357634 0.0833333 0 0.0635697 0 0.0842607 0.0954955 0.0954955 0 0 0 0 0.193519 0.0416 0.1 0 0 0 0.0169051 0.0338101 0 0 0 0 0 0 0.0725034 0 0 0 0 0 0 0 0 0 0 0 0 0 0 0 0 0 0 0 0.0121029 0 0.00267117 0.015015 0.0302188 1 
0 0 0 0 0.032 0 0 0.102564 0.13617 0.156479 0 0.203498 0 0 0 0.348299 0.1875 0 0.345635 0 0.12 0 0 0 0 0 0 0 0 0 0 0 0 0 0 0 0 0 0 0 0 0 0 0 0 0 0 0 0 0.0229454 0.0299878 0.0885689 0 0 0.00177778 0.018018 0.0305895 1 
0 0 0 0 0 0 0 0 0 0 0 0 0 0 0 0 0 0 0 0 0 0 0 0 0 0 0 0 0 0 0 0 0 0 0 0 0 0 0 0 0 0 0 0 0.068 0 0 0 0 0 0 0 0 0 0 0 0.00129774 0 
0.095 0 0.532213 0 0.114 0 0 0 0.161702 0.0929095 0 0 0 0 0 0 0 0 0.0342034 0.1216 0 0 0 0 0.0247074 0 0 0 0 0 0 0 0 0 0 0 0 0 0 0 0 0 0 0 0 0 0 0 0 0 0 0.181458 0.0178517 0 0.441441 0.882883 0.218576 1 
0 0 0 0 0 0 0 0 0 0 0 0 0 0 0 0 0 0 0 0 0 0 0 0 0 0 0 0 0 0 0 0 0 0 0 0.260369 0 0 0 0 0 0 0 0 0 0.158263 0 0 0 0.0318427 0 0 0 0.251692 0.00125676 0.00825826 0.0124212 0 
0 0 0 0 0.012 0 0 0 0 0 0 0.157393 0 0 0 0.0163265 0.0234375 0.0237154 0.0108011 0 0.015 0 0 0 0 0 0 0.0552995 0.00840336 0.0276498 0 0 0 0 0 0.142857 0 0.0769231 0 0 0 0.0259104 0 0 0.006 0.0518207 0 0 0 0.0854601 0 0 0 0 0.00206607 0.03003 0.0910271 1 
0.255 0 0 0 0 0 0 0 0 0.249389 0 0 0 0 0 0 0 0 0 0 0 0 0 0 0.0663199 0.13264 0 0.470046 0 0 0 0 0 0 0 0.235023 0 0 0 0 0 0 0 0 0 0 0 0 0 0.124327 0 0 0 0 0.00295345 0.00750751 0.0168706 0 
0 0 0 0 0 0 0 0 0 0 0 0 0.473874 0 0 0 0 0 0.236724 0 0.21875 0 0.370213 0 0 0 0 0 0 0 0 0 0 0 0 0 0 0 0 0 0 0 0 0 0 0 0 0 0.0362538 0 0 0.70333 0 0 0.0194114 0.0518018 0.0359659 1 
0 0 0 0 0.101 0 0 0 0 0 0 0 0 0 0 0 0 0 0 0 0 0 0 0 0 0 0 0 0 0 0 0 0 0 0 0 0.732946 0 0 0 0 0 0 0 0 0 0 0 0 0.0206041 0 0 0.0266263 0 0.00858559 0.024024 0.0396737 1 
0 0 0.148459 0 0.053 0 0.0729023 0 0 0.129584 0 0 0 0 0 0 0.103516 0 0.526553 0 0.39875 0 0 0 0 0 0 0 0 0 0 0 0 0 0 0 0 0 0 0 0 0 0 0 0 0 0 0 0 0.0210723 0 0.0649865 0 0 0.00215766 0.0135135 0.0142751 1 
0.03 0.00840336 0.0336134 0 0.012 0.0745342 0 0.11859 0.0510638 0 0.06 0.117647 0 0 0 0 0.046875 0.0237154 0 0.0384 0 0 0 0 0.0318596 0 0 0.0276498 0.00840336 0 0 0 0 0 0 0.225806 0.0348331 0 0.0108011 0 0 0.0343137 0 0 0 0.103641 0 0 0.00427996 0.0208382 0 0 0.00514372 0 0.000605105 0.0127628 0.084353 0 
0 0 0.184874 0 0 0.409938 0 0 0 0 0 0.104928 0 0 0 0 0 0 0.149415 0 0.0825 0 0 0 0 0 0 0 0 0 0 0 0 0 0 0 0 0 0 0 0 0 0 0.0198079 0.0165 0 0 0 0 0 0 0 0 0 0.000213213 0.00225225 0.0101965 0 
0.035 0.012605 0.221289 0 0.004 0.0869565 0.0247593 0.0897436 0.119149 0.205379 0.09 0.073132 0.10991 0.0162162 0.138528 0.121088 0.0722656 0.0909091 0.342034 0.0064 0.23375 0 0.195745 0.0634921 0 0 0 0 0 0 0 0 0 0 0 0 0 0 0 0.0645161 0 0 0 0 0.014 0.00560224 0 0 0 0.0236479 0 0.0939694 0.0329803 0.0381538 0.00714565 0.0863363 0.382091 1 
0 0 0 0 0 0 0 0 0 0 0 0 0 0 0 0 0 0 0 0 0 0 0 0 0 0 0.8 0 0 0 0 0 0 0 0 0 0 0 0 0 0 0 0 0 0 0 0 0 0 0 0 0 0 0 0 0 0.000741565 0 
0 0.0385154 0.154062 0 0.11 0.341615 0.302613 0 0 0.134474 0 0.0874404 0 0 0 0 0 0.108696 0.29793 0 0.1375 0 0 0 0 0 0 0 0 0 0 0 0 0 0 0 0 0 0 0 0 0 0 0 0.0275 0 0 0 0 0.0386326 0 0.0892889 0 0.0504615 0.0236967 0.11036 0.0713756 1 
0 0 0 0 0 0 0 0 0 0 0 0.507154 0 0 0 0 0.207031 0 0 0 0 0 0 0 0 0.137841 0 0 0 0 0 0 0 0 0 0 0 0 0.0954095 0 0 0 0 0 0 0 0 0 0 0.0334816 0 0 0 0 0.00257357 0.00900901 0.0139043 0 
0 0 0.156863 0 0 0 0 0 0 0.273839 0 0 0 0 0 0 0 0 0.152115 0 0.07 0.168666 0 0 0 0 0 0 0 0 0 0 0 0 0 0 0 0 0 0 0 0 0 0 0 0 0 0 0 0.11543 0.120563 0.0709271 0 0.242462 0.00380931 0.0157658 0.0437523 1 
0 0 0 0 0 0 0 0 0 0 0 0 0 0 0 0 0 0 0 0 0 0 0 0 0 0 0.8 0 0 0 0 0 0 0 0 0 0 0 0 0 0 0 0 0 0 0 0 0 0 0 0 0 0 0 0 0 0.000741565 0 
0 0 0.0784314 0 0.028 0 0 0 0 0 0 0.311606 0 0 0 0 0 0 0 0 0 0 0 0 0 0 0 0 0 0 0 0 0 0 0.0645161 0 0.0812772 0 0 0 0 0 0 0 0 0 0 0 0 0.0421447 0 0 0 0 0.000785285 0.00750751 0.0294772 0 
0 0 0 0 0 0 0 0 0 0 0 0.168521 0 0 0 0 0 0 0.0954095 0 0 0 0 0 0.207412 0.137841 0 0 0 0 0 0 0 0 0 0 0.153846 0 0.190819 0 0 0 0 0 0 0 0 0 0 0.0393351 0 0.030243 0 0 0.00112613 0.0045045 0.0114943 0 
0 0 0 0 0.229 0 0 0 0 0 0 0.18124 0 0 0 0.62449 0 0 0.309631 0 0.1425 0 0 0 0 0 0 0 0 0 0 0 0 0 0 0 0 0 0 0 0 0 0 0 0.057 0 0 0 0 0.151253 0 0.349055 0 0 0.0112027 0.0217718 0.0202076 1 
0 0 0 0 0 0 0 0 0 0 0 0 0 0 0 0 0 0 0 0 0 0 0 0 0 0 0 0 0 0 0 0 0 0 0 0 0 0 0 0 0 0 0 0 0 0 0 0 0 0 0 0 0 0 0.000333333 0.000750751 0.00185391 0 
0 0 0 0 0 0 0 0 0 0 0 0.317965 0 0 0 0 0 0 0.090009 0 0.125 0 0 0 0 0 0 0 0 0 0 0 0 0 0 0 0 0 0 0 0 0 0 0 0 0 0 0 0 0.0807773 0 0 0 0 0.001 0.00375375 0.0100111 0 
0 0 0 0 0 0 0 0 0 0.205379 0 0 0 0 0 0 0.164062 0 0.151215 0 0 0 0 0 0 0 0 0 0 0 0 0 0 0 0 0 0.121916 0 0.0756076 0 0 0 0.235294 0 0.042 0.117647 0 0 0 0 0.0838433 0.0743474 0 0.0843077 0.00308108 0.00900901 0.02132 0 
0 0 0 0 0 0 0 0 0.387234 0 0 0 0 0 0 0 0 0 0.0819082 0 0.34375 0 0 0 0 0 0 0 0 0 0 0 0 0 0 0 0 0 0 0 0 0 0 0 0 0 0 0 0 0.0311402 0 0.0957696 0 0 0.00285285 0.0202703 0.0159436 1 
0 0.0469188 0.092437 0 0.033 0.204969 0.045392 0.105769 0 0 0.335 0.158983 0 0 0 0.136054 0.0644531 0.0652174 0.241224 0.4288 0.3775 0 0 0.151927 0 0 0 0 0 0 0 0 0 0 0 0 0 0 0 0 0 0 0 0 0 0 0 0 0 0.0124093 0 0.0288029 0 0.0658462 0.00767417 0.103604 0.0507972 1 
0.245 0.0112045 0.114846 0 0.008 0.149068 0 0.025641 0 0.119804 0.04 0.09062 0.162162 0 0.0692641 0 0 0.0632411 0.221422 0 0.1425 0 0.208511 0.258503 0 0 0 0 0 0 0 0 0 0 0 0 0 0 0 0 0 0 0 0 0 0 0 0 0 0.022243 0 0.135194 0.0771558 0.0584615 0.00474925 0.0623123 0.131813 1 
0 0 0 0 0 0 0 0 0 0 0 0 0 0 0 0 0 0 0 0 0 0 0 0 0 0 0 0 0 0 0 0 0 0 0 0 0 0 0 0 0 0 0 0 0 0 0 0 0.0888721 0.0826504 0 0 0 0 0 0 0.00370782 0 
0 0 0 0 0 0 0 0 0 0 0 0 0 0 0 0 0 0 0 0 0 0 0 0 0.541612 0.540962 0.1664 0.958525 0.291317 0.958525 0.958525 0.958525 0 0.958525 0.958525 0.958525 0 0 0 0.958525 0 0 0 0 0 0 0 0 0 0.275345 0 0 0 0 0.00366967 0.00750751 0.00556174 0 
0 0 0.170868 0 0 0 0 0 0 0 0 0.292528 0 0 0 0 0 0 0 0 0 0 0 0 0 0.0793238 0 0 0 0 0 0 0 0 0 0 0 0 0 0 0 0 0 0 0 0 0.281106 0 0.0198892 0.0369937 0 0 0 0 0.00226426 0.012012 0.0263255 0 
0 0 0 0 0 0 0 0 0 0 0 0 1 0 0 0 0 0 0 0 0 0 0 0 0 0 0 0 0 0 0 0 0 0 0 0 0 0 0 0 0 0 0 0 0 0 0 0 0 0 0 0 0.945537 0 0.00211862 0.00675676 0.00741565 1 
0 0.017507 0.0336134 0 0.037 0 0 0.0384615 0 0.0904645 0.125 0.0588235 0.0216216 0 0 0 0.0234375 0 0.0333033 0 0.015 0 0.0510638 0 0.163199 0 0 0 0 0.0576037 0 0 0.0164159 0 0 0 0.0174165 0 0 0 0 0 0 0 0 0 0 0 0.0040282 0.0117069 0 0.0090009 0 0 0.00212312 0.018018 0.0678532 0 
0 0 0.837535 0.00982916 0.042 0 0.116919 0 0 0 0.21 0.0667727 0 0 0 0.0571429 0 0.252964 0.306931 0 0.2125 0 0 0 0 0 0 0 0 0 0 0 0 0 0 0 0 0 0 0 0 0 0 0 0 0 0 0 0 0.047764 0 0.147435 0 0 0.00576577 0.0307808 0.0671116 1 
0 0 0 0 0 0 0 0 0 0 0 0 0 0 0 0 0 0 0 0 0 0 0 0 0 0 1 0 0 0 0 0 0 0 0 0 0 0 0 0 0 0 0 0 0 0 0 0 0 0 0 0 0 0 0.0020015 0.003003 0.00111235 0 
0 0 0.322129 0 0.038 0.236025 0 0 0 0 0 0.0604134 0 0 0 0.209524 0 0 0.486049 0 0.28875 0 0 0.0861678 0 0 0 0 0 0 0 0 0 0 0 0 0 0 0 0 0 0 0 0 0 0 0 0 0 0.0458909 0 0.0469847 0 0 0.00700601 0.0412913 0.050241 1 
0 0 0.179272 0 0 0 0 0 0 0 0 0 0 0 0 0 0 0 0.289829 0 0 0 0 0 0.0416125 0 0 0 0 0 0 0 0 0 0 0 0.0928882 0 0.0576058 0 0 0 0 0 0.0645 0.361345 0 0 0 0.0814797 0 0.208821 0 0 0.00318468 0.0105105 0.0189099 0 
0 0 0 0 0 0 0 0 0 0 0 0 0 0 0 0 0 0 0 0 0 0 0 0 0 0 0.02 0 0.035014 0 0 0 0 0 0 0 0 0 0 0 0 0 0 0 0 0 0 0 0 0.117303 0.102203 0 0 0.0510769 0.00447898 0.0202703 0.0441231 0 
0 1 0 0 0 0 0 0 0 0 0 0 0 0 0 0 0 0 0 0 0 0 0 0 0 0 0 0 0 0 0 0 0 0 0 0 0 0 0 0 0 0 0 0 0 0 0 0 0 0 0 0 0 0 0.0012012 0.003003 0.00148313 0 
0 0 0 0 0.065 0 0.0894085 0 0 0 0 0 0 0 0 0.0884354 0 0 0.529253 0 0.08125 0 0 0 0 0 0 0 0 0 0 0 0 0 0 0 0 0 0 0 0 0 0 0 0.0325 0 0 0 0 0 0 0.317732 0 0 0.00304054 0.015015 0.0216908 1 
0 0.0189076 0.229692 0 0.137 0 0.112792 0 0 0.200489 0 0.130366 0 0 0 0.111565 0.0527344 0 0.247525 0 0.1375 0 0.348936 0.0612245 0 0 0 0 0 0 0 0 0.0369357 0 0 0 0 0 0 0 0 0 0 0 0 0 0 0 0 0.0550222 0 0.0423042 0.0568835 0 0.00693994 0.0923423 0.0550612 1 
0 0 0.173669 0 0 0 0 0 0 0 0 0.0492846 0 0 0 0 0 0 0.306931 0 0 0 0 0 0.020156 0 0 0 0 0 0 0 0 0 0 0.0714286 0 0 0 0 0.0868347 0 0 0 0.062 0 0 0 0 0.0262234 0 0.0405041 0 0 0.0013003 0.00225225 0.00500556 0 
0 0 0 0 0 0 0 0 0 0 0 0 0 0 0 0 0 0 0 0 0 0 0 0 0 0 0 0 0 0 0 0 0 0 0 0 0 0 0 0 1 0 0 0 0 1 0 0 0 0 0 0 0 0 0.00675676 0.00675676 0.00185391 0 
0 0.0378151 0 0 0 0 0.148556 0 0 0.132029 0.27 0.0858506 0 0 0 0.295238 0 0.106719 0.293429 0 0.135 0 0 0 0 0 0 0 0 0 0 0 0 0 0 0 0 0 0 0 0 0 0 0 0.027 0 0 0 0 0 0 0.060126 0 0 0.000487988 0.003003 0.00964034 1 
0.1 0 0.112045 0 0 0 0 0 0 0 0 0 0.0720721 0 0 0 0 0 0.144914 0 0 0 0 0 0 0 0 0 0.0280112 0 0 0 0 0 0 0 0 0 0 0 0 0 0 0 0 0 0 0 0 0 0 0 0 0 0.000222222 0.0015015 0.00556174 0 
0 0.0210084 0.210084 0 0.03 0 0.0206327 0 0 0.110024 0.075 0 0.027027 0 0.0649351 0.0204082 0 0.148221 0.0135014 0.024 0.075 0 0 0 0 0 0 0.0345622 0 0 0 0 0.0205198 0 0 0 0 0 0 0 0 0 0 0 0 0 0 0 0 0.00468274 0 0.0633663 0.00605144 0.0252308 0.00741441 0.111111 0.195773 1 
0 0.092437 0.156863 0 0 0.583851 0 0.0576923 0.157447 0.183374 0 0.329094 0 0 0 0 0.0722656 0 0.220522 0 0.1175 0 0 0.0408163 0 0 0.0072 0 0 0 0 0 0 0 0 0 0 0 0 0 0 0 0 0 0 0 0 0 0 0.018731 0 0.0435644 0.0323752 0 0.00243694 0.0255255 0.0450501 1 
0 0 0.35014 0 0.25 0 0 0 0 0 0 0 0.111712 0 0 0 0 0 0.0558056 0 0 0 0 0 0 0 0 0 0 0 0 0 0 0 0 0 0 0 0 0 0.0868347 0 0 0.07503 0.031 0.0868347 0 0 0 0.0259892 0 0 0 0 0.000427928 0.00225225 0.00482017 0 
0 0 0 0 0 0 0 0 0 0 0 0 0 0 0 0 0 0 0 0 0 0 0 0 0 0 0 0 0 0 0 0 0 0 0.0184332 0 0 0 0 0 0 0 0 0 0.004 0 0 0 0 0.529852 0 0 0 0 0.00322673 0.00600601 0.242677 0 
0 0 0 0 0.129 0.267081 0.0591472 0 0 0 0 0 0.0774775 0 0 0.0585034 0.0839844 0.0849802 0.154815 0 0.1075 0 0 0 0 0 0 0 0 0 0 0 0 0 0 0 0 0 0 0 0 0 0 0 0 0 0 0 0 0.0302037 0 0.0232223 0 0 0.00720721 0.0337838 0.02132 1 
0 0 0.333333 0 0 0 0 0.189103 0 0 0 0 0 0 0.515152 0 0 0 0.267327 0 0.14875 0 0 0 0.115735 0.154746 0.0952 0.135945 0.0413165 0.135945 0.135945 0.135945 0 0.135945 0.135945 0.135945 0 0 0.0531053 0.135945 0 0 0.165266 0 0.0595 0 0 0 0 0.046125 0.0599755 0 0 0 0.00180631 0.00825826 0.0218762 0 
0 0 0 0 0 0 0 0 0 0 0 0 0 0 0 0 0 0 0 0 0 0 0 0 0 0 0.8 0 0 0 0 0 0 0 0 0 0 0 0 0 0 0 0 0 0 0 0 0 0 0 0 0 0 0 0 0 0.000556174 0 
0 0 0 0 0 0 0 0 0 0 0 0 0 0 0 0 0 0 0 0 0 0 0 0 0 0 0 0 0 0 0 0 0 0 0 0 0 0 0 0 0 0 0 0 0 0 0 0 0 0 0 0 0 0 8.25826e-05 0.0015015 0.00685947 1 
0 0 0.134454 0 0.144 0 0.0660248 0 0 0 0 0.152623 0 0 0 0.0653061 0.1875 0 0.216922 0 0.30125 0 0.204255 0 0 0 0 0 0 0 0 0 0 0 0 0 0 0 0 0 0 0 0 0 0.024 0 0 0 0 0.0189651 0 0.0874887 0.073525 0 0.0062012 0.0578078 0.0435669 1 
0 0 0 0 0 0 0 0 0 0.141809 0 0 0 0 0 0 0 0 0.0522052 0 0 0 0 0 0 0 0 0 0 0 0 0 0 0 0 0 0 0 0 0 0 0 0 0 0 0.0812325 0 0 0 0.0194334 0 0 0 0 0.00765165 0.015015 0.0348535 0 
0.1075 0 0 0 0.087 0.540373 0 0 0 0.105134 0 0.346582 0 0 0 0 0.339844 0 0.0783078 0 0.10875 0 0 0.0975057 0 0 0 0 0 0 0 0 0 0 0 0.0990783 0 0 0 0 0 0 0 0 0 0 0 0 0 0 0 0.150315 0 0 0.00617718 0.0795796 0.0329996 1 
0 0 0 0 0.087 0 0.11967 0 0 0 0 0 0 0 0 0.357823 0 0.171937 0.236724 0 0 0 0 0 0 0 0 0 0 0 0 0 0 0 0 0 0 0 0 0 0 0 0 0 0 0 0 0 0 0 0 0.143654 0.0481089 0 0.0262072 0.101351 0.037449 0 
0 0 0 0 0 0 0 0 0 0 0 0 0 0 0 0 0 0 0 0 0 0 0 0 0 0 0.8 0 0 0 0 0 0 0 0 0 0 0 0 0 0 0 0 0 0 0 0 0 0 0 0 0 0 0 0 0 0.000741565 0 
0 0.0385154 0.154062 0 0.223 0 0.0756534 0 0 0 0 0.0874404 0.0990991 0 0 0.0748299 0.544922 0 0.351935 0 0.20875 0 0 0 0 0 0 0 0 0 0 0 0 0 0 0 0 0 0 0 0 0 0 0 0 0 0 0 0 0.0606415 0 0.217462 0.104387 0 0.00564715 0.104354 0.0368928 1 
0.065 0 0.145658 0 0.052 0 0 0 0 0.0635697 0 0.0413355 0 0 0 0 0 0.0513834 0.117912 0 0.0325 0 0 0 0 0 0 0 0 0 0 0 0 0 0 0 0 0 0 0 0 0 0 0.0156062 0.026 0.0364146 0 0 0.0118328 0.0110044 0 0.00846085 0 0 0.000121622 0.0015015 0.00964034 0 
0 0 0 0 0 0 0 0 0 0 0 0 0 0 0 0 0 0 0 0 0 0 0 0 0 0 1 0 0 0 0 0 0 0 0 0 0 0 0 0 0 0 0 0 0 0 0 0 0 0 0 0 0 0 0.000375375 0.000750751 0.000741565 0 
0 0 0 0 0 0 0 0 0 0 0 0 0 0 0 0 0 0 0 0 0 0 0 0 0 0 1 0 0 0 0 0 0 0 0 0 0 0 0 0 0 0 0 0 0 0 0 0 0 0 0 0 0 0 0.0020015 0.003003 0.00111235 0 
0 0.333333 0 0 0 0 0 0 0 0.290954 0 0 0 0 0 0 0 0.470356 0 0 0 0 0 0 0 0 0 0 0 0 0 0 0 0 0 0 0 0 0 0 0 0 0 0 0 0 0 0 0 0 0 0 0 0 0.00634384 0.0277778 0.029848 1 
0 0 0 0 0 0 0 0 0 0.264059 0 0 0 0 0 0.443537 0 0 0.488749 0 0 0 0 0 0 0 0 0 0 0 0 0 0 0 0 0 0 0 0 0 0 0 0 0 0 0 0 0 0 0 0 0.387399 0 0 0.00632132 0.0262763 0.0181683 1 
0 0 0 0 0 0 0 0 0 0 0 0 0 0 0 0 0 0 0 0 0 0 0 0 0 0 0.8 0 0 0 0 0 0 0 0 0 0 0 0 0 0 0 0 0 0 0 0 0 0 0 0 0 0 0 0 0 0.000741565 0 
0 0 0 0 0 0 0 0.179487 0 0 0 0 0 0 0 0 0 0 0.10081 0 0 0 0 0 0 0 0 0 0 0 0 0 0 0 0 0 0 0 0.10081 0 0 0 0 0 0.056 0.0784314 0 0 0 0.0423788 0.0550796 0.0325833 0 0 0.00525526 0.0247748 0.0281795 0 
0 0.0070028 0 0 0.01 0.130435 0 0.0320513 0 0 0 0.189189 0 0 0 0 0 0 0.0090009 0 0 0 0 0 0.056567 0 0 0 0 0.0230415 0 0 0.0136799 0 0 0.0990783 0 0 0 0 0 0 0 0.0060024 0 0 0 0 0 0.0110044 0 0 0.00937973 0 0.00119069 0.00825826 0.0723026 0 
0 0 0 0 0.054 0.167702 0 0.519231 0 0.396088 0 0 0 0 0.233766 0 0 0.0533597 0.194419 0 0.3375 0 0 0 0 0 0 0 0 0 0 0 0 0 0 0.31106 0 0 0 0.373272 0 0 0 0 0 0 0 0 0 0.00889721 0.0232558 0.0833483 0 0 0.0104219 0.048048 0.074898 1 
0 0 0 0 0 0 0 0 0 0 0 0 0 0 0 0 0 0 0.272727 0 0 0 0 0 0 0 0.1212 0 0 0 0 0 0 0 0 0 0 0 0 0 0 0 0 0 0.1515 0 0 0 0 0 0 0 0 0 0.000408408 0.00225225 0.00241009 0 
0 0 0 0 0 0 0 0 0 0 0 0 0 0 0 0 0 0 0.360036 0 0 0 0 0 0 0 0 0 0 0 0 0 0 0 0 0 0 0 0 0 0 0 0 0 0 0 0 0 0 0 0 0.131233 0 0 0.00131381 0.00225225 0.00259548 0 
0 0 0 0 0 0 0 0 0 0 0 0 0.52973 0.52973 0 0 0 0 0 0 0 0 0 0 0 0 0 0 0 0 0 0 0 0 0 0 0 0 0 0 0 0 0 0 0 0 0 0 0 0 0 0 0 0 0.000900901 0.003003 0.00278087 0 
0 0 0.165266 0 0 0 0 0.189103 0 0 0 0.475358 0 0 0 0 0 0 0.107111 0 0 0 0 0 0.0773732 0.076723 0 0 0 0 0.135945 0 0 0 0 0 0 0 0 0 0 0 0 0 0 0 0 0 0 0.0915476 0 0 0 0 0.00125526 0.0045045 0.0164998 0 
0 0 0 0 0.128 0 0.352132 0.410256 0.544681 0.312958 0.64 0.203498 0 0 0 0 1 0 0.230423 0.2048 0.64 0 0 0 0 0 0 0 0 0 0 0 0 0 0 0 0 0 0 0 0 0 0 0 0 0 0 0 0 0 0 0.0975698 0 0 0.152652 0.227477 0.0569151 1 
0 0 0 0 0 0 0 0 0 0 0 0 0 0 0 0.219048 0 0 0 0 0 0.12069 0 0 0 0 0 0 0 0 0 0 0 0 0 0 0 0 0 0 0 0 0 0 0 0 0 0 0.179758 0 0 0.0428443 0 0 0.0050045 0.00750751 0.0190953 1 
0.06 0 0.0672269 0 0 0.298137 0.0330124 0 0 0.117359 0.12 0.114467 0.216216 0 0 0.228571 0.140625 0 0.172817 0 0.21 0 0.102128 0 0 0 0 0 0 0 0 0 0 0 0 0 0 0 0 0 0 0 0 0 0 0 0 0 0 0 0 0.121872 0.25053 0.0923077 0.0050045 0.0382883 0.0793474 1 
0 0 0 0 0 0 0 0 0 0 0 0.114467 0 0 0 0 0 0 0 0 0 0 0 0 0 0 0 0.110599 0 0 0 0 0 0 0 0.0552995 0 0 0.0432043 0 0 0 0 0 0 0 0 0 0 0.0435495 0 0 0 0 0.00273724 0.0277778 0.0443085 1 
0.225 0 0.252101 0 0 0 0 0 0 0 0 0 0 0 0 0 0 0.177866 0.324032 0 0 0 0 0 0 0 0 0 0 0 0 0 0 0 0 0 0 0.576923 0 0 0 0 0 0.108043 0.045 0 0 0 0 0 0 0 0 0 0.00109159 0.003003 0.00333704 0 
0 0 0 0 0 0 0 0.346154 0 0 0 0 0 0.194595 0 0 0 0 0 0 0 0 0.459574 0 0 0 0 0 0 0 0 0 0 0 0 0 0 0 0 0 0 0 0 0 0.054 0 0 0 0 0.0447202 0 0.0343834 0.115885 0 0.00442943 0.0165165 0.0144605 1 
0 0 0 0 0 0 0 0 0 0 0 0 0 0 0 0 0 0 0 0 0 0 0 0 0 0 0 0 0 0 0 0 0 0 0 0 0 0 0 0 0 0 0 0 0 0 0 0 0 0 0 0 0 0 0 0 0.000370782 0 
0 0 0 0 0.104 0.645963 0 0 0 0 0 0 0 0 0 0.85034 0 0 0.374437 0 0 0 0 0 0 0 0 0 0 0 0 0 0 0 0 0 0 0 0 0 0 0 0 0 0 0 0 0 0 0 0 1 0 0 0.00341592 0.00975976 0.0174268 1 
0 0 0 0 0 0 0 0 0 0 0 0 0 0 0 0 0 0 0 0 0 0 0 0 0 0 0 0 0 0 0 0 0 0 0 0 0.483309 0 0 0 0 0 0 0 0 0 0 0 0.0767875 0.143058 0 0.275248 0 0 0.00675676 0.0157658 0.0120504 1 
0 0 0 0 0.063 0 0.042641 0.201923 0.131915 0.154034 0.155 0.0492846 0.0558559 0 0 0.0421769 0 0 0.286229 0 0.03875 0 0 0 0 0 0 0 0 0 0 0 0 0 0 0 0 0 0 0 0 0 0 0 0 0 0 0 0 0.0320768 0 0.0246625 0 0 0.00380931 0.0292793 0.0352243 1 
0 0 0 0 0 0 0 0 0 0.195599 0 0.170111 0 0 0 0.0353741 0 0 0.0963096 0 0.235 0 0 0 0.139792 0.209363 0.0428 0.0599078 0.0182073 0.0599078 0.0599078 0.0599078 0 0.0599078 0.0599078 0.0599078 0.0769231 0 0 0.0599078 0 0 0.148459 0.0318127 0.0265 0 0 0 0.0438066 0.102318 0 0.00774077 0 0 0.00282132 0.0135135 0.0483871 0 
0.1375 0 0 0 0 0 0 0 0 0.134474 0 0 0 0 0 0 0 0 0 0 0 0 0 0 0.0721717 0.0715215 0.0664 0.126728 0.0385154 0.126728 0.126728 0.126728 0 0.126728 0.126728 0.126728 0.0798258 0 0.049505 0.126728 0 0 0.154062 0 0.0275 0 0 0 0 0.0859284 0.0556916 0 0 0 0.00167718 0.00825826 0.0198369 0 
0.315 0 0 0 0 0 0 0 0 0.308068 0 0.200318 0 0 0 0 0 0.249012 0.227723 0 0 0 0 0 0 0 0 0.582949 0 0 0 0 0 0 0 0 0 0 0 0 0.176471 0 0 0 0.063 0.354342 0 0 0 0 0 0 0 0 0.00276577 0.00750751 0.00982573 0 
0.31 0 0 0 0 0 0 0 0 0.151589 0 0.197138 0 0 0 0.0843537 0 0 0.167417 0 0.3875 0 0 0 0 0 0 0 0 0 0 0 0 0 0 0 0 0 0 0 0 0 0 0 0.062 0 0 0 0 0.0234137 0 0.19892 0.0608169 0 0.0178739 0.115616 0.0500556 1 
0 0 0.221289 0 0.026 0 0.0357634 0.0833333 0 0 0 0.208267 0 0 0 0 0 0.0513834 0.142214 0 0.065 0 0 0 0 0 0 0 0 0 0 0 0 0 0 0.119816 0.0377358 0 0 0.0599078 0 0 0 0 0 0 0 0.242991 0.00956697 0.00889721 0 0.0138614 0 0 0.0012012 0.021021 0.0315165 1 
0 0 0.215686 0 0.038 0.236025 0.0522696 0 0 0.188264 0.19 0.0604134 0 0 0 0.104762 0.150391 0.152174 0.207921 0 0.14375 0 0 0.0861678 0 0 0 0 0 0 0 0 0 0 0 0 0 0 0 0 0 0 0 0 0 0 0 0 0.015861 0.0297354 0.156059 0.0918092 0 0 0.00403153 0.0457958 0.0476455 1 
0.3675 0 0 0 0 0 0 0 0 0.359413 0 0 0.264865 0 0 1 0 0 0.264626 0 0.18375 0 0 1 0 0 0 0 0 0 0 0 0 0 0 0 0 0 0 0 0 0 0 0 0 0 0 0 0 0 0 0.228983 0.0768533 0 0.00759009 0.0465465 0.0200222 1 
0 0 0.815126 0 0 0 0 0 0 0 0 0 0 0 0 0 0 0 0.174617 0 0 0 0 0 0 0 0 0 0 0 0 0 0 0 0 0 0 0 0 0 0 0 0 0 0 0 0 0 0 0.0910794 0 0.070027 0 0 0.00039039 0.0015015 0.00519095 0 
0 0.0560224 0 0 0 0 0 0 0 0.391198 0 0 0 0 0 0.326531 0 0 0.50405 0 0.2 0 0 0 0 0 0 0 0 0 0 0 0 0 0 0 0 0 0 0 0 0 0 0 0 0 0 0 0 0 0 0.0423042 0 0 0.000570571 0.00225225 0.00519095 0 
0 0 0 0 0 0 0 0 0 0 0 0 0 0 0 0 0 0 0 0 0 0 0 0 0 0 0.8 0 0 0 0 0 0 0 0 0 0 0 0 0 0 0 0 0 0 0 0 0 0 0 0 0 0 0 0 0 0.000741565 0 
0 0 0.0392157 0 0.029 0 0 0 0 0 0 0.141494 0 0 0 0.0190476 0 0 0 0 0 0 0.0595745 0 0 0 0 0 0 0 0 0 0.0601915 0 0 0.0668203 0 0 0 0 0 0 0 0 0 0 0 0 0.00553877 0.0156872 0 0 0.00665658 0 0.00184234 0.00750751 0.0543196 1 
0 0 0 0 0 0 0 0 0 0 0 0 0 0 0 0 0 0 0 0 0 0 0 0 0 0 0 0 0 0 0 0 0 0 0 0 0 0 0 0 0 0 0 0 0.125 0 0 0 0 0 0 0 0 0 0.0005 0.0015015 0.0020393 0 
0.19 0 0.212885 0 0 0.236025 0 0 0 0 0 0.18283 0.0684685 0 0 0 0 0 0.207021 0 0 0 0 0 0 0 0 0 0 0 0 0 0 0 0 0 0 0 0.0342034 0 0.376751 0 0 0 0.019 0.0532213 0 0 0 0.0421447 0 0.0972097 0 0 0.00192943 0.0105105 0.0265109 0 
0 0 0 0 0 0 0 0 0 0.246944 0 0 0 0 0 0 0.197266 0 0 0 0 0 0 0 0.131339 0.131339 0.0808 0.232719 0.0707283 0.232719 0.232719 0.232719 0 0.232719 0.232719 0.232719 0.146589 0 0.0909091 0.232719 0 0 0.282913 0.242497 0.0505 0 0 0 0 0.190588 0 0.0291629 0 0 0.00168919 0.00825826 0.0124212 0 
0.1175 0.0217087 0.131653 0 0.005 0.0807453 0.00687758 0.0833333 0.178723 0.185819 0.13 0.154213 0.102703 0.221622 0 0.0136054 0.0917969 0 0.290729 0 0.18625 0 0.421277 0.0770975 0 0 0 0 0 0 0 0 0 0 0 0 0 0 0 0 0 0 0 0 0.001 0 0 0 0 0.0156872 0 0.0590459 0.259607 0.0966154 0.0073994 0.148649 0.585651 1 
0 0 0 0 0 0 0 0 0 0 0 0 0 0 0 0 0 0 0 0 0 0 0 0 0 0 0 0 0 0 0 0 0 0 0 0 0 0 0 0 0 0 0 0 0 0 0 0 0 0 0 0 0 0 0.000345345 0.00225225 0.00278087 0 
0 0 0 0 0 0 0 0 0 0.202934 0 0 0 0 0 0 0 0 0 0 0 0 0 0 0 0 0.0332 0 0 0 0 0 0.113543 0 0 0 0 0 0 0 0 0 0 0 0.0415 0 0 0 0 0.030672 0.160343 0 0 0 0.0046967 0.0202703 0.0296626 0 
0 0 0.392157 0 0.046 0 0.0632737 0.448718 0 0.112469 0 0 0 0 0 0 0 0 0.252025 0 0.2325 0 0 0 0 0 0 0 0 0 0 0 0 0 0 0 0 0 0 0.214286 0 0 0 0 0 0 0 0 0 0.0287989 0 0.0666067 0 0 0.00771321 0.0397898 0.057842 1 
0 0 0 0 0 0 0 0 0 0 0 0.136725 0 0 0 0 0 0 0 0 0 0 0 0 0 0 0 0 0 0 0 0 0 0 0 0 0.124819 0 0 0 0 0 0 0 0 0 0 0 0 0 0 0 0 0 0.000888889 0.00525526 0.00778643 0 
0 0 0.29972 0 0.053 0 0 0 0 0 0 0 0 0 0 0 0 0 0.289829 0.0848 0.13375 0.604198 0 0 0 0 0 0 0 0 0 0 0 0 0 0 0 0 0 0 0 0 0 0 0 0 0 0 0 0 0 0.0477048 0.0266263 0.708308 0.0151141 0.0495495 0.0613645 1 
0.01 0.00560224 0.0672269 0 0.004 0.0993789 0 0.0128205 0.0680851 0.127139 0.04 0.165342 0 0 0 0.0326531 0.0078125 0 0.0612061 0 0.11 0 0.0170213 0 0.114434 0.0780234 0 0.0368664 0 0 0.0368664 0 0 0 0.0829493 0 0.0348331 0.025641 0 0 0 0.00280112 0 0 0.002 0 0 0 0.00730111 0.0332475 0 0.0127813 0.0214826 0.00676923 0.00147598 0.0165165 0.252132 0 
0 0.087535 0 0 0 0 0 0 0.26383 0.305623 0 0 0 0 0 0 0 0 0.168317 0 0.15625 0 0 0 0.121586 0.243173 0.05 0.430876 0.0434174 0.430876 0.142857 0.142857 0 0.142857 0.430876 0.142857 0.271408 0 0.0558056 0.142857 0 0 0.173669 0 0.0935 0 0 0 0 0.111215 0.348837 0 0 0 0.00185886 0.00825826 0.0259548 0 
0 0 0 0 0 0 0 0 0 0 0 0 0 0 0 0.144218 0 0 0.0954095 0 0 0 0 0 0 0 0 0 0 0 0 0 0 0 0 0 0 0 0 0 0 0 0 0 0.106 0.148459 0 0 0 0.0327792 0 0 0 0 0.00243994 0.0345345 0.0153875 0 
0 0 0 0 0 0 0 0 0 0 0 0 0 0 0 0 0 0 0 0 0 0 0 0 0 0 0 0 0 0 0 0 1 0 0 0 0 0 0.877588 0 0 0 0 0 0 0 0 0 0 0 0 0 0 0 0.00281532 0.00825826 0.0083426 0 
0.0475 0.0133053 0.0812325 0 0.107 0.118012 0.0261348 0.310897 0.370213 0.141809 0.045 0.170111 0.0342342 0.156757 0.038961 0 0 0.231225 0.333933 0.1088 0.21875 0 0.0382979 0.0657596 0 0 0 0 0 0 0 0 0 0 0 0 0 0 0.00810081 0.0207373 0 0 0 0 0 0 0 0 0 0 0.118727 0.0727273 0.0677761 0.0178462 0.00493243 0.036036 0.161105 1 
0 0 0.0644258 0 0.023 0 0 0 0.0978723 0 0 0 0 0.257658 0 0 0.0449219 0 0.0207021 0 0.2675 0 0 0 0.0149545 0 0 0 0 0 0 0 0 0 0 0 0.0333817 0 0 0 0 0.133053 0 0 0 0 0 0 0.0294562 0.0550222 0 0.0210621 0 0.100923 0.00242643 0.119369 0.126437 0 
0 0 0 0 0 0 0 0 0 0 0 0 0 0 0 0 0 0 0 0 0 0 0 0 0 0 0 0 0 0 0 0 0 0 0 0 0 0 0 0 0 0 0 0 0 0 0 0 0 0.129244 0 0 0 0 0 0 0.000556174 0 
0 0 0 0 0 0 1 0 0 0 0 0 0 0 0 0 0 0 0 0 0 0 0 0 0 0 0 0 0 0 0 0 0 0 0 0 0 0 0 0 0 0 0 0 0 0 0 0 0 0 0 0.0534653 0 0 0.0015015 0.00525526 0.00945495 1 
0 0 0.0784314 0 0 0 0 0 0 0 0 0 0 0 0 0 0 0 0.126013 0 0.07 0 0 0 0.219116 0.182055 0.0112 0.0645161 0.0196078 0.0645161 0.0645161 0.0645161 0 0.0645161 0.0645161 0.0645161 0.0812772 0 0 0.0645161 0 0.0196078 0.156863 0 0.014 0 0 0 0 0.0327792 0.0569155 0 0 0 0.0021982 0.0105105 0.0381906 0 
0.135 0 0.302521 0 0.054 0 0.148556 0 0 0 0 0.0858506 0 0 0 0.0734694 0.105469 0 0.388839 0 0.135 0 0.689362 0 0 0 0 0 0 0 0 0 0 0 0 0 0 0 0 0 0 0 0 0 0.027 0 0 0 0 0 0 0.219262 0.0789713 0 0.00649099 0.0503003 0.0333704 1 
0 0 0 0 0 0 0 0 0 0 0 0 0 0 0 0 0 0 0 0 0 0 0 0 0 0 0.8 0 0 0 0 0 0 0 0 0 0 0 0 0 0 0 0 0 0 0 0 0 0 0 0 0 0 0 0 0 0.000741565 0 
0 0 0.131653 0 0.143 0 0 0 0 0 0 0.151033 0 0 0 0.0639456 0.185547 0 0.30063 0 0.23875 0 0.2 0 0 0 0 0 0 0 0 0 0 0 0 0 0 0 0 0 0 0 0 0 0.0715 0 0 0 0 0.0177944 0 0.0964896 0.092587 0 0.00548498 0.0578078 0.0446793 1 
0 0 0 0 0.049 0 0.134801 0 0.208511 0 0 0 0 0 0 0 0 0 0.132313 0 0.3075 0 0.208511 0 0 0 0 0 0 0 0 0 0 0 0 0 0 0 0 0 0 0 0.137255 0 0 0 0 0 0 0.109108 0 0 0 0 0.00206156 0.00825826 0.0363367 1 
0.0425 0 0.047619 0 0.152 0.217391 0.00687758 0.0160256 0.0212766 0.0122249 0.025 0.0826709 0.0522523 0.00900901 0 0 0.125 0.00988142 0.378938 0.0368 0.13875 0 0.344681 0.0113379 0 0 0 0 0 0 0 0 0 0 0 0 0 0 0 0 0 0 0.0140056 0 0 0 0 0 0.00251762 0.0121751 0 0.00180018 0.0505295 0 0.00125826 0.00900901 0.0863923 1 
0 0 0 0 0.059 0 0 0 0 0 0 0.0937997 0 0 0 0 0 0 0 0 0 0 0 0 0.116385 0.193758 0 0.135945 0 0.205069 0 0 0 0 0.0668203 0 0 0 0 0 0 0 0 0.017407 0 0 0 0 0 0.0330133 0 0 0 0 0.00130631 0.0172673 0.0320727 0 
0.18 0 0 0 0 0 0 0 0 0 0 0.230525 0 0 0 0 0 0 0.0648065 0 0 0 0 0 0 0 0 0 0 0 0 0 0 0 0 0 0 0 0 0 0 0 0 0 0 0 0 0.672897 0 0 0 0 0 0 0.000611111 0.00375375 0.00685947 0 
0 0 0.148459 0 0 0.329193 0 0 0 0.129584 0 0 0.0954955 0 0 0 0 0 0.193519 0 0.06625 0 0 0 0 0 0 0 0 0 0 0 0 0 0 0 0 0 0 0 0 0 0 0 0.0535 0 0 0 0 0.0236479 0 0 0 0 0.00128679 0.0112613 0.00945495 0 
0 0 0 0 0 0 0 0.570513 0 0 0 0 0 0.320721 0 0 0 0 0 0 0 0 0 0 0 0 0 0 0 0 0 0 0 0 0 0 0 0 0 0 0 0 1 0 0 0 0 0 0 0 0 0 0 0 0.000666667 0.003003 0.00222469 0 
0 0 0 0 0 0 0 0 0 0 0 0.160572 0 0 0 0 0 0 0 0 0.12625 0 0 0 0.0656697 0 0 0 0 0 0 0 0 0 0.465438 0.232719 0 0 0.0909091 0 0 0 0 0 0 0 0 0 0 0 0 0 0 0 0.00316517 0.018018 0.0211346 0 
0.165 0 0 0 0 0 0 0 0.280851 0.161369 0 0.317965 0 0 0 0 0 0 0.180018 0 0.16625 0 0 0 0.0429129 0.0858257 0 0.306452 0 0 0 0 0 0 0 0 0 0 0.0594059 0 0 0 0 0 0 0 0 0 0 0.081948 0 0 0 0 0.0022958 0.00750751 0.0157582 0 
0 0 0 0 0 0 0 0 0 0 0 0.176471 0 0 0 0 0 0 0 0 0 0 0 0 0.288687 0.215865 0 0.25576 0 0 0 0 0 0 0.25576 0 0.0798258 0 0 0 0 0 0 0.0330132 0 0 0 0 0 0 0 0 0 0 0.00152853 0.00825826 0.0196515 0 
0 0 0.0812325 0 0 0 0 0 0 0 0 0 0 0 0 0 0 0 0 0 0 0 0 0 0 0 0 0 0 0 0 0 0 0 0 0 0 0.185897 0 0 0 0 0 0 0.0145 0 0 0 0.0251762 0.0826504 0.0305998 0 0 0 0.000340841 0.00225225 0.00482017 0 
0 0 0 0 0 0 0 0 0 0 0 0 0 0 0 0 0 0 0 0 0 0 0 0 0 0 0 0 0 0 0 0 0 0 0 0 0 0 0 0 0 0 0 0 0 0 0 0 0 0 0 0 0 0 0 0 0.000556174 0 
0 0 0 0 0 0 0 0 0 0 0 0 0 0 0 0 0 0 0.153015 0 0.10625 0 0 0 0.0552666 0 0 0 0 0 0 0 0.116279 0 0 0 0 0 0 0 0 0.0595238 0 0.0510204 0 0 0 0 0 0 0.0844553 0 0 0 0.000342342 0.00225225 0.00778643 0 
0 0 0 0 0 0 0 0 0 0.332518 0 0 0 0 0.588745 0 0 0 0 0 0 0 0 0 0.0884265 0.176853 0 0 0 0 0 0 0.186047 0 0 0 0.197388 0 0 0 0 0 0.380952 0 0 0 0 0 0 0.0945914 0.123623 0 0 0 0.0038033 0.012012 0.00964034 0 
0 0 0 0 0 0 0 0 0 0 0 0 0 0 0 0 0 0 0.0918092 0 0.1275 0 0 0 0 0 0 0 0 0 0 0 0 0 0 0 0 0.653846 0 0 0 0.0714286 0 0 0 0 0 0 0 0 0 0 0.0429652 0 0.00128679 0.00675676 0.011865 0 
0 0 0 0 0 0 0 0 0 0.872861 0 0.282989 0 0 0 0 0 0 0.160216 0 0 0 0 0 0 0 0 0 0 0 0 0 0 0 0 0 0 0 0 0 0 0 0 0 0 0 0 0 0.0634441 0 0 0.136274 0 0 0.00474024 0.00900901 0.0144605 1 
0 0 0 0 0 0 0 0 0 0 0 0 0 0 0 0.277551 0 0 0.0918092 0.1632 0 0 0 0 0 0 0 0 0 0 0 0 0 0 0 0 0 0 0 0 0 0 0 0 0 0 0 0 0 0.0407399 0 0.0313231 0 0 0.00118168 0.0045045 0.0107527 1 
0 0 0 0 0 0 0 0 0 0.171149 0 0 0 0 0 0 0 0 0 0 0 0 0 0 0 0 0.028 0 0 0 0 0 0 0 0 0 0 0 0 0 0 0 0 0 0 0 0 0 0 0.0531491 0.138923 0 0 0 0.00456907 0.0202703 0.0342974 0 
0 0 0 0 0 0 0 0 0 0 0 0 0 0 0 0 0 0 0 0 0 0 0 0 0 0 0.0848 0 0 0 0 0 0 0 0 0 0 0 0 0 0 0 0 0 0 0 0 0 0 0.172091 0 0 0 0 0.003003 0.0045045 0.00871339 0 
0 0 0 0 0 0 0 0 0 0 0 0 0 0 0 0 0 0 0 0 0 0 0 0 0.604681 0 0 0 0 0 0 0 0 0 0 0 0 0 0 0 0 0 0 0 0 0 0 0 0 0 0 0 0 0 0.00333634 0.00600601 0.00519095 0 
0 0 0 0 0.054 0.335404 0 0 0 0 0 0.173291 0 0 0 0 0 0 0.146715 0 0.0675 0 0 0 0 0 0 0 0 0 0 0 0 0 0 0 0 0 0 0 0 0.0378151 0 0 0 0 0 0 0.0752769 0.0465933 0 0 0 0 0 0 0.00241009 0 
0.0425 0 0.022409 0 0.042 0.0496894 0.0110041 0.134615 0.0340426 0.0195599 0 0.0953895 0.0306306 0.0306306 0 0 0.0332031 0.0158103 0.108011 0 0.39625 0 0.144681 0.0181406 0 0 0 0 0 0 0 0 0 0 0 0 0 0 0 0 0 0 0 0 0 0 0 0 0 0.0189651 0.0165239 0.0171017 0.00393343 0 0.00460961 0.0352853 0.106229 1 
0 0 0 0 0.086 0 0.118294 0 0 0 0 0 0 0 0.372294 0 0 0.339921 0.0774077 0 0 0 0 0 0 0 0 0 0 0 0 0 0 0 0 0.198157 0 0 0 0 0 0 0 0 0.043 0 0 0 0 0.0636853 0 0 0.0411498 0 0.00531682 0.0225225 0.0200222 1 
0.085 0.0182073 0.0728291 0 0.008 0.267081 0.0110041 0.0833333 0.0340426 0.359413 0.17 0.0826709 0.171171 0 0.0735931 0.0108844 0 0 0.272727 0 0.0975 0 0.144681 0.0770975 0 0 0 0 0 0 0 0 0 0 0 0 0 0 0 0 0 0 0 0 0.0085 0 0 0 0 0.0112386 0 0.0466247 0.0783661 0.0393846 0.00350601 0.0457958 0.0993697 1 
0 0 0 0 0 0 0 0 0 0 0 0 0 0 0 0 0 0 0 0 0 0 0 0 0 0 0 0 1 0 0 0 0 0 0 0 0 0 0 0 0 1 0 0 0 0 0 0 0 0 0 0.20216 0 0 0.00045045 0.00225225 0.00222469 0 
0 0.120448 0 0 0 0 0 0 0 0.420538 0 0 0 0 0 0.234014 0 0.16996 0.0774077 0 0 0 0 0 0 0 0 0 0 0 0 0 0 0 0 0 0 0 0 0 0 0 0 0 0 0 0 0 0 0.0292672 0 0.0451845 0.0759455 0 0.00153453 0.00825826 0.0166852 1 
0 0 0 0 0.021 0 0 0 0 0 0 0 0 0 0 0 0 0 0 0 0 0.0157421 0 0 0 0 0 0 0 0 0 0 0 0 0 0 0 0 0 0 0 0 0 0 0 0 0 0 0 0.0479981 0 0.00612061 0 0 0.00325526 0.0105105 0.0626622 1 
0 0 0 0 0 0 0 0 0 0.195599 0 0 0 0 0 0.219048 0 0 0.0720072 0 0.1 0 0 0 0.0520156 0 0 0 0 0 0.184332 0 0.109439 0 0 0 0 0 0 0 0 0 0 0 0 0 0 0 0 0.0208382 0 0 0 0 0.00210961 0.0202703 0.0163144 0 
0 0 0 0 0 0 0 0 0 0 0 0 0 0 0 0.17551 0 0 0.350135 0 0.48625 0 0 0 0 0 0 0 0 0 0 0 0 0 0 0 0 0 0 0 0 0 0 0 0.0645 0 0 0 0 0 0 0.0424842 0 0 0.00928078 0.03003 0.0144605 1 
0 0 0 0 0 0.695652 0 0.717949 0 0 0.56 0.17806 0 0 0 0 0 0 0.40414 0 0 0 0.476596 0 0 0 0 0 0 0 0 0 0 0 0 0 0 0 0 0 0 0 0 0 0 0 0 0 0 0 0 0.146535 0 0 0.0024024 0.0105105 0.00704486 1 
0 0.109944 0.330532 0 0 0 0 0 0 0.577017 0 0.124006 0 0 0 0 0 0 0.0351035 0 0 0.471514 0 0 0 0 0 0 0 0 0 0 0 0 0 0 0 0 0 0 0 0 0 0 0 0 0 0 0.289778 0.0475299 0 0.0487849 0 0.0412308 0.00704054 0.0217718 0.0609937 0 
0 0 0 0 0 0 0 0 0 0 0 0 0 0 0 0 0 0 0.140414 0 0 0 0 0 0 0 0 0 0 0 0 0 0 0 0 0 0 0 0 0 0 0 0 0 0 0 0 0 0 0 0 0 0 0 0.00727628 0.012012 0.0139043 0 
0 0 0 0 0.043 0 0 0 0 0 0 0 0 0 0 0 0 0.0849802 0.19712 0 0.10875 0 0 0 0 0 0 0 0 0 0 0 0 0 0 0 0 0 0 0 0 0 0 0.0522209 0.0435 0.0602241 0 0 0 0.0184968 0 0 0 0 0.000438438 0.003003 0.00964034 0 
0.025 0 0.114846 0 0.01 0.0621118 0.0137552 0.166667 0.0425532 0 0 0.0985692 0 0.036036 0 0 0.0195312 0 0 0 0 0 0.310638 0 0 0 0 0 0 0 0 0 0 0 0 0 0 0 0 0 0 0 0 0 0 0 0 0 0 0.0112386 0 0.00288029 0.0193646 0 0.00137387 0.021021 0.0626622 1 
0 0 0 0 0 0 0 0 0 0 0 0.222576 0 0 0 0 0.136719 0 0.126013 0 0.175 0 0 0 0 0 0.028 0 0 0 0.16129 0 0 0 0 0 0 0 0 0.486175 0 0 0 0 0 0 0 0 0 0.0622805 0.0403917 0 0 0 0.0255255 0.149399 0.0698925 0 
0 0 0 0 0 0 0 0 0 0 0 0 0 0 0 0 0 0 0 0 0 0 0 0 0 0 0.4444 0 0 0 0 0 0 0 0 0 0 0 0 0 0 0.778011 0 0 0 0 0 0 0 0 0 0 0 0 0 0 0.000926956 0 
0 0 0 0 0 0.248447 0 0 0.170213 0.0977995 0 0 0 0 0.17316 0 0 0 0.109811 0.1952 0.05 0 0 0 0 0.0520156 0.016 0 0 0.0921659 0 0 0 0 0 0 0 0 0 0 0 0 0 0.0486194 0 0.0560224 0 0 0 0.0152189 0 0 0 0 0.00126126 0.00525526 0.0148313 0 
0.02 0.00560224 0.212885 0 0.085 0.63354 0.0343879 0.0544872 0.251064 0.0195599 0.085 0.0937997 0.0306306 0 0.95671 0.0340136 0.015625 0.183794 0.144914 0.0272 0.0525 0 0.361702 0.0181406 0 0 0 0 0 0 0 0 0 0 0 0 0 0 0 0.0184332 0 0 0.047619 0.00480192 0.004 0.0112045 0 0 0 0.0147506 0 0.0709271 0.0344932 0.00738462 0.00973574 0.501502 0.26066 1 
0 0 0 0 0 0 0 0 0 0 0 0 0 0 0 0 0 0 0 0 0 0 0 0 0 0 0 0 0 0 0 0 0 0 0 0 0 0 0.169217 0 0 0 0.526611 0 0 0 0 0 0 0.151487 0 0 0 0 0.0027027 0.0127628 0.00760104 0 
0 0 0 0 0 0 0 0 0 0 0 0.195548 0 0 0 0 0 0 0.166517 0 0.07625 0 0 0.138322 0 0 0 0 0 0 0 0 0 0 0 0 0.0885341 0 0 0 0 0.0861345 0 0 0.0615 0.259104 0 0 0 0.0229454 0 0.0176418 0 0 0.000941441 0.0105105 0.012792 0 
0 0 0 0 0 0 0 0 0 0.261614 0 0.170111 0 0 0 0 0 0 0.0477048 0 0 0 0 0 0.0695709 0 0 0 0 0 0 0 0 0 0 0 0.0769231 0 0 0 0 0 0.148459 0 0.0265 0 0 1 0 0.0421447 0 0.0162016 0 0 0.00123874 0.0045045 0.0133482 0 
0 0 0 0 0 0 0 0 0 0 0 0 0 0 0 0 0 0 0.236724 0 0.32875 0 0 0 0 0 0 0 0 0 0 0 0 0 0 0 0 0 0 0 0 0 0 0 0 0 0 0 0 0.122454 0 0 0 0 0.000900901 0.00225225 0.00278087 0 
