Spambase-460 58 230
0 0 0 0 0 0 0 0 0 0 0 0.222576 0 0 0 0 0.136719 0 0.126013 0 0.175 0 0 0 0 0 0.028 0 0 0 0.16129 0 0 0 0 0 0 0 0 0.486175 0 0 0 0 0 0 0 0 0 0.0622805 0.0403917 0 0 0 0.0255255 0.149399 0.0698925 0 
0 0 0 0 0 0 0 0 0 0.141809 0 0 0 0 0 0 0 0 0.261026 0 0 0 0 0 0.113134 0.150845 0.0464 0.400922 0.0406162 0.267281 0.133641 0.133641 0 0.133641 0.133641 0.267281 0.08418 0 0.0522052 0.133641 0 0 0.162465 0 0.029 0 0 0 0 0.088738 0 0 0 0 0.00183483 0.00825826 0.0257694 0 
0 0 0 0 0 0 0 0 0 0 0 0 0 0 0 0 0 0 0 0 0 0 0 0 0 0 0.02 0 0.035014 0 0 0 0 0 0 0 0 0 0 0 0 0 0 0 0 0 0 0 0 0.117303 0.102203 0 0 0.0510769 0.00447898 0.0202703 0.0441231 0 
0.165 0 0 0 0 0 0 0 0.280851 0.161369 0 0.317965 0 0 0 0 0 0 0.180018 0 0.16625 0 0 0 0.0429129 0.0858257 0 0.306452 0 0 0 0 0 0 0 0 0 0 0.0594059 0 0 0 0 0 0 0 0 0 0 0.081948 0 0 0 0 0.0022958 0.00750751 0.0157582 0 
0 0 0 0 0 0 0 0 0 0 0 0.144674 0 0 0 0 0.177734 0 0.247525 0 0 0 0 0 0.118986 0 0 0 0 0 0 0 0 0 0 0 0.132075 0 0 0 0 0.0637255 0 0 0 0 0 0 0.0757805 0 0 0.0541854 0 0 0.00141441 0.00525526 0.0124212 0 
0.3725 0 0 0 0 0 0 0 0 0 0 0.236884 0 0 0 0 0 0 0.40234 0 0.18625 0 0 0 0 0.193758 0 0 0 0 0 0 0 0 0 0 0 0 0 0 0 0 0 0.0894358 0 0 0 0 0 0 0 0 0 0 0.0014009 0.00525526 0.00519095 0 
0 0 0 0 0 0 0 0 0 0 0 0 0 0 0 0 0 0 0 0 0 0 0 0 0 0 0.8 0 0 0 0 0 0 0 0 0 0 0 0 0 0 0 0 0 0 0 0 0 0 0 0 0 0 0 0 0 0.000556174 0 
0 0 0 0 0 0 0 0 0.387234 0 0 0 0 0 0 0 0 0 0.0819082 0 0.34375 0 0 0 0 0 0 0 0 0 0 0 0 0 0 0 0 0 0 0 0 0 0 0 0 0 0 0 0 0.0311402 0 0.0957696 0 0 0.00285285 0.0202703 0.0159436 1 
0.0625 0 0.142857 0 0 0.15528 0 0 0 0.0293399 0 0 0.045045 0 0 0.0340136 0.0488281 0.0750988 0.160216 0 0.06375 0 0 0 0 0 0 0 0 0 0 0 0 0 0 0 0 0 0 0 0 0 0 0 0.019 0.607843 0 0 0.00478348 0.00444861 0 0 0.0114977 0 0.000963964 0.012012 0.0381906 0 
0 0 0 0 0 0 0 0 0 0 0 0 0 0 0 0 0 0 0 0 0 0 0 0 0 0 0 0 0 0 0 0 1 0 0 0 0 0 0.877588 0 0 0 0 0 0 0 0 0 0 0 0 0 0 0 0.00281532 0.00825826 0.0083426 0 
0 0 0 0 0 0 0.26685 0 0 0 0 0 0 0 0 0.395918 0.757812 0 0.174617 0 0.2425 0 0 0.439909 0 0 0 0 0 0 0 0 0 0 0 0 0 0 0 0.223502 0 0 0 0 0.0485 0 0 0 0 0.0304378 0 0.0936094 0.0393343 0 0.00790691 0.0187688 0.0172414 1 
0 0 0.0784314 0 0.028 0 0 0 0 0 0 0.135135 0 0 0 0 0 0 0.0252025 0 0 0 0 0 0.110533 0 0 0.129032 0 0 0 0 0 0 0.129032 0.587558 0.0406386 0 0.0252025 0 0 0 0 0.0168067 0 0 0 0 0.056143 0.0173262 0 0 0 0 0.00143844 0.0405405 0.0350389 0 
0 0 0 0 0 0 0 0.346154 0 0 0 0 0 0.194595 0 0 0 0 0 0 0 0 0.459574 0 0 0 0 0 0 0 0 0 0 0 0 0 0 0 0 0 0 0 0 0 0.054 0 0 0 0 0.0447202 0 0.0343834 0.115885 0 0.00442943 0.0165165 0.0144605 1 
0 0 0.131653 0 0.143 0 0 0 0 0 0 0.151033 0 0 0 0.0639456 0.185547 0 0.30063 0 0.23875 0 0.2 0 0 0 0 0 0 0 0 0 0 0 0 0 0 0 0 0 0 0 0 0 0.0715 0 0 0 0 0.0177944 0 0.0964896 0.092587 0 0.00548498 0.0578078 0.0446793 1 
0 0.052521 0.103641 0 0.151 0 0 0.11859 0 0.0904645 0.375 0.300477 0 0 0 0.102041 0.0722656 0.22332 0.545455 0 0.52 0 0 0 0 0 0 0 0 0 0 0 0 0 0 0 0 0 0 0.0852535 0 0 0 0 0 0 0 0 0 0 0 0.0747075 0.0417549 0 0.00140691 0.00750751 0.017056 1 
0 0.0070028 0 0 0.01 0.130435 0 0.0320513 0 0 0 0.189189 0 0 0 0 0 0 0.0090009 0 0 0 0 0 0.056567 0 0 0 0 0.0230415 0 0 0.0136799 0 0 0.0990783 0 0 0 0 0 0 0 0.0060024 0 0 0 0 0 0.0110044 0 0 0.00937973 0 0.00119069 0.00825826 0.0723026 0 
0 0 0 0 0 0 0 0 0 0 0 0.117647 0 0 0 0 0 0.146245 0.134113 0 0 0 0 0 0.290637 0.289987 0 0.170507 0 0.170507 0.170507 0 0 0 0.170507 0.170507 0 0 0 0 0 0 0 0 0 0 0 0 0 0.023882 0.124847 0.0183618 0 0.125538 0.00168318 0.00675676 0.0159436 0 
0 0 0 0 0 0 0 0 0 0 0 0 0 0 0 0 0 0 0.169217 0 0.05875 0 0 0 0.184005 0.305592 0.0752 0.541475 0.0987395 0.324885 0.108295 0.108295 0 0.108295 0.324885 0.108295 0.0682148 0 0 0.108295 0 0 0.131653 0 0.0705 0 0 0 0 0.0337158 0.0440636 0.0129613 0 0 0.0015015 0.00900901 0.0309603 0 
0 0 0 0 0 0 0 0 0 0 0 0 0 0 0 0.219048 0 0 0 0 0 0.12069 0 0 0 0 0 0 0 0 0 0 0 0 0 0 0 0 0 0 0 0 0 0 0 0 0 0 0.179758 0 0 0.0428443 0 0 0.0050045 0.00750751 0.0190953 1 
0.08 0 0.179272 0 0.032 0.198758 0 0.512821 0.13617 0.156479 0.16 0.101749 0 0 0 0 0.3125 0 0.115212 0.4112 0.44125 0 0 0 0 0 0 0 0 0 0 0 0 0 0 0 0 0 0 0.0737327 0 0 0 0 0 0 0 0 0 0.0498712 0 0.211341 0.0320726 0 0.00387988 0.0465465 0.0589544 1 
0 0 0 0 0 0 0 0 0 0.237164 0 0 0 0 0 0 0 0 0 0 0 0 0 0 0 0 0.0388 0 0 0 0 0 0 0 0 0 0 0 0 0 0 0 0 0 0 0 0 0 0 0.114961 0.0997552 0 0 0 0.00497297 0.024024 0.0253986 0 
0.225 0 0.252101 0 0 0 0 0 0 0 0 0 0 0 0 0 0 0.177866 0.324032 0 0 0 0 0 0 0 0 0 0 0 0 0 0 0 0 0 0 0.576923 0 0 0 0 0 0.108043 0.045 0 0 0 0 0 0 0 0 0 0.00109159 0.003003 0.00333704 0 
0 0 0 0 0 0 0 0 0 0 0 0 0 0 0 0 0 0 0.172817 0 0 0 0 0 0 0 0 0 0 0 0 0 0 0 0.442396 0 0 0 0 0 0 0.268908 0 0 0 0 0 0 0 0 0 0.0468047 0 0 0.0018018 0.00675676 0.00797182 0 
0 0 0 0 0 0 0 0 0 0 0 0 1 0 0 0 0 0 0 0 0 0 0 0 0 0 0 0 0 0 0 0 0 0 0 0 0 0 0 0 0 0 0 0 0 0 0 0 0 0 0 0 0.945537 0 0.00211862 0.00675676 0.00741565 1 
0 0.0623249 0.322129 0 0.012 0 0 0.0384615 0.106383 0.0293399 0.06 0.0604134 0.0216216 0 0.497835 0 0.0234375 0.403162 0.252925 0.0192 0.15875 0 0 0.0272109 0 0 0 0 0 0 0 0 0 0 0 0.0276498 0 0 0 0 0 0 0 0 0 0 0 0 0 0.0433154 0 0.0666067 0.0184569 0 0.00281982 0.0623123 0.0878754 1 
0.0425 0.0182073 0.338936 0 0.043 0.372671 0.0591472 0.0833333 0.293617 0.127139 0.13 0.206677 0.0306306 0 0.25974 0.106122 0.0332031 0.274704 0.218722 0.0272 0.14125 0 0.404255 0.0385488 0 0 0 0 0 0 0 0 0 0 0 0 0 0 0 0.0184332 0 0 0 0 0.004 0 0 0 0 0.0252868 0 0.0487849 0.073525 0.008 0.0081006 0.436937 0.254727 1 
0 0 0 0 0 0 0 0 0 0 0 0.136725 0 0 0 0 0 0 0 0 0 0 0 0 0 0 0 0 0 0 0 0 0 0 0 0 0.124819 0 0 0 0 0 0 0 0 0 0 0 0 0 0 0 0 0 0.000888889 0.00525526 0.00778643 0 
0.225 0 0 0 0 0 0.123796 0 0 0 0 0 0 0 0 0 0.175781 0.177866 0.162916 0 0.34 0 0 0.204082 0 0 0 0 0 0 0 0 0 0 0 0 0 0 0 0 0 0 0 0 0 0 0 0 0 0 0 0.0982898 0 0 0.00272973 0.0135135 0.0113089 1 
0 0 0 0 0 0.695652 0 0.717949 0 0 0.56 0.17806 0 0 0 0 0 0 0.40414 0 0 0 0.476596 0 0 0 0 0 0 0 0 0 0 0 0 0 0 0 0 0 0 0 0 0 0 0 0 0 0 0 0 0.146535 0 0 0.0024024 0.0105105 0.00704486 1 
0 0 0 0 0.104 0.645963 0 0 0 0 0 0 0 0 0 0.85034 0 0 0.374437 0 0 0 0 0 0 0 0 0 0 0 0 0 0 0 0 0 0 0 0 0 0 0 0 0 0 0 0 0 0 0 0 1 0 0 0.00341592 0.00975976 0.0174268 1 
0.02 0.00560224 0.212885 0 0.085 0.63354 0.0343879 0.0544872 0.251064 0.0195599 0.085 0.0937997 0.0306306 0 0.95671 0.0340136 0.015625 0.183794 0.144914 0.0272 0.0525 0 0.361702 0.0181406 0 0 0 0 0 0 0 0 0 0 0 0 0 0 0 0.0184332 0 0 0.047619 0.00480192 0.004 0.0112045 0 0 0 0.0147506 0 0.0709271 0.0344932 0.00738462 0.00973574 0.501502 0.26066 1 
0.015 0 0 0 0 0.0745342 0 0 0 0.0293399 0 0.0302067 0 0 0.025974 0.0258503 0.0234375 0 0.156616 0.0096 0.15375 0 0.106383 0.0136054 0.146944 0.0494148 0.0024 0.0437788 0 0.0437788 0.0737327 0 0 0 0.0576037 0 0.0464441 0 0.0171017 0 0 0 0 0 0.003 0 0 0.11215 0 0.0772653 0.0110159 0.0115212 0.0166415 0 0.00153754 0.018018 0.16611 0 
0 0 0 0 0 0 0 0 0 0 0 0 0 0 0 0.144218 0 0 0.0954095 0 0 0 0 0 0 0 0 0 0 0 0 0 0 0 0 0 0 0 0 0 0 0 0 0 0.106 0.148459 0 0 0 0.0327792 0 0 0 0 0.00243994 0.0345345 0.0153875 0 
0.0225 0.0343137 0.165266 0 0.039 0.118012 0 0 0.0382979 0.0953545 0 0.251192 0.0342342 0 0 0 0.0175781 0 0.337534 0 0.135 0 0 0.0430839 0 0 0 0 0 0 0 0 0 0 0 0 0 0 0 0 0 0 0 0 0 0 0 0 0.195871 0.00866308 0 0.938434 0.296218 0 0.00717868 0.0397898 0.137004 1 
0.0975 0 0 0 0 0.242236 0.108666 0 0 0 0 0.125596 0 0 0 0 0.0761719 0 0.213321 0 0.345 0 0.502128 0.179138 0 0 0 0 0 0 0 0 0 0 0 0 0 0 0 0 0 0 0 0 0 0 0 0 0 0.0142824 0 0.110171 0.0553707 0 0.00251952 0.00900901 0.0137189 1 
0 0 0 0 0 0 0.169188 0 0 0 0 0 0 0 0 0.167347 0 0 0 0 0 0 0 0 0 0 0 0 0 0 0 0 0 0 0 0 0 0 0 0 0 0 0 0 0 0 0 0 0 0 0 0.350855 0 0 0.000569069 0.00525526 0.00723026 1 
0 0 0 0 0 0 0 0 0 0 0 0 0.52973 0.52973 0 0 0 0 0 0 0 0 0 0 0 0 0 0 0 0 0 0 0 0 0 0 0 0 0 0 0 0 0 0 0 0 0 0 0 0 0 0 0 0 0.000900901 0.003003 0.00278087 0 
0.18 0 0 0 0 0 0 0 0 0 0 0.230525 0 0 0 0 0 0 0.0648065 0 0 0 0 0 0 0 0 0 0 0 0 0 0 0 0 0 0 0 0 0 0 0 0 0 0 0 0 0.672897 0 0 0 0 0 0 0.000611111 0.00375375 0.00685947 0 
0.1075 0.0182073 0.120448 0 0.078 0.161491 0 0.0544872 0.144681 1 0.04 0.193959 0.0774775 0 0.337662 0.153741 0.0507812 0.37747 0.211521 0 0.29375 0 0.0340426 0.0975057 0 0 0 0 0 0 0 0 0 0 0 0.0184332 0 0 0 0.0184332 0 0 0 0 0 0 0 0 0.0140987 0.0564271 0.0257038 0.127633 0.016944 0 0.00498348 0.0938438 0.208009 1 
0 0 0 1 0 0 0.0577717 0 0 0.102689 0 0.0667727 0 0 0.181818 0 0 0.252964 0.269127 0 0.26625 0 0.544681 0 0 0 0 0 0 0 0 0 0 0 0 0 0.0609579 0 0 0 0 0 0 0 0 0 0 0 0 0 0 0 0.105598 0 0.00900901 0.0780781 0.0815721 1 
0 0.0756303 0 0 0 0 0 0 0 0 0 0.171701 0 0 0 0 0 0 0 0 0 0 0 0 0 0 0 0 0 0 0 0 0 0 0 0 0 0 0 0 0 0 0 0 0 0 0 0 0 0.0423788 0 0 0 0 0.000918919 0.00750751 0.00908417 0 
0 0 0 0 0 0 0 0 0 0 0 0 0 0 0 0 0 0 0 0 0 0 0 0 0 0 0 0 0 0 0 0 0 0 0 0 0 0 0 0 0 0 0 0 0.2775 0 0 0 0 0 0 0 0 0 0.00107207 0.00375375 0.0020393 0 
0 0 0 0 0 0 0 0 0 0 0 0 0 0 0 0 0 0 0 0 0 0 0 0 0 0 0.2 0 0 0 0 0 0 0 0 0 0 0 0 0 0 0 0 0 0.25 0 0 0 0 0 0 0.166517 0 0 0.00045045 0.00225225 0.00222469 0 
0 0 0.184874 0 0 0.409938 0 0 0 0 0 0.104928 0 0 0 0 0 0 0.149415 0 0.0825 0 0 0 0 0 0 0 0 0 0 0 0 0 0 0 0 0 0 0 0 0 0 0.0198079 0.0165 0 0 0 0 0 0 0 0 0 0.000213213 0.00225225 0.0101965 0 
0 0 0.145658 0 0.013 0 0 0 0 0 0 0.352941 0.117117 0.0234234 0 0 0.0253906 0 0.0117012 0 0.01625 0 0.0553191 0 0.135891 0 0 0 0 0 0 0 0.106703 0 0 0.0599078 0.0377358 0 0 0 0 0 0 0 0 0 0 0 0.00453172 0.017092 0 0 0 0 0.00233634 0.0165165 0.0585836 0 
0 0 0 0 0 0 0 0 0 0 0 0 0 0 0 0.277551 0 0 0.0918092 0.1632 0 0 0 0 0 0 0 0 0 0 0 0 0 0 0 0 0 0 0 0 0 0 0 0 0 0 0 0 0 0.0407399 0 0.0313231 0 0 0.00118168 0.0045045 0.0107527 1 
0 0 0 0 0.229 0 0 0 0 0 0 0.18124 0 0 0 0.62449 0 0 0.309631 0 0.1425 0 0 0 0 0 0 0 0 0 0 0 0 0 0 0 0 0 0 0 0 0 0 0 0.057 0 0 0 0 0.151253 0 0.349055 0 0 0.0112027 0.0217718 0.0202076 1 
0 0 0 0 0 0 0 0 0 0 0 0 0 0.281081 0 0 0 0 0.140414 1 0.195 0 0 0 0 0 0 0 0 0 0 0 0 0 0 0 0 1 0 0 0 0 0 0 0 0 0 0 0 0 0 0.135734 0.0568835 0 0.00683333 0.0885886 0.0296626 1 
0 0 0.0896359 0 0.032 0 0 0 0 0 0 0.101749 0 0 0 0 0 0 0.0288029 0 0 0 0 0 0.0416125 0.083225 0 0 0 0 0 0 0 0 0 0.0737327 0.0928882 0 0 0 0 0 0 0 0 0 0 0 0 0.00936549 0 0 0 0 0.00101652 0.00675676 0.0287356 0 
0 0 0.159664 0 0 0 0 0 0 0 0 0 0 0 0 0 0 0 0.0252025 0 0 0 0 0 0.0182055 0.0364109 0 0 0 0 0 0 0 0 0 0 0 0 0 0 0.0392157 0 0 0.0168067 0.014 0.0392157 0 0.261682 0 0.0100679 0 0 0 0 0.000962462 0.00525526 0.0202076 0 
0 0 0 0 0 0 0 0 0 0 0 0.255962 0 0 0 0 0 0 0.0477048 0 0 0 0 0 0.104681 0.0689207 0 0 0.0371148 0 0 0 0 0 0 0.12212 0 0 0 0 0 0.0371148 0 0.0642257 0 0 0 0.495327 0 0 0 0 0 0 0.000563063 0.003003 0.0181683 0 
0 0 0 0 0 0 0 0 0 0 0 0.779014 0 0 0 0 0 0 0 0 0 0 0 0 0 0 0 0 0 0 0 0 0 0 0 0 0 0 0 0 0 0 0 0 0 0 0 0 0 0 0 0 0 0 0.00218318 0.003003 0.00482017 0 
0 0 0 0 0 0 0 0 0 0 0 0 0 0 0 0 0 0 0 0 0 0 0 0 0 0 1 0 0 0 0 0 0 0 0 0 0 0 0 0 0 0 0 0 0 0 0 0 0 0 0 0 0 0 0.000375375 0.000750751 0.000741565 0 
0 0.0385154 0.154062 0 0.223 0 0.0756534 0 0 0 0 0.0874404 0.0990991 0 0 0.0748299 0.544922 0 0.351935 0 0.20875 0 0 0 0 0 0 0 0 0 0 0 0 0 0 0 0 0 0 0 0 0 0 0 0 0 0 0 0 0.0606415 0 0.217462 0.104387 0 0.00564715 0.104354 0.0368928 1 
0 0 0.0812325 0 0.059 0.180124 0.03989 0 0.123404 0.435208 0 0.141494 0 0 0 0 0.115234 0.0573123 0.374437 0 0.11125 0 0 0 0 0 0 0 0 0 0 0 0 0 0 0 0 0 0 0 0 0 0 0 0 0 0 0 0 0.0320768 0 0.00810081 0.0136157 0 0.0168168 0.121622 0.0902855 1 
0 0 0 0 0 0 0 0 0 0 0 0.205087 0 0 0 0 0 0 0 0 0 0 0 0 0 0 0 0 0 0 0 0 0 0 0 0 0.0928882 0 0 0 0 0 0 0 0 0 0 0 0 0 0 0 0 0 0.00191441 0.00525526 0.0166852 0 
0.1175 0.0217087 0.131653 0 0.005 0.0807453 0.00687758 0.0833333 0.178723 0.185819 0.13 0.154213 0.102703 0.221622 0 0.0136054 0.0917969 0 0.290729 0 0.18625 0 0.421277 0.0770975 0 0 0 0 0 0 0 0 0 0 0 0 0 0 0 0 0 0 0 0 0.001 0 0 0 0 0.0156872 0 0.0590459 0.259607 0.0966154 0.0073994 0.148649 0.585651 1 
0 0 0 0 0 0 0 0 0 0 0 0 0 0 0 0 0 0 0 0 0 0 0 0 0 0 0 0 0 0 0 0 0 0 0 0 0 0 0 0 0 0 0 0 0 0 0 0 0 0 0 0 0 0 0 0 0.000370782 0 
0.015 0 0.19888 0 0.123 0.118012 0.0261348 0.0384615 0.27234 0.0611247 0.19 0.0715421 0.0216216 0 0.757576 0.00816327 0.0117188 0.203557 0.122412 0.0512 0.06375 0 0.493617 0.0136054 0 0 0 0 0 0 0 0 0 0 0 0 0 0 0 0.0138249 0 0 0.0336134 0 0.003 0.00840336 0 0 0.00251762 0.0334816 0 0.049685 0.0556732 0.00615385 0.0132447 0.363363 0.418613 1 
0 0 0 0 0 0 0 0 0 0 0 0 0 0 0 0 0 0 0.0918092 0 0.1275 0 0 0 0 0 0 0 0 0 0 0 0 0 0 0 0 0.653846 0 0 0 0.0714286 0 0 0 0 0 0 0 0 0 0 0.0429652 0 0.00128679 0.00675676 0.011865 0 
0 0 0.19888 0 0.071 0 0 0 0 0 0 0 0 0 0 0.0965986 0 0 0.127813 0 0.08875 0 0 0 0 0 0 0 0 0 0 0 0 0 0 0 0 0 0 0 0 0 0 0 0.0355 0 0 0 0 0.0283306 0 0.19694 0 0 0.00153303 0.0112613 0.0174268 1 
0 0 0.0392157 0 0.028 0 0.0192572 0 0 0 0.07 0.0222576 0 0 0 0 0 0 0.257426 0.3424 0.25 0.289355 0.0595745 0 0 0 0 0 0 0 0 0 0 0 0 0 0 0 0 0 0 0 0 0 0.007 0 0 0 0 0.0112386 0 0.0433843 0.0217852 0.267692 0.00786486 0.027027 0.22766 1 
0 0 0 0 0 0 0 0.025641 0 0 0 0.0127186 0 0 0 0 0.015625 0 0 0 0 0 0 0 0.00520156 0.0104031 0.0032 0 0 0 0 0 0 0 0 0.0967742 0 0 0 0 0.0112045 0 0 0 0 0 0 0.317757 0.0203927 0.105596 0 0 0 0 0.00125075 0.0127628 0.173155 0 
0 0 0 0 0 0 0 0 0 0 0 0 0 0 0 0 0 0 0 0 0 0 0 0 0 0 0 0 0 0 0 0 0 0 0 0 0 0 0 0 0 0 0 0 0 0 0 0 0 0 0 0 0 0 0.000249249 0.0015015 0.00241009 0 
0 0 0 0 0 0 0 0 0 0 0 0 0 1 0 0 0 0 0 0 0 0 0 0 0 0 0 0 0 0 0 0 0 0 0 0 0 0 0 0 0 0 0 0 0 0 0 0 0 0 0 0 0 0 0.00433634 0.00900901 0.0063033 0 
0 0 0 0 0 0 0 0 0 0 0.19 0.0302067 0 0 0 0 0 0 0.119712 0 0.0475 0 0 0 0.0123537 0 0 0 0 0 0 0 0 0 0 0 0 0 0 0.0437788 0 0 0 0 0 0 0 0 0 0.0360571 0 0.00540054 0 0.0184615 0.00278078 0.00825826 0.0717464 0 
0 0 0 0 0 0 0 1 0 0 0 0 0 0 0 0 0 0 0 0 0 0 0 0 0 0 0 0 0 0 0 0 0 0 0 0 0 0 0 0 0 0 0 0 0.052 0 0 0 0 0.0463592 0 0.0356436 0.0599092 0 0.00428979 0.018018 0.0148313 1 
0 0 0 0 0 0 0 0 0 0 0 0 0 0 0 0 0 0 0 0 0.3375 0 0 0 0 0 0.108 0 0 0 0 0 0 0 0 0 0 0 0 0 0 0 0 0 0 0 0 0 0 0 0 0.0777678 0 0 0.0015015 0.0112613 0.0109381 0 
0 0 0 0 0.032 0 0 0 0 0 0 0.0508744 0 0 0 0 0 0.0632411 0.0576058 0 0.04 0 0 0 0.083225 0.16645 0.0256 0.0737327 0.022409 0.0737327 0.0737327 0.0737327 0.0875513 0.0737327 0.0737327 0.0737327 0.139332 0 0.0288029 0.0737327 0 0 0.179272 0.0192077 0.016 0.0896359 0 0 0 0.0220089 0.0287638 0.0169217 0 0 0.00137988 0.00900901 0.0307749 0 
0.0025 0.00070028 0.0364146 0 0.013 0.00621118 0 0 0.00425532 0.0317848 0.015 0.0715421 0.00540541 0.0126126 0 0.014966 0.103516 0.013834 0.00630063 0 0.00375 0 0.00425532 0 0 0 0 0 0.00070028 0 0 0 0.214774 0 0 0.0253456 0.124819 0 0 0.00691244 0 0.00210084 0.00840336 0.00060024 0.0005 0.0322129 0 0.140187 0.0020141 0.0259892 0 0.000360036 0 0.00615385 0.00166066 0.0427928 0.560994 0 
0.5875 0 0 0 0 0 0.323246 0 1 0 0 0.18601 0 0 0 0.159184 0 0 0.211521 0 0 0 1 0 0 0 0 0 0 0 0 0 0 0 0 0 0 0 0 0 0 0 0 0 0 0 0 0 0 0 0 0.030243 0.101664 0 0.00536937 0.012012 0.0218762 1 
0 0 0.10084 0 0.073 0 0 0 0 0.178484 0 0.0572337 0 0 0 0 0 0 0.0657066 0 0 0 0 0 0 0 0 0.0829493 0 0 0 0 0 0 0 0 0 0 0 0 0 0 0 0 0 0.0504202 0 0 0 0 0 0 0 0 0.0016967 0.00825826 0.0420838 1 
0 0 0 0 0 0 0 0.227564 0 0 0 0.112878 0 0 0 0.194558 0 0 0.387939 0 0.17875 0 0 0.160998 0 0 0 0 0 0 0 0 0 0 0 0 0 0 0 0 0 0 0 0 0.1075 0 0 0 0 0.0620464 0 0.0237624 0 0 0.00198498 0.0112613 0.0131628 1 
0 0 0 0 0.043 0 0 0 0 0 0 0.0683625 0 0 0 0 0 0 0.19712 0 0 0 0 0 0 0 0.0172 0 0 0 0 0 0.119015 0 0 0 0 0 0 0 0 0 0 0 0 0 0 0 0.0198892 0.0369937 0 0 0 0 0.000172673 0.000750751 0.00519095 0 
0 0 0 0 0 0.801242 0 0.205128 0 0 0 0 0 0 0 0 0 0 0.348335 0 0.08 0 0 0 0 0 0 0 0 0 0 0 0 0 0 0 0 0 0 0 0 0 0 0 0 0 0 0 0 0 0 0.212241 0.0354009 0 0.0012012 0.00825826 0.0114943 1 
0 0 0 0 0 0 0 0 0 0 0 0 0 0 0 0 0 0 0 0 0 0 0 0 0 0 0 0 0 0 0 0 0 0 0 0 0 0 0 0 0 0 0 1 0 0 0 0 0 0 0 0 0 0 0.000750751 0.0015015 0.000926956 0 
0 0 0 0 0 0 0 0 0 0.134474 0 0.0874404 0 0 0 0 0 0 0.09991 0 0.06875 0 0 0 0.180104 0.288687 0.0444 0.126728 0.0385154 0.126728 0.126728 0.126728 0.0752394 0.126728 0.126728 0.126728 0.240929 0 0.049505 0.126728 0 0 0.310924 0 0.0555 0 0 0 0 0.141185 0.0526316 0 0 0 0.00167117 0.00900901 0.0307749 0 
0 0 0.0392157 0 0.029 0 0 0 0 0 0 0.141494 0 0 0 0.0190476 0 0 0 0 0 0 0.0595745 0 0 0 0 0 0 0 0 0 0.0601915 0 0 0.0668203 0 0 0 0 0 0 0 0 0 0 0 0 0.00553877 0.0156872 0 0 0.00665658 0 0.00184234 0.00750751 0.0543196 1 
0 0 0 0 0 0.391304 0 0 0 0 0 0 0 0 0 0 0 0 0.0567057 0 0 0 0 0 0.205462 0 0 0 0 0 0 0 0 0 0.145161 0 0 0 0 0 0 0 0 0.0378151 0 0 0 0 0 0 0 0 0 0 0.000840841 0.00600601 0.0116796 0 
0 0 0 0 0 0 0 0 0 0 0 0 0 0 0 0 0 0 0.360036 0 0 0 0 0 0 0 0 0 0 0 0 0 0 0 0 0 0 0 0 0 0 0 0 0 0 0 0 0 0 0 0 0 0 0 0.00204655 0.00750751 0.00463478 1 
0 0.0371148 0.148459 0 0.08 0 0.0357634 0.0833333 0 0.0635697 0 0.0842607 0.0954955 0.0954955 0 0 0 0 0.193519 0.0416 0.1 0 0 0 0.0169051 0.0338101 0 0 0 0 0 0 0.0725034 0 0 0 0 0 0 0 0 0 0 0 0 0 0 0 0 0 0 0 0.0121029 0 0.00267117 0.015015 0.0302188 1 
0 0 0.397759 0 0.071 0 0 0.227564 0 0.173594 0 0 0 0 0 0 0.556641 0.563241 0.127813 0 0.44625 0 0 0 0 0 0 0 0 0 0 0 0 0 0 0 0 0 0 0 0 0 0 0 0 0 0 0 0 0 0 0.167597 0 0 0.0165991 0.0870871 0.0400445 1 
0.085 0.0182073 0.0728291 0 0.008 0.267081 0.0110041 0.0833333 0.0340426 0.359413 0.17 0.0826709 0.171171 0 0.0735931 0.0108844 0 0 0.272727 0 0.0975 0 0.144681 0.0770975 0 0 0 0 0 0 0 0 0 0 0 0 0 0 0 0 0 0 0 0 0.0085 0 0 0 0 0.0112386 0 0.0466247 0.0783661 0.0393846 0.00350601 0.0457958 0.0993697 1 
0 0 0 0 0.909 0 0 0 0 0 0 0 0 0 0 0 0 0 0 0 0 0 0 0 0 0 0 0 0 0 0 0 0 0 0 0 0 0 0 0 0 0 0 0 0 0 0 0 0 0 0 0 0 0 0 0 0 0 
0 0 0 0 0 0 0 0 0 0.141809 0 0 0 0 0 0 0 0 0.0522052 0 0 0 0 0 0 0 0 0 0 0 0 0 0 0 0 0 0 0 0 0 0 0 0 0 0 0.0812325 0 0 0 0.0194334 0 0 0 0 0.00765165 0.015015 0.0348535 0 
0 0 0.218487 0 0.117 0 0 0 0 0 0 0.0620032 0 0 0 0.106122 0 0 0.140414 0 0.245 0 0 0.176871 0 0 0 0 0 0 0 0 0 0 0 0 0 0 0 0 0 0 0 0 0 0 0 0 0 0 0 0 0.0284418 0 0.00467117 0.0142643 0.0409714 1 
0 0 0.0672269 0 0.049 0 0 0 0.102128 0 0 0 0 0.268468 0 0 0.046875 0 0 0 0.0925 0 0 0 0.0318596 0 0 0 0 0 0 0 0 0 0 0 0.0348331 0 0 0 0 0.156162 0 0 0 0 0 0 0 0.0107703 0 0.0124212 0 0.156923 0.00266667 0.0900901 0.115128 0 
0 0 0 0 0 0 0 0 0 0.205379 0 0 0 0 0 0 0.164062 0 0.151215 0 0 0 0 0 0 0 0 0 0 0 0 0 0 0 0 0 0.121916 0 0.0756076 0 0 0 0.235294 0 0.042 0.117647 0 0 0 0 0.0838433 0.0743474 0 0.0843077 0.00308108 0.00900901 0.02132 0 
0 0 0 0 0 0 0 0 0 0 0 0 0 0 0 0 0 0 0 0 0 0 0 0 0.837451 0 0 0 0 0.0645161 0 0 0.0383037 0 0 0 0.0203193 0 0.0252025 0 0 0 0 0 0 0 0 0 0 0 0 0.00666067 0 0 0.0171622 0.0217718 0.380052 0 
0 0.00910364 0.151261 0 0.027 0.0807453 0 0 0 0.0660147 0 0.192369 0 0 0 0.0176871 0 0 0.170117 0 0.1175 0 0 0 0.00845254 0.122237 0 0 0 0 0 0 0 0 0 0 0.0783745 0 0 0 0 0 0.0364146 0 0 0 0 0 0.0183787 0.0112386 0 0.00432043 0 0 0.00623123 0.0608108 0.107712 0 
0 0 0 0 0 0 0 0 0 0 0 0 0.196396 0 0 0 0 0 0.19712 0 0 0 0 0 0 0 0 0 0 0 0 0 0 0 0 0 0 0 0 0 0 0 0 0 0 0.152661 0 0 0 0 0 0 0 0 0.00345946 0.0345345 0.0139043 0 
0.025 0 0.114846 0 0.01 0.0621118 0.0137552 0.166667 0.0425532 0 0 0.0985692 0 0.036036 0 0 0.0195312 0 0 0 0 0 0.310638 0 0 0 0 0 0 0 0 0 0 0 0 0 0 0 0 0 0 0 0 0 0 0 0 0 0 0.0112386 0 0.00288029 0.0193646 0 0.00137387 0.021021 0.0626622 1 
0 0 0.635854 0 0 0 0 0 0 0 0 0.721781 0 0 0 0 0 0 0 0 0 0 0 0 0 0 0 0 0 0 0 0 0 0 0 0 0 0 0.20432 0 0 0 0 0 0 0 0 0 0 0 0 0.0532853 0 0 0.00638138 0.0232733 0.0114943 0 
0 0 0 0 0 0 0 0 0 0 0 0 0 0 0 0 0 0 0 0 0 0 0 0 0 0 0.8 0 0 0 0 0 0 0 0 0 0 0 0 0 0 0 0 0 0 0 0 0 0 0 0 0 0 0 0 0 0.000741565 0 
0 0 0.29972 0 0.053 0 0 0 0 0 0 0 0 0 0 0 0 0 0.289829 0.0848 0.13375 0.604198 0 0 0 0 0 0 0 0 0 0 0 0 0 0 0 0 0 0 0 0 0 0 0 0 0 0 0 0 0 0.0477048 0.0266263 0.708308 0.0151141 0.0495495 0.0613645 1 
0 0 0 0 0 0 0 0 0 0 0 0 0 0 0 0 0 0 0 0 0 0 0 0 0 0 0 0 0 0 0 0 0 0 0 0 0 0 0 0 0 0 0 0 0.1665 0 0 0 0 0.147038 0 0 0 0 0.000750751 0.003003 0.00259548 0 
0 0 0.221289 0 0.026 0 0.0357634 0.0833333 0 0 0 0.208267 0 0 0 0 0 0.0513834 0.142214 0 0.065 0 0 0 0 0 0 0 0 0 0 0 0 0 0 0.119816 0.0377358 0 0 0.0599078 0 0 0 0 0 0 0 0.242991 0.00956697 0.00889721 0 0.0138614 0 0 0.0012012 0.021021 0.0315165 1 
0 0 0.0840336 0 0.03 0.186335 0.0412655 0.0961538 0 0 0.3 0.143084 0 0 0 0.122449 0.117188 0.0592885 0.216022 0.432 0.375 0 0 0.136054 0 0 0 0 0 0 0 0 0 0 0 0 0 0 0 0 0 0 0 0 0 0 0 0 0 0.0112386 0 0.0259226 0 0.0590769 0.00661111 0.103604 0.0519095 1 
0.02 0.00560224 0.212885 0 0.085 0.63354 0.0343879 0.0544872 0.251064 0.0195599 0.085 0.0937997 0.0306306 0 0.95671 0.0340136 0.015625 0.183794 0.145815 0.0272 0.0525 0 0.361702 0.0181406 0 0 0 0 0 0 0 0 0 0 0 0 0 0 0 0.0184332 0 0 0.047619 0.00480192 0.004 0.0112045 0 0 0 0.0152189 0 0.0874887 0.0357035 0.008 0.00985135 0.501502 0.261958 1 
0 0 0 0 0 0 0 0 0 0 0 0 0 0 0 0 0 0.371542 0.169217 0 0.235 0 0 0 0 0 0.0752 0 0 0 0 0 0.515732 0 0 0 0 0 0 0 0 0 0 0 0 0 0 0 0 0.0856942 0 0 0 0 0.000460961 0.0015015 0.00296626 0 
0.025 0.0070028 0.19888 0 0.051 0.124224 0.0275103 0.0320513 0.608511 0.200489 0.05 0.0810811 0 0 0 0.0136054 0 0.201581 0.193519 0.0656 0.23 0 0 0.0680272 0 0 0 0 0 0 0 0 0 0 0.0230415 0 0 0 0.0090009 0 0 0 0 0 0 0 0 0 0 0 0.161567 0.175338 0.119818 0.0203077 0.00324775 0.0412913 0.190397 1 
0 0 0 0 0 0 0 0 0 0 0 0 0 0 0 0 0 0 0.20162 0 0 0 0 0 0 0 0 0 0 0 0 0 0 0 0 0 0.129173 0 0.039604 0 0 0 0 0 0.067 0.376751 0 0 0 0 0 0 0 0 0.00204505 0.0105105 0.0252132 0 
0 0 0 0 0.043 0 0 0 0 0 0 0 0 0 0 0 0 0.0849802 0.19712 0 0.10875 0 0 0 0 0 0 0 0 0 0 0 0 0 0 0 0 0 0 0 0 0 0 0.0522209 0.0435 0.0602241 0 0 0 0.0184968 0 0 0 0 0.000438438 0.003003 0.00964034 0 
0 0 0 0 0 0 0 0 0 0 0 0 0 0 0 0.161905 0.232422 0 0.107111 0 0 0 0.506383 0 0 0 0 0 0 0 0 0 0 0 0 0 0 0 0 0 0 0 0 0 0 0 0 0 0 0 0 0.212601 0.238124 0 0.00431682 0.0225225 0.017056 1 
0.31 0 0 0 0 0 0 0 0 0.151589 0 0.197138 0 0 0 0.0843537 0 0 0.167417 0 0.3875 0 0 0 0 0 0 0 0 0 0 0 0 0 0 0 0 0 0 0 0 0 0 0 0.062 0 0 0 0 0.0234137 0 0.19892 0.0608169 0 0.0178739 0.115616 0.0500556 1 
0 0 0 0 0 0 0 0.179487 0 0 0 0 0 0 0 0 0 0 0.10081 0 0 0 0 0 0 0 0 0 0 0 0 0 0 0 0 0 0 0 0.10081 0 0 0 0 0 0.056 0.0784314 0 0 0 0.0423788 0.0550796 0.0325833 0 0 0.00525526 0.0247748 0.0281795 0 
0.19 0.0266106 0 0 0.038 0.236025 0 0 0 0.0929095 0 0.243243 0 0 0 0 0 0 0.172817 0 0.38375 0.0284858 0 0 0 0 0 0 0 0 0 0 0 0 0 0 0 0 0 0 0 0 0 0 0 0 0 0 0 0.029033 0 0.0223222 0 0.0381538 0.133483 0.551051 0.166481 1 
0.245 0.0112045 0.114846 0 0.008 0.149068 0 0.025641 0 0.119804 0.04 0.09062 0.162162 0 0.0692641 0 0 0.0632411 0.221422 0 0.1425 0 0.208511 0.258503 0 0 0 0 0 0 0 0 0 0 0 0 0 0 0 0 0 0 0 0 0 0 0 0 0 0.022243 0 0.135194 0.0771558 0.0584615 0.00474925 0.0623123 0.131813 1 
0 0 0.114846 0 0 0 0 0 0 0.100244 0 0.198728 0 0 0 0 0 0 0.261926 0 0.05125 0 0 0 0 0 0 0 0 0 0 0 0 0 0 0 0 0 0 0 0 0 0 0 0 0 0 0 0 0.0430812 0 0 0 0 0.000807808 0.00675676 0.00723026 0 
0 0 0.313725 0 0.056 0 0 0 0 0.136919 0 0 0 0 0 0.0761905 0 0 0.20252 0 0.14 0 0 0 0 0 0 0 0 0 0 0 0 0 0 0 0 0 0 0 0 0 0 0 0.028 0 0 0 0 0.023882 0 0.110711 0 0 0.00210661 0.0135135 0.0252132 1 
0 0 0 0 0 0 0 0 0 0 0 0 0 0 0 0 0 0 0.172817 0 0.24 0 0 0 0 0 0 0 0 0 0 0 0 0 0 0 0.278665 0 0 0 0 0 0 0 0 0.806723 0 0 0 0.0786701 0 0 0 0 0.00203003 0.0105105 0.00723026 0 
0.045 0.00980392 0.070028 0 0 0 0 0.0224359 0 0.0342298 0.015 0.122417 0.0126126 0.00540541 0 0 0.00585938 0.0355731 0.00990099 0 0.03125 0.00524738 0 0 0 0 0 0 0.00210084 0.0253456 0 0 0.00410397 0 0 0.0852535 0.0899855 0 0 0 0.0252101 0 0.00840336 0 0 0.0308123 0 0.168224 0.00478348 0.0969328 0 0.000720072 0 0 0.00209159 0.0292793 0.332592 0 
0 0.00560224 0.022409 0 0 0.0496894 0 0.0512821 0 0 0 0.128776 0.0288288 0 0 0 0.015625 0 0 0 0 0 0.0340426 0 0.226918 0.0624187 0 0 0.022409 0.0552995 0 0 0 0 0 0.0737327 0.011611 0 0 0 0 0.00560224 0 0 0 0 0 0.0747664 0.00553877 0.0259892 0 0 0.0166415 0 0.00171922 0.015015 0.128291 0 
0 0 0.201681 0 0 0 0 0 0 0 0 0 0 0 0 0 0 0 0 0 0 0 0 0 0.046814 0 0 0 0 0 0 0 0 0 0 0 0.104499 0 0.0324032 0 0.0504202 0 0 0 0 0.0504202 0 0 0 0 0 0 0 0 0.00096997 0.00825826 0.0196515 0 
0 0 0 0 0.049 0 0.134801 0 0.208511 0 0 0 0 0 0 0 0 0 0.132313 0 0.3075 0 0.208511 0 0 0 0 0 0 0 0 0 0 0 0 0 0 0 0 0 0 0 0.137255 0 0 0 0 0 0 0.109108 0 0 0 0 0.00206156 0.00825826 0.0363367 1 
0 0.092437 0.156863 0 0 0.583851 0 0.0576923 0.157447 0.183374 0 0.329094 0 0 0 0 0.0722656 0 0.220522 0 0.1175 0 0 0.0408163 0 0 0.0072 0 0 0 0 0 0 0 0 0 0 0 0 0 0 0 0 0 0 0 0 0 0 0.018731 0 0.0435644 0.0323752 0 0.00243694 0.0255255 0.0450501 1 
0 0 0 0 0 0 0 0 0 0 0 0 0 0 0 0 0 0 0 0 0 0 0 0 0 0 0 0 0 0 0 0 0 0 0 0 0 0 0 0 0 0.70028 0 0 0 0 0 0 0 0 0 0 0 0 0.001 0.0015015 0.000741565 0 
0.1475 0 0 0 0 0 0.162311 0.189103 0.251064 0.288509 0 0.187599 0 0 0 0 0.576172 0 0.372637 0.3776 0.295 0 0 0 0 0 0 0 0 0 0 0 0 0 0 0 0 0 0 0 0 0 0 0 0 0 0 0 0 0 0 0.0757876 0 0 0.00792042 0.0337838 0.0335558 1 
0 0.0441176 0 0 0.159 0.192547 0 0 0.131915 0 0 0.100159 0 0 0.549784 0.0857143 0.0605469 0.628458 0.19982 0 0.23875 0 0.131915 0.142857 0 0 0 0.0714286 0 0 0 0 0 0 0 0 0 0 0 0.366359 0 0 0 0 0 0 0 0 0 0.0650901 0 0.00990099 0.151589 0 0.00376727 0.0675676 0.0342974 1 
0 0 0.154062 0 0.111 0 0 0 0 0 0 0 0.165766 0 0.0779221 0 0.0722656 0.0731225 0.282628 0 0.115 0 0 0 0 0 0 0 0 0 0 0 0 0 0 0 0 0 0 0 0 0 0 0 0 0 0 0 0 0.0435495 0 0.0781278 0 0 0.000566066 0.00225225 0.0133482 1 
0 0 0.0812325 0 0.087 0 0.03989 0 0.370213 0 0 0.230525 0 0 0 0 0 0.0573123 0.471647 0 0.18125 0 0 0.0657596 0 0 0 0 0 0 0 0 0 0 0 0 0 0 0 0 0 0 0 0 0 0 0 0 0 0.00983376 0 0 0.0257186 0 0.00622372 0.024024 0.0456062 1 
0 0 0 0 0 0 0 0 0 0.246944 0 0 0 0 0 0 0.197266 0 0 0 0 0 0 0 0.131339 0.131339 0.0808 0.232719 0.0707283 0.232719 0.232719 0.232719 0 0.232719 0.232719 0.232719 0.146589 0 0.0909091 0.232719 0 0 0.282913 0.242497 0.0505 0 0 0 0 0.190588 0 0.0291629 0 0 0.00168919 0.00825826 0.0124212 0 
0 0 0 0 0 0 0.244842 0 0 0.435208 0 0 0 0 0 0 0 0 0 0 0 0 0 0 0 0 0 0 0 0 0 0 0 0 0 0 0 0 0 0 0 0 0 0 0 0 0 0 0 0 0 0.0979298 0 0 0.00116667 0.003003 0.00278087 1 
0 0 0 0 0.128 0 0.352132 0.410256 0.544681 0.312958 0.64 0.203498 0 0 0 0 1 0 0.230423 0.2048 0.64 0 0 0 0 0 0 0 0 0 0 0 0 0 0 0 0 0 0 0 0 0 0 0 0 0 0 0 0 0 0 0.0975698 0 0 0.152652 0.227477 0.0569151 1 
0.225 0 0 0 0 0 0 0 0 0 0 0.143084 0 0 0 0 0 0 0 0 0 0 0 0 0.0585176 0.117035 0 0 0 0 0 0 0 0.207373 0 0 0.130624 0 0 0 0 0 0 0 0 0 0 0 0 0.0351206 0 0 0 0 0.00334084 0.0157658 0.0237301 0 
0 0 0 0 0 0 0 0 0 0 0 0 0 0 0 0 0 0 0 0 0 0 0 0 0 0 0 0 0 0 0 0 0 0 0 0 0 0 0 0 0 0 0 0 0.068 0 0 0 0 0 0 0 0 0 0 0 0.00129774 0 
0 0 0 0 0 0 0 0 0 0 0 0 0 0 0 0 0 0 0 0 0 0 0 0 0 0 0 0 0 0 0 0 0 0 0 0 0.483309 0 0 0 0 0 0 0 0 0 0 0 0.0767875 0.143058 0 0.275248 0 0 0.00675676 0.0157658 0.0120504 1 
0.02 0 0.047619 0 0 0.0496894 0 0 0.0340426 0 0 0 0.0144144 0 0 0 0 0.0158103 0.377138 0 0.17375 0 0 0 0 0 0 0 0 0 0 0 0 0 0 0 0 0 0 0 0 0 0 0 0.013 0 0 0 0.00780463 0.0182627 0 0.0140414 0 0 0.000171171 0.00600601 0.050241 0 
0 0 0.179272 0 0 0.397516 0 0 0 0 0 0 0 0 0 0.0870748 0 0 0.233123 0 0 0 0.27234 0 0 0 0 0 0 0 0 0 0 0 0 0 0.0928882 0 0 0 0 0 0 0 0 0 0 0 0.0236657 0.0442519 0.173807 0.119172 0 0 0.0136156 0.0975976 0.0539488 1 
0 0 0.352941 0 0 0 0 0 0 0 0 0 0.227027 0 0 0 0.494141 1 0.227723 0 0.47375 0 0 0 0 0 0 0 0 0 0 0 0 0 0 0 0 0 0 0 0 0 0 0 0 0 0 0 0 0 0 0.342034 0.143722 0 0.00114565 0.00750751 0.0122358 1 
0 0 0 0 0.013 0.161491 0 0 0 0.0317848 0 0.18601 0.0234234 0.0234234 0 0 0.101562 0 0 0 0 0 0 0 0.236671 0.0845254 0 0 0.00910364 0.119816 0 0 0 0 0 0.0898618 0.0188679 0 0 0 0 0 0 0 0 0 0 0 0.0339879 0.0236479 0 0 0 0 0.00137387 0.0135135 0.071561 0 
0.19 0 0.212885 0 0 0.236025 0 0 0 0 0 0.18283 0.0684685 0 0 0 0 0 0.207021 0 0 0 0 0 0 0 0 0 0 0 0 0 0 0 0 0 0 0 0.0342034 0 0.376751 0 0 0 0.019 0.0532213 0 0 0 0.0421447 0 0.0972097 0 0 0.00192943 0.0105105 0.0265109 0 
0.255 0 0 0 0 0 0 0 0 0.249389 0 0 0 0 0 0 0 0 0 0 0 0 0 0 0.0663199 0.13264 0 0.470046 0 0 0 0 0 0 0 0.235023 0 0 0 0 0 0 0 0 0 0 0 0 0 0.124327 0 0 0 0 0.00295345 0.00750751 0.0168706 0 
0 0 0 0 0 0 0 0 0 0 0 0 0 0 0 0 0 0 0 0 0 0 0 0 0.394018 0.394018 0.1212 0.698157 0.212185 0.698157 0.698157 0.698157 0 0.698157 0.698157 0.698157 0 0 0 0.698157 0 0 0 0 0 0 0 0 0 0.210723 0 0 0 0 0.00262763 0.00750751 0.00593252 0 
0 0 0 0 0 0 0 0 0 0 0 0 0 0 0 0 0 0 0.0630063 0 0 0 0 0 0 0 0 0 0 0 0 0 0 0 0 0 0 0 0 0 0 0 0 0 0 0 0 0 0 0.0447202 0 0 0.0287443 0.0584615 0.00103303 0.00750751 0.0189099 0 
0 0 0 0 0 0 0 0 0 0 0 0.160572 0 0 0 0 0 0 0 0 0.12625 0 0 0 0.0656697 0 0 0 0 0 0 0 0 0 0.465438 0.232719 0 0 0.0909091 0 0 0 0 0 0 0 0 0 0 0 0 0 0 0 0.00316517 0.018018 0.0211346 0 
0 0.0189076 0.229692 0 0.137 0 0.112792 0 0 0.200489 0 0.130366 0 0 0 0.111565 0.0527344 0 0.247525 0 0.1375 0 0.348936 0.0612245 0 0 0 0 0 0 0 0 0.0369357 0 0 0 0 0 0 0 0 0 0 0 0 0 0 0 0 0.0550222 0 0.0423042 0.0568835 0 0.00693994 0.0923423 0.0550612 1 
0.065 0 0.145658 0 0.052 0 0 0 0 0.0635697 0 0.0413355 0 0 0 0 0 0.0513834 0.117912 0 0.0325 0 0 0 0 0 0 0 0 0 0 0 0 0 0 0 0 0 0 0 0 0 0 0.0156062 0.026 0.0364146 0 0 0.0118328 0.0110044 0 0.00846085 0 0 0.000121622 0.0015015 0.00964034 0 
0 0 0 0 0.021 0 0 0 0 0 0 0 0 0 0 0 0 0 0 0 0 0.0157421 0 0 0 0 0 0 0 0 0 0 0 0 0 0 0 0 0 0 0 0 0 0 0 0 0 0 0 0.0479981 0 0.00612061 0 0 0.00325526 0.0105105 0.0626622 1 
0 1 0 0 0 0 0 0 0 0 0 0 0 0 0 0 0 0 0 0 0 0 0 0 0 0 0 0 0 0 0 0 0 0 0 0 0 0 0 0 0 0 0 0 0 0 0 0 0 0 0 0 0 0 0.0012012 0.003003 0.00148313 0 
0.055 0 0 0 0 0.136646 0.0302613 0 0 0.0537897 0 0.0349762 0 0 0 0.029932 0 0 0.182718 0 0.0275 0 0 0 0 0 0 0 0 0 0 0 0 0 0 0 0 0 0 0 0 0 0 0 0 0 0 0 0 1 0 0.116472 0 0 0.0013048 0.015015 0.0396737 1 
0 0 0.64986 0 0 0 0 0 0 0 0 0 0 0 0 0 0 0 0 0 0 0 0 0 0 0 0 0 0 0 0 0 0 0 0 0 0 0 0 0 0 0 0 0 0 0 0 0 0 0.199953 0 0 0 0 0.00123574 0.00525526 0.00556174 0 
0 0 0.156863 0 0 0 0 0 0 0.273839 0 0 0 0 0 0 0 0 0.152115 0 0.07 0.168666 0 0 0 0 0 0 0 0 0 0 0 0 0 0 0 0 0 0 0 0 0 0 0 0 0 0 0 0.11543 0.120563 0.0709271 0 0.242462 0.00380931 0.0157658 0.0437523 1 
0 0.0210084 0.210084 0 0.03 0 0.0206327 0 0 0.110024 0.075 0 0.027027 0 0.0649351 0.0204082 0 0.148221 0.0135014 0.024 0.075 0 0 0 0 0 0 0.0345622 0 0 0 0 0.0205198 0 0 0 0 0 0 0 0 0 0 0 0 0 0 0 0 0.00468274 0 0.0633663 0.00605144 0.0252308 0.00741441 0.111111 0.195773 1 
0 0 0 0 0 0 0.404402 0.471154 0.625532 0.359413 0.735 0 0 0 0 0 0.287109 0 0 0.2352 0.55125 0 0 0 0 0 0 0 0 0 0 0 0 0 0 0 0.213353 0 0 0 0 0 0 0 0 0 0 0 0 0.0332475 0 0.0768677 0.0429652 0 0.137137 0.204955 0.051168 1 
0 0 0 0 0 0 0 0 0 0 0 0 0 0 0 0 0 0 0 0 0 0 0 0 0 0 0 0 0 0 0 0 0 0 0 0 0 0 0 0 0 0 0 0.139256 0.116 0 0 0 0 0.0957621 0 0 0 0 0 0 0.00166852 0 
0.1725 0 0 0 0.139 0 0.0949106 0 0 0 0 0.109698 0 0 0 0 0 0 0.314131 0 0.17375 0 0 0 0 0 0 0 0 0 0 0 0 0 0 0 0 0 0 0 0 0 0 0 0 0 0 0 0 0 0 0.0352835 0 0 0.00765766 0.042042 0.0337412 1 
0 0 0 0 0 0 0 0 0 0 0 0 0 0 0 0 0 0 0 0 0 0 0 0 0 0 0 0 0 0 0 0 0 0 0 0 0 0 0 0 0 0 0 0 0 0 0 0 0 0 0 0 0 0 0.000345345 0.00225225 0.00278087 0 
0 0 0 0 0.185 0 0 0 0 0 0 0.294118 0.333333 0 0 0 0 0 0.166517 0 0 0 0 0 0 0 0 0 0 0 0 0 0 0 0 0 0 0 0.166517 0 0 0 0 0 0 0 0 0 0 0 0 0 0 0 0.00107207 0.00225225 0.0020393 0 
0 0 0 0 0.19 0 0.130674 0 0 0.232274 0 0.151033 0 0 0 0 0 0 0.513951 0.608 0.35625 0 0 0 0 0 0 0 0 0 0 0 0 0 0 0 0 0 0 0 0 0 0 0 0 0 0 0 0 0 0 0.0264626 0 0 0.000600601 0.00375375 0.00370782 1 
0 0 0.736695 0 0 0 0 0 0 0 0 0.418124 0 0 0 0 0 0 0.236724 0 0 0 0 0 0.171001 0.342003 0.1052 0 0 0 0 0 0 0 0 0 0 0 0 0 0 0 0 0 0 0 0 0 0 0 0 0 0 0 0 0 0.00129774 0 
0 0.017507 0.0336134 0 0.037 0 0 0.0384615 0 0.0904645 0.125 0.0588235 0.0216216 0 0 0 0.0234375 0 0.0333033 0 0.015 0 0.0510638 0 0.163199 0 0 0 0 0.0576037 0 0 0.0164159 0 0 0 0.0174165 0 0 0 0 0 0 0 0 0 0 0 0.0040282 0.0117069 0 0.0090009 0 0 0.00212312 0.018018 0.0678532 0 
0 0 0.0504202 0 0.055 0.229814 0.0247593 0.0576923 0 0.0440098 0 0.0286169 0 0 0 0 0 0 0.0666067 0 0.04625 0 0.0765957 0 0 0 0 0 0 0 0 0 0.0752394 0 0 0.170507 0 0 0 0 0 0 0 0 0 0 0 0 0 0.0189651 0 0 0.00816944 1 0.00199099 0.00750751 0.0671116 1 
0 0 0 0 0.151 0 0 0 0 0 0 0.481717 0 0 0 0 0 0 0.135914 0 0 0 0 0 0 0 0 0 0 0 0 0 0 0 0 0 0 0 0 0 0 0 0 0.0906363 0 0 0 0 0 0.128073 0 0 0 0 0.00112613 0.003003 0.00500556 0 
0 0 0 0 0 0 0 0 0 0 0 0 0 0 0 0 0 0 0 0 0 0 0 0 0 0 0 0 0 0 0 0 0 0 0 0 0 0 0 0 0 0 0 0 0 0 0 0 0 0 0 0 0 0 0.00187688 0.00375375 0.00148313 0 
0.0025 0.00070028 0.0196078 0 0.005 0 0 0.00320513 0.012766 0.0317848 0.025 0 0 0.00900901 0 0 0.00195312 0.013834 0.00090009 0 0.00125 0 0 0 0 0 0 0 0 0 0 0 0.00957592 0 0 0.0299539 0 0 0 0.00230415 0.0644258 0 0 0.00180072 0 0.112045 0.00460829 0.0654206 0.0125881 0.0704753 0.0801714 0.000360036 0.0272315 0.00123077 0.00236787 0.0608108 1 0 
0.1875 0 0.103641 0 0 0 0 0 0 0 0 0 0.0666667 0 0 0 0 0 0.10081 0 0.23375 0 0 0 0.0487646 0.0481144 0.0748 0.0852535 0.0259104 0.0852535 0.0852535 0.0852535 0 0.0852535 0.0852535 0.0852535 0.108853 0 0.0333033 0.0852535 0 0 0.736695 0 0.0375 0 0 0 0 0.0714118 0 0.0109811 0 0 0.00135586 0.00900901 0.0216908 0 
0 1 0 0 0 0 0 0 0 0 0 0 0 0 0 0 0 0 0 0 0 0 0 0 0 0 0 0 0 0 0 0 0 0 0 0 0 0 0 0 0 0 0 0 0 0 0 0 0 0 0 0 0 0 0.0012012 0.003003 0.00148313 0 
0 0 0 0 0 0 0 0 0 0.195599 0 0.170111 0 0 0 0.0353741 0 0 0.0963096 0 0.235 0 0 0 0.139792 0.209363 0.0428 0.0599078 0.0182073 0.0599078 0.0599078 0.0599078 0 0.0599078 0.0599078 0.0599078 0.0769231 0 0 0.0599078 0 0 0.148459 0.0318127 0.0265 0 0 0 0.0438066 0.102318 0 0.00774077 0 0 0.00282132 0.0135135 0.0483871 0 
0 0 0 0 0.063 0 0.042641 0.201923 0.131915 0.154034 0.155 0.0492846 0.0558559 0 0 0.0421769 0 0 0.286229 0 0.03875 0 0 0 0 0 0 0 0 0 0 0 0 0 0 0 0 0 0 0 0 0 0 0 0 0 0 0 0 0.0320768 0 0.0246625 0 0 0.00380931 0.0292793 0.0352243 1 
0 0 0 0 0 0 0 0 0 0 0 0 0 0 0 0 0 0 0 0 0 0 0 0 0 0 0 0 0 0 0 0 0 0 0 0 0 0 0 0 1 0 0 0 0 1 0 0 0 0 0 0 0 0 0.00675676 0.00675676 0.00185391 0 
0.025 0 0.0280112 0 0 0 0 0 0.391489 0 0 0.063593 0 0 0 0 0.0195312 0 0.0360036 0 0.025 0 0 0 0.0331599 0.0793238 0.004 0 0 0 0 0 0.0410397 0 0 0 0.0145138 0 0 0 0 0 0 0.0060024 0 0 0 0 0.00352467 0.0360571 0.0171359 0 0.00847201 0 0.00268018 0.0232733 0.0938079 0 
0.0425 0 0.047619 0 0.152 0.217391 0.00687758 0.0160256 0.0212766 0.0122249 0.025 0.0826709 0.0522523 0.00900901 0 0 0.125 0.00988142 0.378938 0.0368 0.13875 0 0.344681 0.0113379 0 0 0 0 0 0 0 0 0 0 0 0 0 0 0 0 0 0 0.0140056 0 0 0 0 0 0.00251762 0.0121751 0 0.00180018 0.0505295 0 0.00125826 0.00900901 0.0863923 1 
0.025 0 0.0280112 0 0.04 0.0621118 0.0137552 0 0.0851064 0.0488998 0.2 0.0794913 0 0.108108 0 0.12381 0.0390625 0 0.154815 0.6816 0.215 0 0.170213 0.0453515 0 0 0 0 0 0 0 0 0 0 0 0 0 0 0 0 0 0 0 0 0 0 0 0 0 0.0224772 0 0.060486 0.0484115 0 0.00864565 0.37012 0.264182 1 
0 0.0133053 0.159664 0 0.009 0.173913 0.0123796 0.0288462 0.161702 0.0464548 0 0.09062 0.102703 0 0 0.0258503 0 0 0.180918 0 0.17875 0 0 0.0430839 0 0 0 0 0 0 0 0 0 0 0 0 0 0 0 0 0 0 0 0 0 0 0 0 0.00881168 0.0538516 0 0.0158416 0.0375189 0 0.00210961 0.0367868 0.0680386 1 
0 1 0 0 0 0 0 0 0 0 0 0 0 0 0 0 0 0 0 0 0 0 0 0 0 0 0 0 0 0 0 0 0 0 0 0 0 0 0 0 0 0 0 0 0 0 0 0 0 0 0 0 0 0 0.0012012 0.003003 0.00148313 0 
0 0 0 0 0.156 0 0.21458 0 0 0 0 0 0 0 0 0 0 0 0.140414 0 0 0 0 0 0 0 0 0 0 0 0 0 0 0 0 0 0 0 0 0 0 0 0 0 0 0 0 0 0 0 0 0.138074 0.0771558 0 0.0106351 0.0600601 0.0177976 1 
0 0 0.0812325 0 0 0 0 0 0 0 0 0 0 0 0 0 0 0 0 0 0 0 0 0 0 0 0 0 0 0 0 0 0 0 0 0 0 0.185897 0 0 0 0 0 0 0.0145 0 0 0 0.0251762 0.0826504 0.0305998 0 0 0 0.000340841 0.00225225 0.00482017 0 
0 0 0 0 0 0 0 0 0 0.171149 0 0 0 0 0 0 0 0 0 0 0 0 0 0 0 0 0.028 0 0 0 0 0 0 0 0 0 0 0 0 0 0 0 0 0 0 0 0 0 0 0.0531491 0.138923 0 0 0 0.00456907 0.0202703 0.0342974 0 
0 0 0 0 0 0 0 0 0 0 0 0.529412 0 0 0 0 0 0 0 0 0 0 0 0 0 0 0 0 0 0 0 0 0 0 0 0 0 0 0 0 0 0 0 0 0 0 0 0 0 0 0 0 0 0 0 0 0.000556174 0 
0 0 0 0 0 0 0 0 0 0 0 0 0 0 0 0 0 0 0 0 0 0 0 0 0 0 0.222 0 0 0 0 0 0 0 0 0 0 0 0 0 0 0 0 0 0.2775 0 0 0 0 0 0 0 0 0 0 0 0.000741565 0 
0 0 0 0 1 0 0 0 0 0 0 0 0 0 0 0 0 0 0 0 0 0 0 0 0.650195 0 0 0 0 0 0 0 0 0 0 0 0 0 0 0 0 0 0 0 0 0 0 0 0 0 0 0 0 0 0.0005 0.000750751 0.000556174 0 
0.3475 0 0.585434 0 0 0 0 0 0 0 0 1 0 0 0 0.0938776 0 0 0.377138 0.1104 0.08625 0 0 0 0 0 0 0 0 0 0 0 0 0 0 0 0 0 0.0621062 0 0 0 0 0 0 0 0 0 0 0 0 0.0457246 0 0 0.0015015 0.00900901 0.0116796 0 
0 0.0252101 0 0 0.036 0 0 0 0 0.0880196 0 0.0572337 0 0 0 0 0 0 0.0972097 0 0 0.541229 0 0 0 0 0 0 0 0 0 0 0 0 0 0 0 0 0 0 0 0 0 0 0 0 0 0 1 0 0 0.0113411 0 0.310154 0.00814264 0.0315315 0.0617353 0 
0 0 0 0 0 0 0 0 0 0 0 0 0 0 0 0 0 0 0 0 0 0 0 0 0.240572 0.481144 0.148 0 0 0 0 0 0 0 0 0 0 0 0 0 0 0 0 0 0 0 0 0 0 0 0.394737 0 0 0.396923 0.00283483 0.00525526 0.00463478 0 
0 0 0 0 0 0 0 0 0 0 0 0 0 0 0 0 0 0 0.221422 0 0.15375 0 0 0 0 0 0.0492 0 0 0 0 0 0 0 0 0 0 0 0 0 0 0 0 0 0 0 0 0 0 0 0 0 0 0 9.30931e-05 0.000750751 0.00296626 0 
0 0 0.148459 0 0.053 0 0.0729023 0 0 0.129584 0 0 0 0 0 0 0.103516 0 0.526553 0 0.39875 0 0 0 0 0 0 0 0 0 0 0 0 0 0 0 0 0 0 0 0 0 0 0 0 0 0 0 0 0.0210723 0 0.0649865 0 0 0.00215766 0.0135135 0.0142751 1 
0 0 0.366947 0 0 0 0 0 0 0 0 0.208267 0 0 0 0 0 0 0.117912 0 0.6575 0 0 0.297052 0 0 0 0 0 0 0 0 0 0 0 0 0 0 0 0 0 0 0 0 0 0 0 0 0 0 0 0 0.0641452 0 0.00573273 0.018018 0.00964034 1 
0 0 0 0 0 0 0 0 0 0 0 0.721781 0 0 0 0 0 0 0 0 0 0 0 0 0 0 0 0 0.636555 0 0 0 0 0 0 0 0 0 0 0 0 0.636555 0 0 0 0 0 0 0 0 0 0 0 0 0.001 0.00225225 0.00259548 0 
0 0 0.0784314 0 0.028 0 0 0 0 0 0 0.311606 0 0 0 0 0 0 0 0 0 0 0 0 0 0 0 0 0 0 0 0 0 0 0.0645161 0 0.0812772 0 0 0 0 0 0 0 0 0 0 0 0 0.0421447 0 0 0 0 0.000785285 0.00750751 0.0294772 0 
0 0 0.170868 0 0 0 0 0 0 0 0 0.292528 0 0 0 0 0 0 0 0 0 0 0 0 0 0.0793238 0 0 0 0 0 0 0 0 0 0 0 0 0 0 0 0 0 0 0 0 0.281106 0 0.0198892 0.0369937 0 0 0 0 0.00226426 0.012012 0.0263255 0 
0.04 0.00560224 0 0 0 0 0 0 0.0680851 0.0806846 0 0.106518 0 0 0.034632 0 0.0976562 0.0652174 0.0522052 0.0256 0.0525 0 0 0.0181406 0.0871261 0.0754226 0 0 0 0.0184332 0 0 0 0 0 0.251152 0.194485 0 0.0144014 0 0 0 0 0.00480192 0 0 0 0 0.021148 0.095528 0.0367197 0 0.00363086 0 0.00477327 0.0773273 0.306637 0 
0 0 0 0 0 0 0 0 0 0 0 0 0 0 0 0 0 0 0.236724 0 0.32875 0 0 0 0 0 0 0 0 0 0 0 0 0 0 0 0 0 0 0 0 0 0 0 0 0 0 0 0 0.122454 0 0 0 0 0.000900901 0.00225225 0.00278087 0 
0 0 0 0 0 0.142857 0 0 0 0 0 0.073132 0 0 0 0.062585 0.0898438 0.0454545 0.270027 0 0.08625 0 0 0 0 0 0 0 0 0 0 0 0.0314637 0 0 0 0 0 0 0 0 0 0 0 0 0 0 0 0.0193857 0.00889721 0 0 0 0.0233846 0.0024024 0.0307808 0.0335558 1 
0 0 0 0 0 0 0 0 0 0 0 0 0 0 0 0 0 0 0 0 0 0 0 0 0 0 0 0 0 0 0 0 0 0 0 0 0 0 1 0 0 0 0 0 0.5555 0 0 0 0 0.349333 0 0 0 0 0.000857357 0.00225225 0.00185391 0 
0.31 0.0287115 0.347339 0 0 0 0 0 0 0 0 0.0651828 0 0 0 0.0557823 0 0.162055 0.335734 0 0.155 0 0 0.0929705 0 0 0 0 0 0 0 0 0 0 0 0 0 0 0 0 0 0 0 0 0.0205 0 0 0 0 0.0152189 0 0.0829883 0.159455 0 0.00325225 0.0135135 0.0209492 1 
0 0 0 0 0 0 0 0 0 0 0 0 0 0 0 0 0 0 0 0 0 0 0 0 0 0 0.8 0 0 0 0 0 0 0 0 0 0 0 0 0 0 0 0 0 0 0 0 0 0 0 0 0 0 0 0 0 0.000741565 0 
0 0 0 0 0 0 0 0 0 0 0 0 0 0 0 0 0 0 0.153015 0 0.10625 0 0 0 0.0552666 0 0 0 0 0 0 0 0.116279 0 0 0 0 0 0 0 0 0.0595238 0 0.0510204 0 0 0 0 0 0 0.0844553 0 0 0 0.000342342 0.00225225 0.00778643 0 
0 0 0 0 0 0 0 0 0 0 0 0 0 0 0 0 0 0 0.390639 0 0 0 0 0 0 0 0 0 0 0 0 0 0 0 0 0 0 0 0 0 0 0 0 0 0 0 0 0 0 0 0 0.473627 0 0 0.001 0.003003 0.00259548 1 
0 0 1 0 0 0 0 0 0 0 0 0 0 0 0 0 0 0 0 0 0 0 0 0 0 0 0 0 0 0 0 0 0 0 0 0 0 0 0 0 0 0 0 0 0 0 0 0 0 0.173262 0 0.133213 0 0 0.00175075 0.0045045 0.00463478 0 
0 0 0 0 0.322 0 0 0 0 0 0 0.511924 0 0 0 0 0 0 0 0 0 0 0 0 0 0 0.1288 0 0 0 0 0 0 0 0 0 0 0 0 0 0 0.22549 0 0 0.3225 0 0 0 0 0.119878 0 0 0 0 0.0021021 0.00750751 0.004264 0 
0 0 0.218487 0 0 0 0 0 0 0 0 0.249603 0 0 0 0 0 0 0.282628 0 0 0 0 0 0 0 0 0.361751 0 0 0 0 0 0 0 0 0 0 0 0 0 0.0546218 0 0 0 0.109244 0 0 0 0.102318 0 0.0156616 0 0 0.00272072 0.00900901 0.0164998 0 
0.0075 0 0.00840336 0.00304236 0.006 0.0186335 0 0 0.13617 0 0 0.0143084 0 0 0 0 0 0.00592885 0.0117012 0 0.01125 0 0 0 0.0910273 0.187256 0.0012 0 0 0 0 0 0.0123119 0 0 0.00691244 0.184325 0.0192308 0 0 0 0 0 0.00360144 0 0 0 0 0.0568983 0.0550222 0.110771 0 0.00272315 0 0.00263363 0.0247748 0.498146 0 
0 0 0.310924 0 0 0 0.152682 0 0 0 0.555 0.176471 0 0 0 0.302041 0 0 0.29973 0 0.41625 0 0 0 0 0 0 0 0 0 0 0 0 0 0 0 0 0 0 0 0 0 0 0 0 0 0 0 0 0.0323109 0 0.0248425 0.0417549 0 0.00255255 0.00750751 0.00982573 1 
0 0 0 0 0 0 0 0 0 0 0 0 0 0 0 0 0 0 0 0 0 0 0 0 0 0 0 0 0 0 0 0 0 0 0 0 0 0 0 0 0 0 0 0 0 0 0 0 0.0818228 0 0 0 0 0 0 0 0.00241009 0 
0 0 0.0588235 0 0 0.130435 0 0 0 0.0513447 0.105 0.203498 0 0 0 0 0.0410156 0 0.115212 0 0.08 0 0 0 0 0 0 0 0 0 0 0 0 0 0 0 0.0928882 0 0 0 0 0 0 0 0 0 0 0.598131 0 0 0 0 0.0293495 0 0.00217868 0.0405405 0.0470894 0 
0 0 0 0 0.054 0.167702 0 0.519231 0 0.396088 0 0 0 0 0.233766 0 0 0.0533597 0.194419 0 0.3375 0 0 0 0 0 0 0 0 0 0 0 0 0 0 0.31106 0 0 0 0.373272 0 0 0 0 0 0 0 0 0 0.00889721 0.0232558 0.0833483 0 0 0.0104219 0.048048 0.074898 1 
0 0 0 0 0 0 0 0 0 0 0 0.155803 0 0 0 0 0 0 0 0 0 0 0 0 0.0318596 0.127438 0 0 0 0 0 0 0 0 0 0 0 0 0 0 0 0 0 0 0 0 0 0.457944 0 0 0 0.0286229 0 0 0.000675676 0.0045045 0.0135336 0 
0 0 0 0 0 0 0 0 0 0 0 0 0 0 0 0 0 0 0 0 0 0 0 0 0 0 0 0 0 0 0 0 0 0 0 0 0 0 0 0 0 0 0 0 0 0 0 0 0 0 0 0 0 0 0 0 0.000370782 0 
0 0 0.0644258 0 0 0.142857 0 0 0 0 0 0 0 0 0 0 0 0 0.0207021 0 0 0 0 0 0 0 0 0 0 0 0 0 0 0 0 0 0 0 0 0 0.0322129 0 0 0 0.0115 0.196078 0 0 0 0.0149848 0 0.0289829 0 0 9.75976e-05 0.0045045 0.0268817 0 
0 0 0 0 0 0 0 0 0 0 0 0 0 0 0 0 0 0 0 0 0 0 0 0 0 0 0.08 0 0.140056 0 0 0 0.273598 0 0 0 0 0 0 0 0 0 0 0 0 0 0 0 0 0.0800749 0 0 0 0.210462 0.00262763 0.0045045 0.0100111 0 
0 0 0 0 0 0 0 0 0 0 0 0 0 0 0 0 0 0 0 0 0 0 0 0 0 0 0 0 0 0 0 0 0.317373 0 0 0 0 0 0 0 0 0 0 0 0.116 0 0 0 0 0 0 0 0 0 0.0015015 0.00225225 0.00278087 0 
0.215 0 0 0 0 0 0 0 0 0 0 0 0 0 0 0 0 0 0 0 0 0 0 0 0 0 0 0 0 0 0 0 0.117647 0 0 0 0 0.551282 0 0 0 0 0 0.103241 0 0 0 0 0 0 0 0 0 0 0.000846847 0.0045045 0.0111235 0 
0 0 0.815126 0 0 0 0 0 0 0 0 0 0 0 0 0 0 0 0.174617 0 0 0 0 0 0 0 0 0 0 0 0 0 0 0 0 0 0 0 0 0 0 0 0 0 0 0 0 0 0 0.0910794 0 0.070027 0 0 0.00039039 0.0015015 0.00519095 0 
0.1075 0 0 0 0.087 0.540373 0 0 0 0.105134 0 0.346582 0 0 0 0 0.339844 0 0.0783078 0 0.10875 0 0 0.0975057 0 0 0 0 0 0 0 0 0 0 0 0.0990783 0 0 0 0 0 0 0 0 0 0 0 0 0 0 0 0.150315 0 0 0.00617718 0.0795796 0.0329996 1 
0.1325 0 0.296919 0 0.053 0 0.145805 0 0 0 0 0.0842607 0 0 0 0.144218 0.103516 0 0.382538 0 0.1325 0 0.676596 0 0 0 0 0 0 0 0 0 0 0 0 0 0 0 0 0 0 0 0 0 0.0265 0 0 0 0 0 0 0.217462 0.0783661 0 0.00684384 0.0563063 0.0348535 1 
0 0 0.173669 0 0 0 0 0 0 0 0 0.0492846 0 0 0 0 0 0 0.306931 0 0 0 0 0 0.020156 0 0 0 0 0 0 0 0 0 0 0.0714286 0 0 0 0 0.0868347 0 0 0 0.062 0 0 0 0 0.0262234 0 0.0405041 0 0 0.0013003 0.00225225 0.00500556 0 
0 0 0 0 0 0.490683 0 0 0 0 0 0 0 0 0 0.107483 0 0 0.142214 0 0 0 0.33617 0 0 0 0 0 0 0 0 0 0 0 0 0 0.114659 0 0 0 0 0 0 0 0 0 0 0 0.0289527 0.0540857 0.212362 0.0831683 0 0 0.0071967 0.0157658 0.0309603 1 
0 0 0.148459 0 0 0.329193 0 0 0 0.129584 0 0 0.0954955 0 0 0 0 0 0.193519 0 0.06625 0 0 0 0 0 0 0 0 0 0 0 0 0 0 0 0 0 0 0 0 0 0 0 0.0535 0 0 0 0 0.0236479 0 0 0 0 0.00128679 0.0112613 0.00945495 0 
0 0 0 0 0 0 0 0 0 0 0 0 0 0 0 0 0 0 0 0 0 0 0 0 0 0 0.8 0 0 0 0 0 0 0 0 0 0 0 0 0 0 0 0 0 0 0 0 0 0 0 0 0 0 0 0 0 0.000741565 0 
0 0 0.442577 0 0 0 0 0 0 0 0 0 0 0 0 0 0 0 0 0 0 0 0 0 0 0 0 0 0 0 0 0 0 0 0 0.364055 0 0 0.142214 0 0 0 0 0 0 0 0 0 0 0 0 0 0 0 0.000696697 0.0045045 0.00741565 0 
0 0 0 0 0 0 0 0 0 0 0 0.114467 0 0 0 0 0 0 0.130513 0 0.2725 0 0 0 0.0942783 0.0936281 0.058 0.165899 0.0504202 0.165899 0.165899 0.165899 0 0.165899 0.165899 0.165899 0.104499 0 0.0648065 0.165899 0 0 0.201681 0 0.036 0 0 0 0 0.0859284 0 0 0 0 0.00134685 0.00825826 0.0135336 0 
1 0 0.280112 0 0.1 0 0 0 0 0 0 0.158983 0 0 0 0 0 0 0 0 0 0 0 0 0 0 0 0 0 0 0 0 0 0 0 0 0 0 0 0 0 0 0 0 0 0 0 0 0 0.0393351 0 0.030243 0 0 0.000689189 0.00675676 0.00982573 0 
0 0 0 0 0 0 0 0 0 0 0 0 0 0 0 0 0 0 0 0 0 0 0 0 0 0 0.2664 0 0 0 0 0 0 0 0 0 0 0 0 0 0 0 0 0 0 0 0 0 0.303122 0 0 0 0 0 0.000427928 0.000750751 0.00148313 0 
0.135 0 0.302521 0 0.054 0 0.148556 0 0 0 0 0.0858506 0 0 0 0.0734694 0.105469 0 0.388839 0 0.135 0 0.689362 0 0 0 0 0 0 0 0 0 0 0 0 0 0 0 0 0 0 0 0 0 0.027 0 0 0 0 0 0 0.219262 0.0789713 0 0.00649099 0.0503003 0.0333704 1 
0 0 0 0 0 0 0.0618982 0 0 0.110024 0.11 0.0349762 0 0 0.0952381 0.029932 0 0.0434783 0.142214 0 0.14125 1 0.382979 0 0 0 0 0 0 0 0 0 0 0 0 0 0.0319303 0 0 0 0 0 0 0 0 0 0 0 0 0 0 0.00666067 0.0453858 0.974769 0.0194234 0.0848348 0.245273 1 
0.0675 0 0.0756303 0 0 0 0 0 0 0 0 0.257552 0.0486486 0 0 0 0.0527344 0 0.438344 0 0.10125 0.0202399 0.114894 0 0 0 0 0 0 0 0 0 0 0 0 0 0 0 0.0243024 0 0 0 0 0 0 0 0 0 0 0 0 0.157336 0.0154312 0.0313846 0.00687988 0.045045 0.0691509 1 
0 0 0 0 0 0 0 0 0 0 0 0.287758 0 0 0 0 0 0 0 0 0.22625 0 0 0 0 0 0 0 0 0 0 0 0 0 0 0 0 0 0 0 0 0 0 0 0 0 0 0 0 0 0 0.0556256 0 0 0.0005 0.00750751 0.0101965 1 
0.0425 0 0.190476 0 0.034 0.21118 0 0 0 0 0 0 0 0 0 0 0 0.0671937 0.432043 0 0.235 0 0 0 0 0 0 0 0 0 0 0 0 0 0 0 0 0 0 0 0 0 0 0 0.0255 0.0238095 0 0 0 0.00749239 0 0.0117012 0 0 0.000283784 0.003003 0.0126066 0 
0.055 0 0.0196078 0 0.007 0.0434783 0 0.0448718 0 0.0880196 0 0.0810811 0.0792793 0.0126126 0 0 0.0566406 0.013834 0.00630063 0 0.00875 0 0 0 0.129389 0 0 0 0.0203081 0.0668203 0 0 0 0 0 0.0322581 0.0101597 0.0448718 0 0 0 0 0 0 0 0 0 0 0.0103223 0.00725825 0 0.00558056 0 0 0.00136937 0.0157658 0.105117 0 
0 0 0 0 0 0 0 0 0 0 0 0 0 0 0 0 0 0 1 0 0 0 0 0 0 0 0 0 0 0 0 0 0 0 0 0 0 0 0 0 0 0 0 0 0 0 0 0 0 0 0 0 0 0 0.000375375 0.000750751 0.000741565 0 
0 0 0 0 0 0 0 0 0 0 0 0 0 0 0 0 0 0 0.438344 0 0.10125 0 0 0 0 0 0 0 0 0 0 0 0 0 0 0 0 0 0 0 0 0 0 0 0 0 0 0 0 0.111918 0 0 0 0 0.0005 0.00225225 0.00500556 0 
0 0 0 0 0 0 0 0 0 0.110024 0 0 0 0 0 0 0 0 0 0 0 0 0 0 0 0 0.018 0 0 0 0 0 0 0 0 0 0 0 0 0 0 0 0 0 0 0 0 0 0 0.0508078 0.177479 0 0 0 0.0051967 0.0202703 0.053578 0 
0.0125 0 0 0 0 0.0621118 0 0 0 0.0244499 0.025 0.0763116 0 0 0.021645 0.0285714 0.0195312 0 0.145815 0.008 0.135 0 0.0893617 0.0113379 0.13329 0.0624187 0.002 0.0368664 0 0.0368664 0.062212 0 0 0 0.0483871 0 0.0391872 0 0.0144014 0 0 0 0 0 0.0025 0 0 0.0934579 0 0.0676657 0.00917993 0.0111611 0.0139183 0 0.00151201 0.0232733 0.190026 0 
0 0 0 0 0 0 0 0 0 0 0 0 0.29009 0 0 0 0 0 0 0 0 0 0 0 0 0 0 0 0 0 0 0 0 0 0 0 0 0 0 0 0 0 0 0 0 0 0 0 0 0 0 0 0 0 0.000576577 0.00225225 0.00315165 0 
0 0 0 0 0 0 0 0 0 0 0 0 0 0 0 0 0 0 0.187219 0 0 0 0 0 0 0 0 0 0 0 0 0 0 0 0 0 0 0 0 0 0 0 0 0 0 0 0 0 0 0 0 0 0 0 0.000642643 0.00225225 0.00166852 0 
0.025 0.0140056 0.282913 0 0.08 0.496894 0.0687758 0 0.340426 0.0244499 0.15 0.111288 0.0540541 0 0.69697 0.0136054 0 0.219368 0.117912 0.032 0.0875 0 0.255319 0.0226757 0 0 0 0 0 0 0 0 0 0 0 0 0 0 0 0 0 0 0.0560224 0 0.005 0.0140056 0 0 0 0.0257551 0 0.0878488 0.0475038 0.00923077 0.0113363 0.501502 0.250278 1 
0 0 0 0 0 0 0 0 0 0 0 0 0 0 0 0 0 0 0 0 0 0 0 0 0 0 0 0 0 0 0 0 0 0 0 0 0 0 0 0 0 0 0 0 0 0 0 0 0 0 0 0 0 0 0 0 0.000370782 0 
0.4075 0 0.456583 0 0 0 0 0 0.693617 0 0 0 0 0 0 0.221769 0 0 0.294329 0 0.40875 0 0 0 0 0 0 0 0 0 0 0 0 0 0 0 0 0 0 0 0 0 0 0 0 0 0 0 0 0 0 0.136634 0.0765507 0 0.0015015 0.0112613 0.00648869 1 
0 0 0.10084 0 0 0.0559006 0 0.0288462 0 0 0.045 0.0572337 0.0162162 0 0 0 0.0527344 0 0 0 0 0 0.0382979 0 0.208062 0 0 0 0 0 0 0 0.0369357 0 0 0 0 0 0 0 0 0 0.0252101 0 0 0 0 0 0.0251762 0.0412081 0 0 0.0378215 0 0.00203604 0.015015 0.11865 0 
