Spambase-460 58 230
0 0.0294118 0.117647 0 0.127 0 0.0577717 0 0 0.310513 0 0 0 0 0 0.172789 0 0 0.153015 0.0672 0.15875 0 0 0.0952381 0 0 0 0 0 0 0 0 0 0 0 0 0.184325 0 0 0.0967742 0 0 0 0 0 0 0 0 0 0.0147506 0 0.10297 0.019062 0 0.0069955 0.0405405 0.045977 1 
0 0.087535 0 0 0 0 0.171939 0 0 0 0 0 0 0 0 0.170068 0.244141 0.247036 0.112511 0 0.46875 0 0 0 0 0 0 0 0 0 0 0 0.170999 0 0 0 0 0 0 0 0 0 0 0 0 0 0 0 0.0501007 0 0 0.0536454 0 0 0.00446847 0.0232733 0.0315165 1 
0.08 0 0.179272 0 0.032 0.198758 0 0.512821 0.13617 0.156479 0.16 0.101749 0 0 0 0 0.3125 0 0.115212 0.4112 0.44125 0 0 0 0 0 0 0 0 0 0 0 0 0 0 0 0 0 0 0.0737327 0 0 0 0 0 0 0 0 0 0.0498712 0 0.211341 0.0320726 0 0.00387988 0.0465465 0.0589544 1 
0.025 0.0140056 0.282913 0 0.08 0.496894 0.0687758 0 0.340426 0.0244499 0.15 0.111288 0.0540541 0 0.69697 0.0136054 0 0.219368 0.117912 0.032 0.0875 0 0.255319 0.0226757 0 0 0 0 0 0 0 0 0 0 0 0 0 0 0 0 0 0 0.0560224 0 0.005 0.0140056 0 0 0 0.0257551 0 0.0882088 0.0478064 0.00923077 0.0113363 0.501502 0.250278 1 
0 1 0 0 0 0 0 0 0 0 0 0 0 0 0 0 0 0 0 0 0 0 0 0 0 0 0 0 0 0 0 0 0 0 0 0 0 0 0 0 0 0 0 0 0 0 0 0 0 0 0 0 0 0 0.0012012 0.003003 0.00148313 0 
0 0.0119048 0.288515 0 0.068 0.10559 0.0935351 0 0 0.0415648 0 0.027027 0.0306306 0 0.147186 0.140136 0.0664062 0.0335968 0.309631 0 0.17125 0 0 0 0 0 0 0 0 0 0 0 0 0 0 0 0 0 0 0.0391705 0 0 0 0 0 0 0 0 0 0.0196675 0 0.010081 0.0593041 0 0.00189189 0.039039 0.038376 1 
0 0 0.392157 0 0.046 0 0.0632737 0.448718 0 0.112469 0 0 0 0 0 0 0 0 0.252025 0 0.2325 0 0 0 0 0 0 0 0 0 0 0 0 0 0 0 0 0 0 0.214286 0 0 0 0 0 0 0 0 0 0.0287989 0 0.0666067 0 0 0.00771321 0.0397898 0.057842 1 
0 0 0 0 0 0 0 0 0 0 0 0 0 0 0 0 0 0 0.169217 0 0.05875 0 0 0 0.184005 0.305592 0.0752 0.541475 0.0987395 0.324885 0.108295 0.108295 0 0.108295 0.324885 0.108295 0.0682148 0 0 0.108295 0 0 0.131653 0 0.0705 0 0 0 0 0.0337158 0.0440636 0.0129613 0 0 0.0015015 0.00900901 0.0309603 0 
0 0 0.29972 0 0.053 0 0 0 0 0 0 0 0 0 0 0 0 0 0.289829 0.0848 0.13375 0.604198 0 0 0 0 0 0 0 0 0 0 0 0 0 0 0 0 0 0 0 0 0 0 0 0 0 0 0 0 0 0.0477048 0.0266263 0.708308 0.0151141 0.0495495 0.0613645 1 
0 0 0.215686 0 0.038 0.236025 0.0522696 0 0 0.188264 0.19 0.0604134 0 0 0 0.104762 0.150391 0.152174 0.207921 0 0.14375 0 0 0.0861678 0 0 0 0 0 0 0 0 0 0 0 0 0 0 0 0 0 0 0 0 0 0 0 0 0.015861 0.0297354 0.156059 0.0918092 0 0 0.00403153 0.0457958 0.0476455 1 
0 0 1 0 0 0 0 0 0 0 0 0 0 0 0 0 0 0 0 0 0 0 0 0 0 0 0 0 0 0 0 0 0 0 0 0 0 0 0 0 0 0 0 0 0 0 0 0 0 0.173262 0 0.133213 0 0 0.00175075 0.0045045 0.00463478 0 
0 0 0 0 0 0 0 0 0 0 0 0 0 0 0 0 0 0 0 0 0 0 0 0.190476 0.0825748 0.0546164 0 0 0 0 0 0 0 0 0 0 0 0 0 0 0 0 0 0 0.042 0 0 0 0.0818228 0.182861 0 0 0 0 0.00564264 0.00975976 0.0509826 0 
0 0 0 0 0.043 0 0 0 0 0 0 0.0683625 0 0 0 0 0 0 0.19712 0 0 0 0 0 0 0 0.0172 0 0 0 0 0 0.119015 0 0 0 0 0 0 0 0 0 0 0 0 0 0 0 0.0198892 0.0369937 0 0 0 0 0.000172673 0.000750751 0.00519095 0 
0 0 0.282913 0 0 0 0.0687758 0 0 0.493888 0.755 0.240064 0 0 0 0.0680272 0 0 0.317732 0 0.12625 0 0.642553 0.229025 0 0 0 0 0 0 0 0 0 0 0 0 0 0 0 0 0 0 0 0 0 0 0 0 0 0.0208382 0 0.257606 0.162179 0 0.00463964 0.0165165 0.0415276 1 
0 0 0 0 0 0 0 0 0 0 0 0.222576 0 0 0 0 0.136719 0 0.126013 0 0.175 0 0 0 0 0 0.028 0 0 0 0.16129 0 0 0 0 0 0 0 0 0.486175 0 0 0 0 0 0 0 0 0 0.0622805 0.0403917 0 0 0 0.0255255 0.149399 0.0698925 0 
0 0 0 0 0 0 0 0 0 0 0 0 0 0 0 0 0 0 0.172817 0 0 0 0 0 0 0 0 0 0 0 0 0 0 0 0.442396 0 0 0 0 0 0 0.268908 0 0 0 0 0 0 0 0 0 0.0468047 0 0 0.0018018 0.00675676 0.00797182 0 
0 0 0 0 0 0 0 0 0 0 0 0 0 0 0 0 0 0 0.360036 0 0 0 0 0 0 0 0 0 0 0 0 0 0 0 0 0 0 0 0 0 0 0 0 0 0 0 0 0 0 0 0 0 0 0 0.00204655 0.00750751 0.00463478 1 
0 0 0 0 0 0 0 0 0 0 0 0 0 0 0 0 0 0 0.187219 0 0 0 0 0 0 0 0 0 0 0 0 0 0 0 0 0 0 0 0 0 0 0 0 0 0 0 0 0 0 0 0 0 0 0 0.000642643 0.00225225 0.00166852 0 
0 0 0 0 0 0 0 0 0.387234 0 0 0 0 0 0 0 0 0 0.0819082 0 0.34375 0 0 0 0 0 0 0 0 0 0 0 0 0 0 0 0 0 0 0 0 0 0 0 0 0 0 0 0 0.0311402 0 0.0957696 0 0 0.00285285 0.0202703 0.0159436 1 
0 0 0 0 0 0 0 0 0 0 0 0 0 0 0 0 0 0 0 0 0 0 0 0 0 0 0 0 0 0 0 0 0 0 0 0 0 0 0 0 0 0 0 0 1 0 0 0 0 0 0 0 0 0 0 0 0.000741565 0 
0 0 0.366947 0 0 0 0 0 0 0 0 0.208267 0 0 0 0 0 0 0.117912 0 0.6575 0 0 0.297052 0 0 0 0 0 0 0 0 0 0 0 0 0 0 0 0 0 0 0 0 0 0 0 0 0 0 0 0 0.0644478 0 0.00573273 0.018018 0.00964034 1 
0 0 0.112045 0 0 0 0 0 0 0.195599 0 0 0 0 0 0 0 0 0.0360036 0 0.05 0 0 0 0.0780234 0.104031 0 0 0 0.0921659 0 0 0 0 0 0 0 0 0 0 0 0 0 0 0 0 0 0 0 0.0231796 0 0.00882088 0 0 0.00193393 0.00600601 0.0248424 0 
0 0.0567227 0 0 0.203 0 0 0.128205 0 0.295844 0 0.128776 0 0 0 0.0544218 0 0 0.328533 0 0.2025 0 0.689362 0.0907029 0 0 0 0 0 0 0 0 0 0 0 0 0 0 0 0 0 0 0 0 0.02 0 0 0 0 0 0 0 0.0822995 0 0.00329129 0.0247748 0.0305895 1 
0.0075 0 0.00840336 0.00304236 0.006 0.0186335 0 0 0.13617 0 0 0.0143084 0 0 0 0 0 0.00592885 0.0117012 0 0.01125 0 0 0 0.0910273 0.187256 0.0012 0 0 0 0 0 0.0123119 0 0 0.00691244 0.184325 0.0192308 0 0 0 0 0 0.00360144 0 0 0 0 0.0568983 0.0550222 0.110771 0 0.00272315 0 0.00263363 0.0247748 0.498146 0 
0 0 0 0 0 0 0 0 0 0 0 0 0 0 0 0 0 0 0 0 0 0 0 0 0 0 0 0 0 0 0 0 0 0 0 0 0 0 0 0 0 0 0 0 0.125 0 0 0 0 0 0 0 0 0 0.0005 0.0015015 0.0020393 0 
0 0 0.358543 0 0 0 0 0 0 0 0 0.203498 0 0 0 0 0 0 0.230423 0 0 0 0 0 0.16645 0.16645 0 0 0 0 0 0 0.350205 0 0 0 0.185776 0 0 0 0 0.268908 0 0 0 0 0 0 0 0.0346523 0.0905753 0 0 0 0.00155255 0.00900901 0.0107527 0 
0 0 0 0 0 0 0 0 0 0.141809 0 0 0 0 0 0 0 0 0.0522052 0 0 0 0 0 0 0 0 0 0 0 0 0 0 0 0 0 0 0 0 0 0 0 0 0 0 0.0812325 0 0 0 0.0194334 0 0 0 0 0.00765165 0.015015 0.0348535 0 
0 0 0 0 0 0 0 0 0 0 0 0.224165 0 0 0 0 0.136719 0 0.126913 0 0.17625 0 0 0 0 0 0.028 0 0 0 0.16129 0 0 0 0 0 0 0 0 0.488479 0 0 0 0 0 0 0 0 0 0.0625146 0.0403917 0 0 0 0.0253108 0.148649 0.0693363 0 
0 0 0 0 0.024 0 0 0 0 0 0 0.0381558 0 0 0 0 0 0 0 0 0 0 0 0 0 0 0 0 0 0 0 0 0.369357 0 0 0.0552995 0 0 0 0 0 0 0 0 0 0.0336134 0 0.224299 0 0.0456568 0 0 0 0 0.00178979 0.0255255 0.0441231 0 
0 0.0322129 0 0 0.115 0 0.0316369 0.0737179 0 0.112469 0 0.109698 0.0414414 0 0 0 0.134766 0.136364 0.248425 0 0.23 0 0 0.0521542 0 0 0 0 0 0 0 0 0 0 0 0.264977 0 0 0 0 0 0 0 0 0 0 0 0 0 0.00842894 0.0220318 0.151395 0.0108926 0 0.00129429 0.0382883 0.0526511 1 
0.1175 0.0217087 0.131653 0 0.005 0.0807453 0.00687758 0.0833333 0.178723 0.185819 0.13 0.154213 0.102703 0.221622 0 0.0136054 0.0917969 0 0.290729 0 0.18625 0 0.421277 0.0770975 0 0 0 0 0 0 0 0 0 0 0 0 0 0 0 0 0 0 0 0 0.001 0 0 0 0 0.0156872 0 0.0590459 0.259607 0.0966154 0.0073994 0.148649 0.585651 1 
0.025 0 0.114846 0 0.01 0.0621118 0.0137552 0.166667 0.0425532 0 0 0.0985692 0 0.036036 0 0 0.0195312 0 0 0 0 0 0.310638 0 0 0 0 0 0 0 0 0 0 0 0 0 0 0 0 0 0 0 0 0 0 0 0 0 0 0.0112386 0 0.00288029 0.0193646 0 0.00137387 0.021021 0.0626622 1 
0 0 0.145658 0 0.158 0 0.144429 0 0 0.256724 0.26 0.251192 0 0 0 0.0707483 0 0 0.0945095 0 0.065 0 0 0 0.0338101 0.0676203 0 0 0 0 0 0 0 0 0 0 0 0 0 0 0 0 0 0 0 0 0 0 0 0.0585343 0 0 0 0 0.00273273 0.0165165 0.0202076 1 
0 0 0.0784314 0 0 0 0 0 0 0 0 0 0 0 0 0 0 0 0.126013 0 0.07 0 0 0 0.219116 0.182055 0.0112 0.0645161 0.0196078 0.0645161 0.0645161 0.0645161 0 0.0645161 0.0645161 0.0645161 0.0812772 0 0 0.0645161 0 0.0196078 0.156863 0 0.014 0 0 0 0 0.0327792 0.0569155 0 0 0 0.0021982 0.0105105 0.0381906 0 
0.0125 0 0 0 0 0.0621118 0 0 0 0.0244499 0.025 0.0763116 0 0 0.021645 0.0285714 0.0195312 0 0.145815 0.008 0.135 0 0.0893617 0.0113379 0.13329 0.0624187 0.002 0.0368664 0 0.0368664 0.062212 0 0 0 0.0483871 0 0.0391872 0 0.0144014 0 0 0 0 0 0.0025 0 0 0.0934579 0 0.0676657 0.00917993 0.0111611 0.0139183 0 0.00151201 0.0232733 0.190026 0 
0 0 0 0 0 0 0 0.275641 0 0 0 0.410175 0 0 0 0 0.167969 0 0.232223 0 0 0 0 0 0.111834 0 0 0 0 0.198157 0 0 0 0 0 0.198157 0 0 0 0 0 0 0 0 0 0 0 0 0 0 0 0.0253825 0 0 0.000803303 0.00525526 0.00778643 0 
0 0 0 0 0 0 0 0 0 0 0 0 0 0 0 0 0 0 0 0 0 0 0 0 0 0 0 0 0 0 0 0 0 0 0 0 0 0 0 0 0 0 0 0 0 0 0 0 0 0 0 0 0 0 0.000345345 0.00225225 0.00278087 0 
0.01 0.00560224 0.0672269 0 0.004 0.0993789 0 0.0128205 0.0680851 0.127139 0.04 0.165342 0 0 0 0.0326531 0.0078125 0 0.0612061 0 0.11 0 0.0170213 0 0.114434 0.0780234 0 0.0368664 0 0 0.0368664 0 0 0 0.0829493 0 0.0348331 0.025641 0 0 0 0.00280112 0 0 0.002 0 0 0 0.00730111 0.0332475 0 0.0127813 0.0214826 0.00676923 0.00147598 0.0165165 0.252132 0 
0 1 0 0 0 0 0 0 0 0 0 0 0 0 0 0 0 0 0 0 0 0 0 0 0 0 0 0 0 0 0 0 0 0 0 0 0 0 0 0 0 0 0 0 0 0 0 0 0 0 0 0 0 0 0.0012012 0.003003 0.00148313 0 
0 0 0 0 0 0 0 0 0 0.110024 0 0 0 0 0 0 0 0 0 0 0 0 0 0 0 0 0.018 0 0 0 0 0 0 0 0 0 0 0 0 0 0 0 0 0 0 0 0 0 0 0.0508078 0.177479 0 0 0 0.0051967 0.0202703 0.053578 0 
0 0 0.0784314 0 0.028 0 0 0 0 0 0 0.135135 0 0 0 0 0 0 0.0252025 0 0 0 0 0 0.110533 0 0 0.129032 0 0 0 0 0 0 0.129032 0.587558 0.0406386 0 0.0252025 0 0 0 0 0.0168067 0 0 0 0 0.056143 0.0173262 0 0 0 0 0.00143844 0.0405405 0.0350389 0 
0 0 0 0 0 0 0 0 0 0 0 0.779014 0 0 0 0 0 0 0 0 0 0 0 0 0 0 0 0 0 0 0 0 0 0 0 0 0 0 0 0 0 0 0 0 0 0 0 0 0 0 0 0 0 0 0.00218318 0.003003 0.00482017 0 
0 0 0.117647 0 0.064 0 0 0 0 0 0 0.0333863 0 0 0 0 0 0 0.0765077 0 0.02625 0 0 0 0.138492 0.0273082 0.0084 0 0 0 0 0 0.291382 0 0 0 0.0609579 0 0.0189019 0.0483871 0 0 0.117647 0.012605 0.032 0 0 0 0.0599194 0.103723 0.0416157 0 0 0 0.00228829 0.0127628 0.0480163 0 
0.225 0 0 0 0 0 0.123796 0 0 0 0 0 0 0 0 0 0.175781 0.177866 0.162916 0 0.34 0 0 0.204082 0 0 0 0 0 0 0 0 0 0 0 0 0 0 0 0 0 0 0 0 0 0 0 0 0 0 0 0.0982898 0 0 0.00272973 0.0135135 0.0113089 1 
0 1 0 0 0 0 0 0 0 0 0 0 0 0 0 0 0 0 0 0 0 0 0 0 0 0 0 0 0 0 0 0 0 0 0 0 0 0 0 0 0 0 0 0 0 0 0 0 0 0 0 0 0 0 0.0012012 0.003003 0.00148313 0 
0.0575 0.0203081 0.179272 0 0.017 0.10559 0.0151307 0.0160256 0.0212766 0.114914 0.055 0.18601 0.0846847 0.00900901 0.0735931 0.00680272 0.0214844 0.0573123 0.353735 0 0.25625 0 0.2 0.0657596 0 0 0 0 0 0 0 0 0 0 0 0 0 0 0 0 0 0 0 0 0 0 0 0 0 0.0311402 0 0.0885689 0.102269 0.0566154 0.00755706 0.0645646 0.270486 1 
0.225 0 0.252101 0 0 0 0 0 0 0 0 0 0 0 0 0 0 0.177866 0.324032 0 0 0 0 0 0 0 0 0 0 0 0 0 0 0 0 0 0 0.576923 0 0 0 0 0 0.108043 0.045 0 0 0 0 0 0 0 0 0 0.00109159 0.003003 0.00333704 0 
0 0 0 0 0.054 0.167702 0 0.519231 0 0.396088 0 0 0 0 0.233766 0 0 0.0533597 0.194419 0 0.3375 0 0 0 0 0 0 0 0 0 0 0 0 0 0 0.31106 0 0 0 0.373272 0 0 0 0 0 0 0 0 0 0.00889721 0.0232558 0.0833483 0 0 0.0104219 0.048048 0.074898 1 
0 0.0441176 0 0 0.159 0.192547 0 0 0.131915 0 0 0.100159 0 0 0.549784 0.0857143 0.0605469 0.628458 0.19982 0 0.23875 0 0.131915 0.142857 0 0 0 0.0714286 0 0 0 0 0 0 0 0 0 0 0 0.366359 0 0 0 0 0 0 0 0 0 0.0650901 0 0.00990099 0.151589 0 0.00376727 0.0675676 0.0342974 1 
0 0 0 0 0 0 0 0 0 0 0 0 0.473874 0 0 0 0 0 0.236724 0 0.21875 0 0.370213 0 0 0 0 0 0 0 0 0 0 0 0 0 0 0 0 0 0 0 0 0 0 0 0 0 0.0362538 0 0 0.70333 0 0 0.0194114 0.0518018 0.0359659 1 
0 0 0.0896359 0 0.064 0.397516 0.088033 0.102564 0 0 0 0.0508744 0.0576577 0 0 0.0435374 0.0625 0.0632411 0.20432 0 0.405 0 0 0.0725624 0 0 0 0 0 0 0 0 0 0 0 0 0 0 0 0 0 0 0 0 0.032 0 0 0 0 0.0365254 0 0 0.0472012 0 0.00103303 0.0135135 0.028921 1 
1 0 0.280112 0 0.1 0 0 0 0 0 0 0.158983 0 0 0 0 0 0 0 0 0 0 0 0 0 0 0 0 0 0 0 0 0 0 0 0 0 0 0 0 0 0 0 0 0 0 0 0 0 0.0393351 0 0.030243 0 0 0.000689189 0.00675676 0.00982573 0 
0.0725 0.0133053 0.190476 0 0 0.360248 0 0.185897 0.246809 0.188264 0 0.0922099 0.0684685 0 0.419913 0 0.0371094 0.288538 0.157516 0.0608 0.09625 0 0.246809 0.154195 0 0 0 0 0 0 0 0 0 0 0.0207373 0 0 0 0 0 0 0 0 0 0 0 0 0 0 0.00796066 0 0.10243 0.0626324 0.0209231 0.0166126 0.518018 0.31294 1 
0 0 0 0 0 0 0 0 0 0 0 0.317965 0 0 0 0 0 0 0.090009 0 0.125 0 0 0 0 0 0 0 0 0 0 0 0 0 0 0 0 0 0 0 0 0 0 0 0 0 0 0 0 0.0807773 0 0 0 0 0.001 0.00375375 0.0100111 0 
0 0.0469188 0.092437 0 0.033 0.204969 0.045392 0.105769 0 0 0.335 0.158983 0 0 0 0.136054 0.0644531 0.0652174 0.241224 0.4288 0.3775 0 0 0.151927 0 0 0 0 0 0 0 0 0 0 0 0 0 0 0 0 0 0 0 0 0 0 0 0 0 0.0124093 0 0.0288029 0 0.0658462 0.00767417 0.103604 0.0507972 1 
0 0 0.184874 0 0 0 0 0 0 0 0 0 0 0 0 0 0 0 0.0594059 0 0 0 0 0 0.130039 0.345904 0 0.152074 0 0 0 0 0 0 0.152074 0 0.193033 0 0.0594059 0 0 0 0.184874 0 0 0 0 0 0 0.0243503 0.127907 0.0187219 0 0 0.00172973 0.012012 0.0233593 0 
0 0 0 0 0 0 0 0 0 0 0 0 0 0 0 0 0 0 0 0 0 0 0 0 0 0 0 0 0 0 0 0 0 0 0 0 0 0 0.169217 0 0 0 0.526611 0 0 0 0 0 0 0.151487 0 0 0 0 0.0027027 0.0127628 0.00760104 0 
0 0.022409 0.268908 0 0 0 0 0 0 0.156479 0 0.203498 0 0 0 0 0 0 0.316832 0 0.2 0 0 0 0.0624187 0.208062 0 0 0 0.147465 0 0 0 0 0 0 0.0464441 0 0 0 0 0 0 0 0 0 0 0 0 0.0149848 0 0.0230423 0 0 0.00098048 0.003003 0.0157582 0 
0 0 0.0504202 0 0.055 0.229814 0.0247593 0.0576923 0 0.0440098 0 0.0286169 0 0 0 0 0 0 0.0666067 0 0.04625 0 0.0765957 0 0 0 0 0 0 0 0 0 0.0752394 0 0 0.170507 0 0 0 0 0 0 0 0 0 0 0 0 0 0.0189651 0 0 0.00816944 1 0.00199099 0.00750751 0.0671116 1 
0.3675 0 0 0 0 0 0 0 0 0.359413 0 0 0.264865 0 0 1 0 0 0.264626 0 0.18375 0 0 1 0 0 0 0 0 0 0 0 0 0 0 0 0 0 0 0 0 0 0 0 0 0 0 0 0 0 0 0.228983 0.0768533 0 0.00759009 0.0465465 0.0200222 1 
0.0625 0 0.142857 0 0 0.15528 0 0 0 0.0293399 0 0 0.045045 0 0 0.0340136 0.0488281 0.0750988 0.160216 0 0.06375 0 0 0 0 0 0 0 0 0 0 0 0 0 0 0 0 0 0 0 0 0 0 0 0.019 0.607843 0 0 0.00478348 0.00444861 0 0 0.0114977 0 0.000963964 0.012012 0.0381906 0 
0 0 0 0 0 0 0 0 0 0 0 0.144674 0 0 0 0 0.177734 0 0.247525 0 0 0 0 0 0.118986 0 0 0 0 0 0 0 0 0 0 0 0.132075 0 0 0 0 0.0637255 0 0 0 0 0 0 0.0757805 0 0 0.0541854 0 0 0.00141441 0.00525526 0.0124212 0 
0 0 0.0420168 0 0.031 0 0.0206327 0 0.268085 0.0366748 0.075 0 0 0 0 0.15102 0 0.250988 0.0711071 0 0 0 0 0 0.0617685 0 0 0 0 0 0 0 0 0 0 0 0.0449927 0 0 0.0345622 0 0 0 0 0 0 0 0 0 0.0206041 0 0.155176 0.213918 0.0135385 0.00664114 0.0375375 0.208936 1 
0 0.120448 0 0 0 0 0 0 0 0.420538 0 0 0 0 0 0.234014 0 0.16996 0.0774077 0 0 0 0 0 0 0 0 0 0 0 0 0 0 0 0 0 0 0 0 0 0 0 0 0 0 0 0 0 0 0.0292672 0 0.0451845 0.0759455 0 0.00153453 0.00825826 0.0166852 1 
0.025 0 0.0280112 0 0.04 0.0621118 0.0137552 0 0.0851064 0.0488998 0.2 0.0794913 0 0.108108 0 0.12381 0.0390625 0 0.154815 0.6816 0.215 0 0.170213 0.0453515 0 0 0 0 0 0 0 0 0 0 0 0 0 0 0 0 0 0 0 0 0 0 0 0 0 0.0224772 0 0.060486 0.0484115 0 0.00864565 0.37012 0.264182 1 
0.165 0 0 0 0 0 0 0 0.280851 0.161369 0 0.317965 0 0 0 0 0 0 0.180018 0 0.16625 0 0 0 0.0429129 0.0858257 0 0.306452 0 0 0 0 0 0 0 0 0 0 0.0594059 0 0 0 0 0 0 0 0 0 0 0.081948 0 0 0 0 0.0022958 0.00750751 0.0157582 0 
0 0 0.0616246 0 0 0 0 0 0 0 0 0.108108 0.162162 0 0 0.029932 0.0429688 0 0 0 0 0 0 0 0.0884265 0 0 0 0 0 0.0506912 0 0 0 0 0 0.065312 0 0 0 0 0 0 0 0 0 0 0 0 0.0220089 0 0 0 0 0.00177477 0.0307808 0.037449 0 
0 0 0 0 0 0 0 0 0 0.134474 0 0.0874404 0 0 0 0 0 0 0.09991 0 0.06875 0 0 0 0.180104 0.288687 0.0444 0.126728 0.0385154 0.126728 0.126728 0.126728 0.0752394 0.126728 0.126728 0.126728 0.240929 0 0.049505 0.126728 0 0 0.310924 0 0.0555 0 0 0 0 0.141185 0.0526316 0 0 0 0.00167117 0.00900901 0.0307749 0 
0.09 0 0.411765 0 0.036 0 0 0 0.153191 0 0.18 0.527822 0 0 0 0 0 0 0.0990099 0 0.045 0 0 0 0.023407 0.046814 0 0 0 0 0 0 0 0 0 0 0.159652 0 0 0 0 0.0770308 0 0 0 0 0 0 0 0.011941 0 0 0 0 0.00194144 0.033033 0.0317019 0 
0 0.0210084 0.210084 0 0.03 0 0.0206327 0 0 0.110024 0.075 0 0.027027 0 0.0649351 0.0204082 0 0.148221 0.0135014 0.024 0.075 0 0 0 0 0 0 0.0345622 0 0 0 0 0.0205198 0 0 0 0 0 0 0 0 0 0 0 0 0 0 0 0 0.00468274 0 0.0633663 0.00605144 0.0252308 0.00741441 0.111111 0.195773 1 
0 0 0 0 0 0 0 0 0 0 0 0.346582 0 0 0 0 0 0 0.130513 0 0 0 0 0 0.141743 0 0 0.165899 0 0 0 0 0 0 0 0 0 0 0 0 0 0 0 0.0870348 0 0 0 0 0 0.0285647 0 0 0 0 0.00117868 0.0127628 0.0137189 0 
0 0 0 0 0 0 0 0 0 0.261614 0 0.170111 0 0 0 0 0 0 0.0477048 0 0 0 0 0 0.0695709 0 0 0 0 0 0 0 0 0 0 0 0.0769231 0 0 0 0 0 0.148459 0 0.0265 0 0 1 0 0.0421447 0 0.0162016 0 0 0.00123874 0.0045045 0.0133482 0 
0 0 0 0 0 0 0 0 0 0.141809 0 0 0 0 0 0 0 0 0.261026 0 0 0 0 0 0.113134 0.150845 0.0464 0.400922 0.0406162 0.267281 0.133641 0.133641 0 0.133641 0.133641 0.267281 0.08418 0 0.0522052 0.133641 0 0 0.162465 0 0.029 0 0 0 0 0.088738 0 0 0 0 0.00183483 0.00825826 0.0257694 0 
0 0 0.333333 0 0 0 0 0.189103 0 0 0 0 0 0 0.515152 0 0 0 0.267327 0 0.14875 0 0 0 0.115735 0.154746 0.0952 0.135945 0.0413165 0.135945 0.135945 0.135945 0 0.135945 0.135945 0.135945 0 0 0.0531053 0.135945 0 0 0.165266 0 0.0595 0 0 0 0 0.046125 0.0599755 0 0 0 0.00180631 0.00825826 0.0218762 0 
0 0 0.159664 0 0 0 0 0 0 0 0 0 0 0 0 0 0 0 0.0252025 0 0 0 0 0 0.0182055 0.0364109 0 0 0 0 0 0 0 0 0 0 0 0 0 0 0.0392157 0 0 0.0168067 0.014 0.0392157 0 0.261682 0 0.0100679 0 0 0 0 0.000962462 0.00525526 0.0202076 0 
0 0 0 0 0 0 0 0 0 0 0 0 0 0 0 0 0 0 0 0 0 0 0 0 0 0 0 0 0 0 0 0 0 0 0 0 0 0 0 0 0 0 0 0 0 0 0 0 0 0 0 0 0 0 0 0 0.000370782 0 
0 0 0.0280112 0 0.02 0.0621118 0 0 0 0 0 0.324324 0.036036 0.018018 0 0 0.158203 0 0 0 0 0 0.0851064 0 0.178804 0 0 0 0 0 0 0 0 0 0 0.0691244 0.0435414 0 0 0 0 0 0 0 0 0 0 0 0.00755287 0.0213065 0 0 0 0 0.00174324 0.0195195 0.106415 0 
0 0 0 0 0 0 0 0 0 0 0 0 0 0 0 0.161905 0.232422 0 0.107111 0 0 0 0.506383 0 0 0 0 0 0 0 0 0 0 0 0 0 0 0 0 0 0 0 0 0 0 0 0 0 0 0 0 0.212601 0.238124 0 0.00431682 0.0225225 0.017056 1 
0 0 0 0 0 0 0 0 0 0 0 0 0 0 0 0 0 0 0.20162 0 0 0 0 0 0 0 0 0 0 0 0 0 0 0 0 0 0.129173 0 0.039604 0 0 0 0 0 0.067 0.376751 0 0 0 0 0 0 0 0 0.00204505 0.0105105 0.0252132 0 
0.245 0.0112045 0.114846 0 0.008 0.149068 0 0.025641 0 0.119804 0.04 0.09062 0.162162 0 0.0692641 0 0 0.0632411 0.221422 0 0.1425 0 0.208511 0.258503 0 0 0 0 0 0 0 0 0 0 0 0 0 0 0 0 0 0 0 0 0 0 0 0 0 0.022243 0 0.135194 0.0771558 0.0584615 0.00474925 0.0623123 0.131813 1 
0 0 0 0 0 0 0 0 0 0 0 0 0 0 0 0 0 0 0 0 0.3375 0 0 0 0 0 0.108 0 0 0 0 0 0 0 0 0 0 0 0 0 0 0 0 0 0 0 0 0 0 0 0 0.0777678 0 0 0.0015015 0.0112613 0.0109381 0 
0.045 0.00980392 0.070028 0 0 0 0 0.0224359 0 0.0342298 0.015 0.122417 0.0126126 0.00540541 0 0 0.00585938 0.0355731 0.00990099 0 0.03125 0.00524738 0 0 0 0 0 0 0.00210084 0.0253456 0 0 0.00410397 0 0 0.0852535 0.0899855 0 0 0 0.0252101 0 0.00840336 0 0 0.0308123 0 0.168224 0.00478348 0.0969328 0 0.000720072 0 0 0.00209159 0.0292793 0.332592 0 
0 0.0385154 0.154062 0 0.223 0 0.0756534 0 0 0 0 0.0874404 0.0990991 0 0 0.0748299 0.544922 0 0.351935 0 0.20875 0 0 0 0 0 0 0 0 0 0 0 0 0 0 0 0 0 0 0 0 0 0 0 0 0 0 0 0 0.0606415 0 0.217462 0.104387 0 0.00564715 0.104354 0.0368928 1 
0 0.017507 0.0336134 0 0.037 0 0 0.0384615 0 0.0904645 0.125 0.0588235 0.0216216 0 0 0 0.0234375 0 0.0333033 0 0.015 0 0.0510638 0 0.163199 0 0 0 0 0.0576037 0 0 0.0164159 0 0 0 0.0174165 0 0 0 0 0 0 0 0 0 0 0 0.0040282 0.0117069 0 0.0090009 0 0 0.00212312 0.018018 0.0678532 0 
0 0 0 0 0 0 0 0 0 0 0 0 0 0 0 0 0 0 0 0 0 0 0 0 0 0 0.08 0 0.140056 0 0 0 0.273598 0 0 0 0 0 0 0 0 0 0 0 0 0 0 0 0 0.0800749 0 0 0 0.210462 0.00262763 0.0045045 0.0100111 0 
0 0 0 0 0 0 0 0 0 0 0 0 0 0 0 0 0 0 0 0 0 0 0 0 0 0 0.4444 0 0 0 0 0 0 0 0 0 0 0 0 0 0 0.778011 0 0 0 0 0 0 0 0 0 0 0 0 0 0 0.000926956 0 
0 0 0 0 0 0 0 0 0 0.195599 0 0 0 0 0 0.219048 0 0 0.0720072 0 0.1 0 0 0 0.0520156 0 0 0 0 0 0.184332 0 0.109439 0 0 0 0 0 0 0 0 0 0 0 0 0 0 0 0 0.0208382 0 0 0 0 0.00210961 0.0202703 0.0163144 0 
0 0.0560224 0 0 0 0 0 0 0 0.391198 0 0 0 0 0 0.326531 0 0 0.50405 0 0.2 0 0 0 0 0 0 0 0 0 0 0 0 0 0 0 0 0 0 0 0 0 0 0 0 0 0 0 0 0 0 0.0423042 0 0 0.000570571 0.00225225 0.00519095 0 
0 0 0.179272 0 0 0.397516 0 0 0 0 0 0 0 0 0 0.0870748 0 0 0.233123 0 0 0 0.27234 0 0 0 0 0 0 0 0 0 0 0 0 0 0.0928882 0 0 0 0 0 0 0 0 0 0 0 0.0236657 0.0442519 0.173807 0.119172 0 0 0.0136156 0.0975976 0.0539488 1 
0 0 0 0 0 0.490683 0 0 0 0 0 0 0 0 0 0.107483 0 0 0.142214 0 0 0 0.33617 0 0 0 0 0 0 0 0 0 0 0 0 0 0.114659 0 0 0 0 0 0 0 0 0 0 0 0.0289527 0.0540857 0.212362 0.0831683 0 0 0.0071967 0.0157658 0.0309603 1 
0 0 0.0812325 0 0.059 0.180124 0.03989 0 0.123404 0.435208 0 0.141494 0 0 0 0 0.115234 0.0573123 0.374437 0 0.11125 0 0 0 0 0 0 0 0 0 0 0 0 0 0 0 0 0 0 0 0 0 0 0 0 0 0 0 0 0.0320768 0 0.00810081 0.0136157 0 0.0168168 0.121622 0.0902855 1 
0 0 0 0 0 0 0 0 0 0 0 0 0 0 0 0 0 0 0.0855086 0 0 0 0 0 0.0617685 0 0 0 0 0 0 0 0.129959 0 0 0 0 0 0 0 0 0 0 0.114046 0 0 0 0 0.0662135 0.0922501 0 0 0 0 0.00171471 0.003003 0.00815721 0 
0 0 0 0 0 0 0 0 0 0 0 0 0 0 0 0 0 0 0 0 0 0 0 0 0 0 0.8 0 0 0 0 0 0 0 0 0 0 0 0 0 0 0 0 0 0 0 0 0 0 0 0 0 0 0 0 0 0.000741565 0 
0 0 0 0 0 0 0 0 0 0 0 0 0 0 0 0 0 0 0.0918092 0 0.1275 0 0 0 0 0 0 0 0 0 0 0 0 0 0 0 0 0.653846 0 0 0 0.0714286 0 0 0 0 0 0 0 0 0 0 0.0429652 0 0.00128679 0.00675676 0.011865 0 
0.4075 0 0.456583 0 0 0 0 0 0.693617 0 0 0 0 0 0 0.221769 0 0 0.294329 0 0.40875 0 0 0 0 0 0 0 0 0 0 0 0 0 0 0 0 0 0 0 0 0 0 0 0 0 0 0 0 0 0 0.136634 0.0765507 0 0.0015015 0.0112613 0.00648869 1 
0.075 0 0.170868 0 0 0 0 0 0 0.224939 0.15 0.146264 0.0540541 0.0540541 0 0.292517 0.119141 0 0.49775 0 0.15375 0 0 0.0680272 0 0 0 0 0 0 0 0 0 0.0691244 0 0 0 0 0 0 0 0 0 0 0.015 0 0 0 0 0.0234137 0 0.189559 0.106203 0.153846 0.00433033 0.0487988 0.0559881 1 
0 0 0 0 0 0 0 0 0 0.195599 0 0.170111 0 0 0 0.0353741 0 0 0.0963096 0 0.235 0 0 0 0.139792 0.209363 0.0428 0.0599078 0.0182073 0.0599078 0.0599078 0.0599078 0 0.0599078 0.0599078 0.0599078 0.0769231 0 0 0.0599078 0 0 0.148459 0.0318127 0.0265 0 0 0 0.0438066 0.102318 0 0.00774077 0 0 0.00282132 0.0135135 0.0483871 0 
0 0 0 0 0 0 0 0 0 0.202934 0 0 0 0 0 0 0 0 0 0 0 0 0 0 0 0 0.0332 0 0 0 0 0 0.113543 0 0 0 0 0 0 0 0 0 0 0 0.0415 0 0 0 0 0.030672 0.160343 0 0 0 0.0046967 0.0202703 0.0296626 0 
0 0 0 0 0 0.273292 0 0 0 0 0 0 0 0 0 0.0598639 0 0.0869565 0.039604 0 0.055 0 0 0 0 0 0 0 0 0 0 0 0 0 0 0 0.0638607 0 0 0 0 0 0 0 0.022 0.0616246 0 0 0 0.040974 0.0354957 0 0 0.0356923 0.0112282 0.0908408 0.0721172 0 
0.085 0 0.47619 0 0.102 0 0 0 0.289362 0.249389 0 0 0 0 0 0 0 0 0.0306031 0.1632 0.085 0 0 0 0.0221066 0 0 0 0 0 0 0 0 0 0 0 0 0 0 0 0 0 0 0 0 0 0 0 0 0 0 0.161836 0.03177 0 1 1 0.247126 1 
0 0 0 0 0 0 0 0 0 0 0 0 0 0 0 0 0 0 0.0630063 0 0 0 0 0 0 0 0 0 0 0 0 0 0 0 0 0 0 0 0 0 0 0 0 0 0 0 0 0 0 0.0447202 0 0 0.0287443 0.0584615 0.00103303 0.00750751 0.0189099 0 
0 0 0 0 0.087 0 0.11967 0 0 0 0 0 0 0 0 0.357823 0 0.171937 0.236724 0 0 0 0 0 0 0 0 0 0 0 0 0 0 0 0 0 0 0 0 0 0 0 0 0 0 0 0 0 0 0 0 0.143654 0.0481089 0 0.0262072 0.101351 0.037449 0 
0 0 0.246499 0 0 0 0 0 0.374468 0 0 0 0 0 0 0 0 0 0 0 0 0 0 0 0 0 0 0 0 0 0 0 0 0 0 0 0 0 0 0 0 0 0 0 0 0 0 0 0 0.0737532 0 0 0 0 0.000249249 0.0015015 0.00370782 0 
0 0 0 0 0 0 0 0.355769 0 0 0 0 0 0 0 0 0 0 0 0 0 0 0.47234 0 0 0 0 0 0 0 0 0 0 0 0 0 0 0 0 0 0 0 0 0 0.0555 0 0 0 0 0.0487005 0 0.0374437 0.12587 0 0.00442943 0.0165165 0.0144605 1 
0 0 0.366947 0 0 0 0 0 0 0 0 0.208267 0 0 0 0 0 0 0.117912 0 0.6575 0 0 0.297052 0 0 0 0 0 0 0 0 0 0 0 0 0 0 0 0 0 0 0 0 0 0 0 0 0 0 0 0 0.0641452 0 0.00573273 0.018018 0.00964034 1 
0 0 0 0 0.909 0 0 0 0 0 0 0 0 0 0 0 0 0 0 0 0 0 0 0 0 0 0 0 0 0 0 0 0 0 0 0 0 0 0 0 0 0 0 0 0 0 0 0 0 0 0 0 0 0 0 0 0 0 
0.06 0 0.0672269 0 0 0.298137 0.0330124 0 0 0.117359 0.12 0.114467 0.216216 0 0 0.228571 0.140625 0 0.172817 0 0.21 0 0.102128 0 0 0 0 0 0 0 0 0 0 0 0 0 0 0 0 0 0 0 0 0 0 0 0 0 0 0 0 0.121872 0.25053 0.0923077 0.0050045 0.0382883 0.0793474 1 
0 0 0.134454 0 0.144 0 0.0660248 0 0 0 0 0.152623 0 0 0 0.0653061 0.1875 0 0.216922 0 0.30125 0 0.204255 0 0 0 0 0 0 0 0 0 0 0 0 0 0 0 0 0 0 0 0 0 0.024 0 0 0 0 0.0189651 0 0.0874887 0.073525 0 0.0062012 0.0578078 0.0435669 1 
0.085 0.017507 0.070028 0 0.008 0.267081 0.0110041 0.0801282 0.0340426 0.359413 0.17 0.0810811 0.171171 0 0.0735931 0.0108844 0 0 0.272727 0 0.09625 0 0.144681 0.0770975 0 0 0 0 0 0 0 0 0 0 0 0 0 0 0 0 0 0 0 0 0.0085 0 0 0 0 0.0114727 0 0.0473447 0.0795764 0.04 0.00311712 0.0457958 0.0973304 1 
0 0 0 0 0 0 0 0 0 0 0 0 0 0 0 0 0 0 0 0 0 0 0 0 0 0 0 0 0 0 0 0 0 0 0 0 0 0 0 0 0 0 0 0 0 0 0 0 0 0 0 0 0 0 0 0 0.000370782 0 
0 0 0.0840336 0 0.03 0.559006 0 0.0961538 0 0 0 0.0476948 0.0540541 0 0 0.0408163 0.0585938 0.0592885 0.189919 0 0.3775 0 0 0.0680272 0 0 0 0 0 0 0 0 0 0 0 0 0 0 0 0 0 0 0 0 0.015 0 0 0 0 0.0491688 0 0 0.0635401 0.032 0.00110811 0.00750751 0.0342974 1 
0 0 0 0 0.5 0 0 0 0 0 0 0 0 0 0 0 0 0 0 0 0 0 0 0 0 0 0 0 0 0 0 0 0 0 0 0 0 0 0 0 0 0 0 0 0 0 0 0 0 0 0 0 0 0 0.00375375 0.00600601 0.00370782 0 
0.0425 0 0.022409 0 0.042 0.0496894 0.0110041 0.134615 0.0340426 0.0195599 0 0.0953895 0.0306306 0.0306306 0 0 0.0332031 0.0158103 0.108011 0 0.39625 0 0.144681 0.0181406 0 0 0 0 0 0 0 0 0 0 0 0 0 0 0 0 0 0 0 0 0 0 0 0 0 0.0189651 0.0165239 0.0171017 0.00393343 0 0.00460961 0.0352853 0.106229 1 
0 0 0.0896359 0 0.032 0 0 0 0 0 0 0.101749 0 0 0 0 0 0 0.0288029 0 0 0 0 0 0.0416125 0.083225 0 0 0 0 0 0 0 0 0 0.0737327 0.0928882 0 0 0 0 0 0 0 0 0 0 0 0 0.00936549 0 0 0 0 0.00101652 0.00675676 0.0287356 0 
0 0.092437 0.156863 0 0 0.583851 0 0.0576923 0.157447 0.183374 0 0.329094 0 0 0 0 0.0722656 0 0.220522 0 0.1175 0 0 0.0408163 0 0 0.0072 0 0 0 0 0 0 0 0 0 0 0 0 0 0 0 0 0 0 0 0 0 0 0.018731 0 0.0435644 0.0323752 0 0.00243694 0.0255255 0.0450501 1 
0.0225 0.0343137 0.165266 0 0.039 0.118012 0 0 0.0382979 0.0953545 0 0.251192 0.0342342 0 0 0 0.0175781 0 0.337534 0 0.135 0 0 0.0430839 0 0 0 0 0 0 0 0 0 0 0 0 0 0 0 0 0 0 0 0 0 0 0 0 0.195871 0.00866308 0 0.938434 0.296218 0 0.00717868 0.0397898 0.137004 1 
0 0 0 0 0 0 0 0 0 0 0 0 0 0 0 0 0 0 0 0 0 0 0 0 0 0 0 0 0 0 0 0 0 0 0 0 0 0 0 0 0 0 0 0.139256 0.116 0 0 0 0 0.0957621 0 0 0 0 0 0 0.00166852 0 
0 0 0 0 0 0 0 0 0 0 0 0 0 0 0 0 0 0 0 0 0 0 0 0 0 0 0.8 0 0 0 0 0 0 0 0 0 0 0 0 0 0 0 0 0 0 0 0 0 0 0 0 0 0 0 0 0 0.000556174 0 
0.5875 0 0 0 0 0 0.323246 0 1 0 0 0.18601 0 0 0 0.159184 0 0 0.211521 0 0 0 1 0 0 0 0 0 0 0 0 0 0 0 0 0 0 0 0 0 0 0 0 0 0 0 0 0 0 0 0 0.030243 0.101664 0 0.00536937 0.012012 0.0218762 1 
0 0.052521 0.103641 0 0.151 0 0 0.11859 0 0.0904645 0.375 0.300477 0 0 0 0.102041 0.0722656 0.22332 0.545455 0 0.52 0 0 0 0 0 0 0 0 0 0 0 0 0 0 0 0 0 0 0.0852535 0 0 0 0 0 0 0 0 0 0 0 0.0747075 0.0417549 0 0.00140691 0.00750751 0.017056 1 
0.1175 0 0.263305 0 0.094 0 0.129298 0 0 0 0 0.0747218 0 0 0 0 0.0917969 0 0.381638 0 0.1175 0 0.6 0 0 0 0 0 0 0 0 0 0 0 0.108295 0 0 0 0 0 0 0 0 0 0.0235 0 0 0 0 0.017092 0 0.225743 0.0668684 0 0.00738438 0.0675676 0.0404153 1 
0 0 0 0 0 0 0 0 0 0 0 0 0 0 0 0 0 0 0 0 0 0 0 0 0.270481 0.540962 0 0 0 0 0 0 0 0 0 0 0 0 0 0 0 0 0 0 0 0 0 0 0 0 0 0 0 0 0.00107207 0.00375375 0.004264 0 
0 0 0 0 0 0 0 0 0 0 0 0 0 0 0 0 0 0 0 0 0 0 0 0 0 0 0 0 0 0 0 0 0 0 0 0 0 0 0 0 0 0 0 0 0 0 0 0 0 0 0 0 0 0 0.0015015 0.003003 0.00129774 0 
0 0 0 0 0 0 0 0 0 0 0 0.168521 0 0 0 0 0 0 0.0954095 0 0 0 0 0 0.207412 0.137841 0 0 0 0 0 0 0 0 0 0 0.153846 0 0.190819 0 0 0 0 0 0 0 0 0 0 0.0393351 0 0.030243 0 0 0.00112613 0.0045045 0.0114943 0 
0.18 0 0 0 0 0 0 0 0 0 0 0.230525 0 0 0 0 0 0 0.0648065 0 0 0 0 0 0 0 0 0 0 0 0 0 0 0 0 0 0 0 0 0 0 0 0 0 0 0 0 0.672897 0 0 0 0 0 0 0.000611111 0.00375375 0.00685947 0 
0 0 0 0 0 0 0 0 0 0 0 0 0 0 0 0 0 0 0 0 0 0 0 0 0 0 0.8 0 0 0 0 0 0 0 0 0 0 0 0 0 0 0 0 0 0 0 0 0 0 0 0 0 0 0 0 0 0.000741565 0 
0 0 0 0 0 0.695652 0 0.717949 0 0 0.56 0.17806 0 0 0 0 0 0 0.40414 0 0 0 0.476596 0 0 0 0 0 0 0 0 0 0 0 0 0 0 0 0 0 0 0 0 0 0 0 0 0 0 0 0 0.146535 0 0 0.0024024 0.0105105 0.00704486 1 
0 0 0 0 0 0 0 0 0 0 0 0 0 0 0 0 0 0 0 0 0 0 0 0 0 0 0.0848 0 0 0 0 0 0 0 0 0 0 0 0 0 0 0 0 0 0 0 0 0 0 0.172091 0 0 0 0 0.003003 0.0045045 0.00871339 0 
0 0 0 0 0 0 0 0.570513 0 0 0 0 0 0.320721 0 0 0 0 0 0 0 0 0 0 0 0 0 0 0 0 0 0 0 0 0 0 0 0 0 0 0 0 1 0 0 0 0 0 0 0 0 0 0 0 0.000666667 0.003003 0.00222469 0 
0.1725 0 0 0 0.139 0 0.0949106 0 0 0 0 0.109698 0 0 0 0 0 0 0.314131 0 0.17375 0 0 0 0 0 0 0 0 0 0 0 0 0 0 0 0 0 0 0 0 0 0 0 0 0 0 0 0 0 0 0.0352835 0 0 0.00765766 0.042042 0.0337412 1 
0 0 0 0 0 0 0 0 0 0 0 0 0 0 0 0 0 0 0 0 0 0 0 0 0 0 0 0 0 0 0 0 0 0 0 0 0 0 0 0 0 0 0 0 0 0 0 0 0 0 0 0 0 0 0 0 0.000556174 0 
0 0 0 0 0 0 0 0.025641 0 0 0 0.0127186 0 0 0 0 0.015625 0 0 0 0 0 0 0 0.00520156 0.0104031 0.0032 0 0 0 0 0 0 0 0 0.0967742 0 0 0 0 0.0112045 0 0 0 0 0 0 0.317757 0.0203927 0.105596 0 0 0 0 0.00125075 0.0127628 0.173155 0 
0.225 0 0 0 0 0 0 0 0 0 0 0.143084 0 0 0 0 0 0 0 0 0 0 0 0 0.0585176 0.117035 0 0 0 0 0 0 0 0.207373 0 0 0.130624 0 0 0 0 0 0 0 0 0 0 0 0 0.0351206 0 0 0 0 0.00334084 0.0157658 0.0237301 0 
0.015 0 0 0 0 0.0745342 0 0 0 0.0293399 0 0.0302067 0 0 0.025974 0.0258503 0.0234375 0 0.156616 0.0096 0.15375 0 0.106383 0.0136054 0.146944 0.0494148 0.0024 0.0437788 0 0.0437788 0.0737327 0 0 0 0.0576037 0 0.0464441 0 0.0171017 0 0 0 0 0 0.003 0 0 0.11215 0 0.0772653 0.0110159 0.0115212 0.0166415 0 0.00153754 0.018018 0.16611 0 
0 0 0 0 0 0 0 0 0 0 0 0 0 0 0 0 0 0 0 0 0 0 0 0 0 0 0.8 0 0 0 0 0 0 0 0 0 0 0 0 0 0 0 0 0 0 0 0 0 0 0 0 0 0 0 0 0 0.000741565 0 
0 0 0 0 0 0 0 0 0 0 0 0.661367 0 0 0 0 0 0 0 0 0 0 0 0 0 0 0 0 0 0 0 0 0 0 0 0 0 0 0 0 0 0 0 0 0.208 0.582633 0 0 0 0 0 0 0 0 0 0 0.00148313 0 
0.03 0 0.0336134 0 0 0 0 0 0 0 0.06 0.0604134 0 0 0 0 0.0234375 0 0.160216 0 0.06375 0 0 0 0 0 0 0 0 0 0 0 0 0 0 0 0.0174165 0 0 0 0 0.017507 0 0 0.006 0.0882353 0 0 0.00453172 0.0173262 0 0.00990099 0 0.0110769 0.00312312 0.0465465 0.0774935 0 
0.1325 0 0.296919 0 0.053 0 0.145805 0 0 0 0 0.0842607 0 0 0 0.144218 0.103516 0 0.382538 0 0.1325 0 0.676596 0 0 0 0 0 0 0 0 0 0 0 0 0 0 0 0 0 0 0 0 0 0.0265 0 0 0 0 0 0 0.217462 0.0783661 0 0.00684384 0.0563063 0.0348535 1 
0 0.087535 0 0 0 0 0 0 0.26383 0.305623 0 0 0 0 0 0 0 0 0.168317 0 0.15625 0 0 0 0.121586 0.243173 0.05 0.430876 0.0434174 0.430876 0.142857 0.142857 0 0.142857 0.430876 0.142857 0.271408 0 0.0558056 0.142857 0 0 0.173669 0 0.0935 0 0 0 0 0.111215 0.348837 0 0 0 0.00185886 0.00825826 0.0259548 0 
0 0 0 0 0 0 0 0 0 0 0 0 0 0 0 0 0 0 0.230423 0 0 0 0 0 0 0 0 0 0 0 0 0 0 0 0 0 0 0 0 0 0 0 0 0 0 0.717087 0 0 0 0 0 0.0446445 0 0 0.00015015 0.000750751 0.00185391 0 
0 0 0.434174 0 0 0.478261 0 0.121795 0 0 0.19 0.18442 0 0 0 0.0517007 0 0.229249 0.173717 0 0.0475 0 0.493617 0.0861678 0 0 0 0 0 0 0 0 0 0 0 0 0 0 0 0 0 0 0 0 0 0 0 0 0 0.0140482 0 0.109631 0.0366112 0 0.0025015 0.0157658 0.0294772 1 
0 0 0.366947 0 0 0 0 0 0 0 0 0.208267 0 0 0 0 0 0 0.117912 0 0.6575 0 0 0.297052 0 0 0 0 0 0 0 0 0 0 0 0 0 0 0 0 0 0 0 0 0 0 0 0 0 0 0 0 0.0635401 0 0.00525526 0.018018 0.00982573 1 
0 0 0 0 0 0 0 0 0 0 0 0 0 0 0 0 0 0 0 0 0 0 0 0 0 0 0.222 0 0 0 0 0 0 0 0 0 0 0 0 0 0 0 0 0 0.2775 0 0 0 0 0 0 0 0 0 0 0 0.000741565 0 
0 0 0.0896359 0 0.064 0.397516 0.0440165 0.102564 0 0 0 0.0508744 0.0576577 0 0 0.0435374 0.0625 0 0.20432 0 0.405 0 0 0.0725624 0 0 0 0 0 0 0 0 0 0 0 0 0 0 0 0 0 0 0 0 0.016 0 0 0 0 0.0248185 0 0 0.0481089 0.0326154 0.000806306 0.00675676 0.0263255 1 
0 0.0252101 0 0 0.036 0 0 0 0 0.0880196 0 0.0572337 0 0 0 0 0 0 0.0972097 0 0 0.541229 0 0 0 0 0 0 0 0 0 0 0 0 0 0 0 0 0 0 0 0 0 0 0 0 0 0 1 0 0 0.0113411 0 0.310154 0.00814264 0.0315315 0.0617353 0 
0.19 0.0266106 0 0 0.038 0.236025 0 0 0 0.0929095 0 0.243243 0 0 0 0 0 0 0.172817 0 0.38375 0.0284858 0 0 0 0 0 0 0 0 0 0 0 0 0 0 0 0 0 0 0 0 0 0 0 0 0 0 0 0.029033 0 0.0223222 0 0.0381538 0.133483 0.551051 0.166481 1 
0 0 0 0 0 0 0 0 0 0 0 0.721781 0 0 0 0 0 0 0 0 0 0 0 0 0 0 0 0 0.636555 0 0 0 0 0 0 0 0 0 0 0 0 0.636555 0 0 0 0 0 0 0 0 0 0 0 0 0.001 0.00225225 0.00259548 0 
0 0 0 0 0 0 0.404402 0.471154 0.625532 0.359413 0.735 0 0 0 0 0 0.287109 0 0 0.2352 0.55125 0 0 0 0 0 0 0 0 0 0 0 0 0 0 0 0.213353 0 0 0 0 0 0 0 0 0 0 0 0 0.0332475 0 0.0768677 0.0429652 0 0.137137 0.204955 0.051168 1 
0 0 0 0 0.151 0 0 0 0 0 0 0.481717 0 0 0 0 0 0 0.135914 0 0 0 0 0 0 0 0 0 0 0 0 0 0 0 0 0 0 0 0 0 0 0 0 0.0906363 0 0 0 0 0 0.128073 0 0 0 0 0.00112613 0.003003 0.00500556 0 
0 0 0 0 0 0 0 0.346154 0 0 0 0 0 0.194595 0 0 0 0 0 0 0 0 0.459574 0 0 0 0 0 0 0 0 0 0 0 0 0 0 0 0 0 0 0 0 0 0.054 0 0 0 0 0.0447202 0 0.0343834 0.115885 0 0.00442943 0.0165165 0.0144605 1 
0 0 0 0 0 0.391304 0 0 0 0 0 0 0 0 0 0 0 0 0.0567057 0 0 0 0 0 0.205462 0 0 0 0 0 0 0 0 0 0.145161 0 0 0 0 0 0 0 0 0.0378151 0 0 0 0 0 0 0 0 0 0 0.000840841 0.00600601 0.0116796 0 
0 0 0 0 0 0 0 0 0 0 0 0.136725 0.154955 0 0 0 0 0 0 0 0 0 0 0 0.225618 0 0 0 0 0 0 0 0 0 0 0 0.124819 0 0 0 0 0 0 0 0 0 0 0 0 0 0 0 0 0 0.00198498 0.00750751 0.0131628 0 
0 0 0 0 0 0 0 0 0 0 0 0 0 0 0 0 0 0 0 0 0 0 0 0 0 0 0 0 0 0 0 0 0 0 0 0 0 0 0 0 0 0 0 0 0 0 0 0 0 0 0 0 0 0 8.25826e-05 0.0015015 0.00685947 1 
0 0 0 1 0 0 0.0577717 0 0 0.102689 0 0.0667727 0 0 0.181818 0 0 0.252964 0.269127 0 0.26625 0 0.544681 0 0 0 0 0 0 0 0 0 0 0 0 0 0.0609579 0 0 0 0 0 0 0 0 0 0 0 0 0 0 0 0.105598 0 0.00900901 0.0780781 0.0815721 1 
0 0 0 0 0.068 0 0.280605 0 0 0 0 0 0 0 0 0 0 0.403162 0.122412 0.1088 0.255 0 0 0 0 0 0 0 0 0 0 0 0 0 0 0 0 0 0 0 0 0 0 0 0 0 0 0 0 0 0 0.0556256 0 0 0.00166817 0.00975976 0.0174268 1 
0.255 0 0 0 0 0 0 0 0 0.249389 0 0 0 0 0 0 0 0 0 0 0 0 0 0 0.0663199 0.13264 0 0.470046 0 0 0 0 0 0 0 0.235023 0 0 0 0 0 0 0 0 0 0 0 0 0 0.124327 0 0 0 0 0.00295345 0.00750751 0.0168706 0 
0.215 0 0.240896 0 0 0 0 0 0 0 0 0 0 0 0 0.117007 0.671875 0 0.387939 0 0.1075 0 0.365957 0 0 0 0 0 0 0 0 0 0 0 0 0 0 0 0 0 0 0 0 0 0 0 0 0 0 0 0 0.167057 0.0465961 0.0947692 0.00211562 0.0045045 0.00964034 1 
0 0 0 0 0 0 0 0 0 0 0 0 0 0 0 0 0 0 0 0 0 0 0 0 0 0 0.2 0 0 0 0 0 0 0 0 0 0 0 0 0 0 0 0 0 0.25 0 0 0 0 0 0 0.166517 0 0 0.00045045 0.00225225 0.00222469 0 
0 0 0.156863 0 0 0 0 0 0 0.273839 0 0 0 0 0 0 0 0 0.152115 0 0.07 0.168666 0 0 0 0 0 0 0 0 0 0 0 0 0 0 0 0 0 0 0 0 0 0 0 0 0 0 0 0.11543 0.120563 0.0709271 0 0.242462 0.00380931 0.0157658 0.0437523 1 
0 0 0 0 0 0 0 0 0 0 0 0 0 0 0 0 0 0 0 0 0 0 0 0 0 0 0 0 0 0 0 0 0 0 0.0184332 0 0 0 0 0 0 0 0 0 0.004 0 0 0 0 0.529852 0 0 0 0 0.00322673 0.00600601 0.242677 0 
0 0 0 0 0 0 0 0 0 0 0 0 0 0 0 0 0 0 0 0 0 0 0 0 0 0 0 0 0 0 0 0 0 0 0 0 0.28447 0 0.176418 0 0 0 0.27451 0 0 0 0 0.915888 0 0.0882697 0 0.0225023 0 0 0.00289039 0.0195195 0.0291064 0 
0 0 0 0 0 0 0 0 0 0 0 0 0 0 0 0 0 0 0 0 0 0 0 0 0 0 0 0 0 0 0 0 0 0 0 0 0 0 0 0 0 0 0 0 0 0 0 0 0 0 0 0 0 0 0 0 0.000556174 0 
0.0025 0.00070028 0.0196078 0 0.005 0 0 0.00320513 0.012766 0.0317848 0.025 0 0 0.00900901 0 0 0.00195312 0.013834 0.00090009 0 0.00125 0 0 0 0 0 0 0 0 0 0 0 0.00957592 0 0 0.0299539 0 0 0 0.00230415 0.0644258 0 0 0.00180072 0 0.112045 0.00460829 0.0654206 0.0125881 0.0704753 0.0801714 0.000360036 0.0272315 0.00123077 0.00236787 0.0608108 1 0 
0 0.0385154 0.154062 0 0.11 0.341615 0.302613 0 0 0.134474 0 0.0874404 0 0 0 0 0 0.108696 0.29793 0 0.1375 0 0 0 0 0 0 0 0 0 0 0 0 0 0 0 0 0 0 0 0 0 0 0 0.0275 0 0 0 0 0.0386326 0 0.0892889 0 0.0504615 0.0236967 0.11036 0.0713756 1 
0.145 0 0.0532213 0 0.175 0.242236 0.0797799 0 0 0.0464548 0.195 0.124006 0.0702703 0 0 0.0789116 0.113281 0.114625 0.386139 0 0.04875 0 0.331915 0 0 0 0 0 0 0 0 0 0 0 0 0 0 0 0 0 0 0 0 0 0.0195 0 0 0 0 0.0634512 0 0.0120612 0.0408472 0 0.00302553 0.015015 0.0350389 1 
0.095 0 0.532213 0 0.114 0 0 0 0.161702 0.0929095 0 0 0 0 0 0 0 0 0.0342034 0.1216 0 0 0 0 0.0247074 0 0 0 0 0 0 0 0 0 0 0 0 0 0 0 0 0 0 0 0 0 0 0 0 0 0 0.181458 0.0178517 0 0.441441 0.882883 0.218576 1 
0 0 0 0 0 0 0 0 0 0 0 0.214626 0 0 0 0 0 0 0.243024 0 0.16875 0 0 0 0 0.175553 0 0 0 0 0 0 0 0 0 0 0 0 0 0 0 0 0.378151 0 0 0 0 0 0 0 0 0 0 0 0.00132132 0.003003 0.00852799 0 
0 0 0 0 0 0 0 0 0 0 0 0 0 0 0 0 0 0 0 0 0 0 0 0 0 0 0 0 0 0 0 0 0 0 0 0 0 0 0 0 0 0 0 0 0 0 0 0 0 0.0828846 0 0 0 0 0.00178228 0.003003 0.0063033 0 
0 0 0.201681 0 0 0 0 0 0 0 0 0 0 0 0 0 0 0 0 0 0 0 0 0 0.046814 0 0 0 0 0 0 0 0 0 0 0 0.104499 0 0.0324032 0 0.0504202 0 0 0 0 0.0504202 0 0 0 0 0 0 0 0 0.00096997 0.00825826 0.0196515 0 
0 0 0 0 0.013 0.161491 0 0 0 0.0317848 0 0.18601 0.0234234 0.0234234 0 0 0.101562 0 0 0 0 0 0 0 0.236671 0.0845254 0 0 0.00910364 0.119816 0 0 0 0 0 0.0898618 0.0188679 0 0 0 0 0 0 0 0 0 0 0 0.0339879 0.0236479 0 0 0 0 0.00137387 0.0135135 0.071561 0 
0 0 0 0 0 0 0 0 0 0 0 0 0 0 0 0 0 0 0.360036 0 0 0 0 0 0 0 0 0 0 0 0 0 0 0 0 0 0 0 0 0 0 0 0 0 0 0 0 0 0 0 0 0.131233 0 0 0.00131381 0.00225225 0.00259548 0 
0 0 0 0 0 0 0 0 0 0 0 0 0 0 0 0 0 0 0 0 0 0 0 0 0.240572 0.481144 0.148 0 0 0 0 0 0 0 0 0 0 0 0 0 0 0 0 0 0 0 0 0 0 0 0.394737 0 0 0.396923 0.00283483 0.00525526 0.00463478 0 
0 0 0 0 0 0 0 0 0 0 0 0 0 0 0 0 0 0 0.249325 0 0 0 0 0 0 0 0 0 0 0 0 0 0 0 0 0 0 0 0 0 0 0 0 0.166267 0.1385 0 0 0 0 0 0 0 0 0 0 0 0.00129774 0 
0.0425 0 0.190476 0 0.034 0.21118 0 0 0 0 0 0 0 0 0 0 0 0.0671937 0.432043 0 0.235 0 0 0 0 0 0 0 0 0 0 0 0 0 0 0 0 0 0 0 0 0 0 0 0.0255 0.0238095 0 0 0 0.00749239 0 0.0117012 0 0 0.000283784 0.003003 0.0126066 0 
0.03 0.00840336 0.0336134 0 0.012 0.0745342 0 0.11859 0.0510638 0 0.06 0.117647 0 0 0 0 0.046875 0.0237154 0 0.0384 0 0 0 0 0.0318596 0 0 0.0276498 0.00840336 0 0 0 0 0 0 0.225806 0.0348331 0 0.0108011 0 0 0.0343137 0 0 0 0.103641 0 0 0.00427996 0.0208382 0 0 0.00514372 0 0.000605105 0.0127628 0.084353 0 
0.065 0.0035014 0.406162 0 0.037 0.0621118 0 0 0.0425532 0.0244499 0.105 0.170111 0 0 0 0 0 0 0.30423 0 0.17375 0 0 0.0725624 0 0 0 0 0 0 0 0 0 0 0 0 0 0 0 0 0 0 0 0 0.0025 0 0 0 0 0.0177944 0 0.0471647 0.0562784 0.0153846 0.0162057 0.216216 0.42399 1 
0 0.333333 0 0 0 0 0 0 0 0.290954 0 0 0 0 0 0 0 0.470356 0 0 0 0 0 0 0 0 0 0 0 0 0 0 0 0 0 0 0 0 0 0 0 0 0 0 0 0 0 0 0 0 0 0 0 0 0.00634384 0.0277778 0.029848 1 
0 0 0.218487 0 0 0 0 0 0 0 0 0 0.140541 0 0 0 0 0 0 0 0.0975 0 0 0 0 0 0.0312 0 0 0 0 0 0 0 0 0 0 0 0 0 0 0 0 0 0.039 0 0 0 0 0.093889 0 0.0239424 0 0 0.000848348 0.00225225 0.00648869 0 
0 0 0.0784314 0 0.028 0 0 0 0 0 0 0.311606 0 0 0 0 0 0 0 0 0 0 0 0 0 0 0 0 0 0 0 0 0 0 0.0645161 0 0.0812772 0 0 0 0 0 0 0 0 0 0 0 0 0.0421447 0 0 0 0 0.000785285 0.00750751 0.0294772 0 
0.0675 0 0.0756303 0 0 0 0 0 0 0 0 0.257552 0.0486486 0 0 0 0.0527344 0 0.438344 0 0.10125 0.0202399 0.114894 0 0 0 0 0 0 0 0 0 0 0 0 0 0 0 0.0243024 0 0 0 0 0 0 0 0 0 0 0 0 0.157336 0.0154312 0.0313846 0.00687988 0.045045 0.0691509 1 
0.025 0.0140056 0.282913 0 0.08 0.496894 0.0687758 0 0.340426 0.0244499 0.15 0.111288 0.0540541 0 0.69697 0.0136054 0 0.219368 0.117912 0.032 0.0875 0 0.255319 0.0226757 0 0 0 0 0 0 0 0 0 0 0 0 0 0 0 0 0 0 0.0560224 0 0.005 0.0140056 0 0 0 0.0257551 0 0.0878488 0.0475038 0.00923077 0.0113363 0.501502 0.250278 1 
0 0 0 0 0 0 0 0 0 0 0 0 0 0 0 0.887075 0 0 0.19532 0 0.27125 0 0 0 0 0 0 0 0 0 0 0 0 0 0 0 0 0 0 0 0 0 0 0 0 0 0 0 0 0 0 0.206841 0 0 0.0121622 0.024024 0.0166852 1 
0.035 0.012605 0.221289 0 0.004 0.0869565 0.0247593 0.0897436 0.119149 0.205379 0.09 0.073132 0.10991 0.0162162 0.138528 0.121088 0.0722656 0.0909091 0.342034 0.0064 0.23375 0 0.195745 0.0634921 0 0 0 0 0 0 0 0 0 0 0 0 0 0 0 0.0645161 0 0 0 0 0.014 0.00560224 0 0 0 0.0236479 0 0.0939694 0.0329803 0.0381538 0.00714565 0.0863363 0.382091 1 
0 0 0 0 0 0 0 0 0 0.171149 0 0 0 0 0 0 0 0 0 0 0 0 0 0 0 0 0.028 0 0 0 0 0 0 0 0 0 0 0 0 0 0 0 0 0 0 0 0 0 0 0.0531491 0.138923 0 0 0 0.00456907 0.0202703 0.0342974 0 
0 0 0 0 0 0 0 0 0 0.332518 0 0 0 0 0 0 0 0 0 0 0.17 0 0 0 0 0 0 0 0 0 0 0 0 0 0 0 0 0 0 0 0 0 0 0 0 0.190476 0 0 0 0 0 0 0 0 0.00457958 0.0375375 0.0148313 0 
0.31 0.0287115 0.347339 0 0 0 0 0 0 0 0 0.0651828 0 0 0 0.0557823 0 0.162055 0.335734 0 0.155 0 0 0.0929705 0 0 0 0 0 0 0 0 0 0 0 0 0 0 0 0 0 0 0 0 0.0205 0 0 0 0 0.0152189 0 0.0829883 0.159455 0 0.00325225 0.0135135 0.0209492 1 
0 0 0 0 0.322 0 0 0 0 0 0 0.511924 0 0 0 0 0 0 0 0 0 0 0 0 0 0 0.1288 0 0 0 0 0 0 0 0 0 0 0 0 0 0 0.22549 0 0 0.3225 0 0 0 0 0.119878 0 0 0 0 0.0021021 0.00750751 0.004264 0 
0 0 0 0 0 0 0 0 0 0 0 0 0 0 0 0.142857 0.205078 0 0.283528 0 0.2625 0 0 0 0 0 0 0 0 0 0 0 0 0 0 0 0 0 0 0 0 0 0 0 0.0525 0 0 0 0 0.0854601 0 0.0657066 0.0550681 0 0.00351802 0.0202703 0.0196515 1 
0.1375 0 0 0 0 0 0 0 0 0.134474 0 0 0 0 0 0 0 0 0 0 0 0 0 0 0.0721717 0.0715215 0.0664 0.126728 0.0385154 0.126728 0.126728 0.126728 0 0.126728 0.126728 0.126728 0.0798258 0 0.049505 0.126728 0 0 0.154062 0 0.0275 0 0 0 0 0.0859284 0.0556916 0 0 0 0.00167718 0.00825826 0.0198369 0 
0 0 0 0 0 0 0 0 0 0 0 0 0 0 0 0 0 0 0.289829 0 0.26875 0 0 0 0 0 0 0 0 0 0 0 0 0 0 0 0 0 0 0 0.30112 0 0 0 0 0.14986 0 0 0 0.046125 0 0 0 0 0.00197447 0.0045045 0.00797182 0 
0.0475 0 0.109244 0 0.124 0.0807453 0 0.0192308 0.13617 0 0 0.0715421 0.0468468 0 0 0 0.0253906 0 0.111611 0 0.04875 0 0.0255319 0 0.0676203 0 0 0 0 0 0 0 0 0 0 0.0138249 0 0 0 0 0 0 0 0 0.0195 0 0 0 0 0.00702412 0 0 0.00907716 0 0.000857357 0.0307808 0.0548758 0 
0 0 0 0 0.476 0 0 0 0 0 0 0 0 0 0 0 0 0 0 0 0 0 0 0 0 0 0 0 0.333333 0 0 0 0 0 0 0 0 0 0 0 0 0.333333 0 0 0 0 0 0 0 0 0 0 0 0 0 0 0.000926956 0 
0 0 0 0 0 0 0 0 0 0 0 0 0 0 0 0 0 0 0 0 0 0 0 0 0 0 0.2 0 0 0 0 0 0 0 0 0 0 0 0 0 0 0 0 0 0 0 0 0 0 0 0 0 0 0 0.000375375 0.000750751 0.00166852 0 
0 0 0.103641 0 0.113 0 0.0508941 0 0 0.183374 0 0.0588235 0 0 0 0.0503401 0.146484 0 0.238524 0 0.14125 0 0.157447 0 0 0 0 0 0 0 0 0 0 0 0 0 0 0 0 0 0 0 0 0 0.0565 0 0 0 0 0.0147506 0 0.158776 0.0571861 0 0.00462462 0.0578078 0.0467186 1 
0 0 0 0 0 0 0 0 0 0 0 0 0 0 0 0 0 0 0 0 0 0 0 0 0 0 0 0 0 0 0 0 0 0 0 0 0 0 0 0 0 0 0 0 0 0 0 0 0 0 0 0 0 0 0 0 0.000370782 0 
0 1 0 0 0 0 0 0 0 0 0 0 0 0 0 0 0 0 0 0 0 0 0 0 0 0 0 0 0 0 0 0 0 0 0 0 0 0 0 0 0 0 0 0 0 0 0 0 0 0 0 0 0 0 0.0012012 0.003003 0.00148313 0 
0.215 0 0 0 0 0 0 0 0 0 0 0 0 0 0 0 0 0 0 0 0 0 0 0 0 0 0 0 0 0 0 0 0.117647 0 0 0 0 0.551282 0 0 0 0 0 0.103241 0 0 0 0 0 0 0 0 0 0 0.000846847 0.0045045 0.0111235 0 
0.065 0.00560224 0.0728291 0 0.053 0.0496894 0.0110041 0.025641 0.412766 0.151589 0.04 0.18283 0.0144144 0.126126 0.0735931 0.047619 0.015625 0 0.374437 0.0416 0.27625 0 0.0723404 0.340136 0 0 0 0 0 0 0 0 0 0 0.0184332 0 0 0.0512821 0 0 0 0 0 0 0 0 0 0 0 0.010302 0 0.0610261 0.0490166 0.00861538 0.00471021 0.0548048 0.139414 1 
0.0575 0.0413165 0.0644258 0 0.023 0.068323 0 0 0.348936 0.288509 0.055 0.317965 0.0414414 0 0 0 0.0214844 0 0.435644 0.7936 0.22125 0 0 0.0521542 0 0 0 0 0 0 0 0 0 0 0 0 0 0 0 0 0 0 0 0 0.0055 0 0 0 0 0.0435495 0 0.0234023 0.0508321 0.0110769 0.00714715 0.130631 0.147201 1 
0 0.0245098 0.196078 0 0.035 0 0 0 0 0 0 0.111288 0 0 0 0.142857 0 0.13834 0.189919 0 0.175 0 0 0 0 0 0 0 0 0 0 0 0 0 0 0 0 0 0 0 0 0 0 0 0.0175 0 0 0 0 0.0285647 0 0.231143 0 0 0.00396246 0.045045 0.057842 1 
0 0 0 0 0 0 0 0 0 0 0 0.205087 0 0 0 0 0 0 0 0 0 0 0 0 0 0 0 0 0 0 0 0 0 0 0 0 0.0928882 0 0 0 0 0 0 0 0 0 0 0 0 0 0 0 0 0 0.00191441 0.00525526 0.0166852 0 
0 0 0 0 0.021 0 0 0 0 0 0 0 0 0 0 0 0 0 0 0 0 0.0157421 0 0 0 0 0 0 0 0 0 0 0 0 0 0 0 0 0 0 0 0 0 0 0 0 0 0 0 0.0479981 0 0.00612061 0 0 0.00325526 0.0105105 0.0626622 1 
0 0 0 0 0 0 0 0 0 0 0 0 0 0 0 0 0 0 0.221422 0 0.15375 0 0 0 0 0 0.0492 0 0 0 0 0 0 0 0 0 0 0 0 0 0 0 0 0 0 0 0 0 0 0 0 0 0 0 9.30931e-05 0.000750751 0.00296626 0 
0 0.0133053 0.159664 0 0.009 0.173913 0.0123796 0.0288462 0.161702 0.0464548 0 0.09062 0.102703 0 0 0.0258503 0 0 0.180918 0 0.17875 0 0 0.0430839 0 0 0 0 0 0 0 0 0 0 0 0 0 0 0 0 0 0 0 0 0 0 0 0 0.00881168 0.0538516 0 0.0158416 0.0375189 0 0.00210961 0.0367868 0.0680386 1 
0 0 0 0 0 0.248447 0 0 0.170213 0.0977995 0 0 0 0 0.17316 0 0 0 0.109811 0.1952 0.05 0 0 0 0 0.0520156 0.016 0 0 0.0921659 0 0 0 0 0 0 0 0 0 0 0 0 0 0.0486194 0 0.0560224 0 0 0 0.0152189 0 0 0 0 0.00126126 0.00525526 0.0148313 0 
0 0 0 0 0 0 0 0 0 0 0 0 0 0 0 0 0 0 0 0 0 0 0 0 0 0 0 0 0 0 0 0 0 0 0 0 0 0 0 0 0 0 0 0 0 0 0 0 0.0818228 0 0 0 0 0 0 0 0.00241009 0 
0 0 0 0 0 0 0 0 0 0 0 0.162162 0 0 0 0 0 0 0 0 0 0 0 0 0.19896 0.530559 0 0 0 0 0 0 0 0 0.117512 0 0 0 0 0 0 0 0 0 0 0 0 0 0 0.0508078 0 0 0 0 0.00107808 0.00825826 0.0224323 0 
0 0 0.131653 0 0.095 0.291925 0 0 0 0 0 0.0747218 0 0 0 0 0 0 0.0855086 0 0 0 0 0 0 0.0611183 0.0188 0 0 0 0 0 0 0 0 0 0 0.608974 0 0 0 0.0329132 0 0 0 0 0 0 0 0.017092 0 0 0 0 0.00132733 0.00525526 0.0179829 0 
0 0 0.10084 0 0 0.0559006 0 0.0288462 0 0 0.045 0.0572337 0.0162162 0 0 0 0.0527344 0 0 0 0 0 0.0382979 0 0.208062 0 0 0 0 0 0 0 0.0369357 0 0 0 0 0 0 0 0 0 0.0252101 0 0 0 0 0 0.0251762 0.0412081 0 0 0.0378215 0 0.00203604 0.015015 0.11865 0 
0 0.0378151 0 0 0 0 0.148556 0 0 0.132029 0.27 0.0858506 0 0 0 0.295238 0 0.106719 0.293429 0 0.135 0 0 0 0 0 0 0 0 0 0 0 0 0 0 0 0 0 0 0 0 0 0 0 0.027 0 0 0 0 0 0 0.060126 0 0 0.000487988 0.003003 0.00964034 1 
0.0025 0.00210084 0.0560224 0 0.009 0.0186335 0 0 0.0212766 0.0122249 0 0.0747218 0.00540541 0.0306306 0 0.0122449 0.0351562 0.0256917 0.0315032 0.0048 0.01875 0 0 0.00680272 0 0 0.002 0.00691244 0.00070028 0 0 0 0.201094 0 0 0.0253456 0.130624 0 0 0.00691244 0 0.00490196 0 0.00780312 0.0025 0.0252101 0 0.140187 0.00956697 0.0615781 0.00305998 0.00288029 0 0.00307692 0.00184685 0.0758258 0.587134 0 
0 0 0 0 0 0 0 0 0 0 0 0 0 0 0 0 0 0 0.153015 0 0.10625 0 0 0 0.0552666 0 0 0 0 0 0 0 0.116279 0 0 0 0 0 0 0 0 0.0595238 0 0.0510204 0 0 0 0 0 0 0.0844553 0 0 0 0.000342342 0.00225225 0.00778643 0 
0 0 0 0 0 0 0 0 0 0.237164 0 0 0 0 0 0 0 0 0 0 0 0 0 0 0 0 0.0388 0 0 0 0 0 0 0 0 0 0 0 0 0 0 0 0 0 0 0 0 0 0 0.114961 0.0997552 0 0 0 0.00497297 0.024024 0.0253986 0 
0.1875 0 0.103641 0 0 0 0 0 0 0 0 0 0.0666667 0 0 0 0 0 0.10081 0 0.23375 0 0 0 0.0487646 0.0481144 0.0748 0.0852535 0.0259104 0.0852535 0.0852535 0.0852535 0 0.0852535 0.0852535 0.0852535 0.108853 0 0.0333033 0.0852535 0 0 0.736695 0 0.0375 0 0 0 0 0.0714118 0 0.0109811 0 0 0.00135586 0.00900901 0.0216908 0 
0 0 0 0 0 0 0 0 0 0.246944 0 0 0 0 0 0 0.197266 0 0 0 0 0 0 0 0.131339 0.131339 0.0808 0.232719 0.0707283 0.232719 0.232719 0.232719 0 0.232719 0.232719 0.232719 0.146589 0 0.0909091 0.232719 0 0 0.282913 0.242497 0.0505 0 0 0 0 0.190588 0 0.0291629 0 0 0.00168919 0.00825826 0.0124212 0 
0.1475 0 0 0 0 0 0.162311 0.189103 0.251064 0.288509 0 0.187599 0 0 0 0 0.576172 0 0.372637 0.3776 0.295 0 0 0 0 0 0 0 0 0 0 0 0 0 0 0 0 0 0 0 0 0 0 0 0 0 0 0 0 0 0 0.0757876 0 0 0.00792042 0.0337838 0.0335558 1 
0 0.0252101 0 0 0 0.223602 0.202201 0 0 0.0880196 0.18 0.116057 0 0 0 0.0489796 0 0.217391 0.19802 0 0.09125 0 0.153191 0 0 0 0 0 0 0 0 0 0 0 0 0 0 0 0 0 0 0 0 0 0 0 0 0 0 0.0428471 0 0.0660666 0.0184569 0.0750769 0.0045045 0.0262763 0.0487579 1 
0.02 0.00560224 0.212885 0 0.085 0.63354 0.0343879 0.0544872 0.251064 0.0195599 0.085 0.0937997 0.0306306 0 0.95671 0.0340136 0.015625 0.183794 0.144914 0.0272 0.0525 0 0.361702 0.0181406 0 0 0 0 0 0 0 0 0 0 0 0 0 0 0 0.0184332 0 0 0.047619 0.00480192 0.004 0.0112045 0 0 0 0.0147506 0 0.0709271 0.0344932 0.00738462 0.00973574 0.501502 0.26066 1 
0 0 0 0 0.092 0 0 0 0 0 0 0.146264 0 0 0 0 0 0 0.0828083 0 0.115 0 0 0 0 0 0 0 0 0 0 0 0 0 0 0 0 0 0 0 0 0 0 0 0 0 0 0 0 0 0 0 0 0 0.000750751 0.0045045 0.00593252 0 
0.1075 0.0182073 0.120448 0 0.078 0.161491 0 0.0544872 0.144681 1 0.04 0.193959 0.0774775 0 0.337662 0.153741 0.0507812 0.37747 0.211521 0 0.29375 0 0.0340426 0.0975057 0 0 0 0 0 0 0 0 0 0 0 0.0184332 0 0 0 0.0184332 0 0 0 0 0 0 0 0 0.0140987 0.0564271 0.0257038 0.127633 0.016944 0 0.00498348 0.0938438 0.208009 1 
0 0 0 0 0 0 0 0.179487 0 0 0 0 0 0 0 0 0 0 0.10081 0 0 0 0 0 0 0 0 0 0 0 0 0 0 0 0 0 0 0 0.10081 0 0 0 0 0 0.056 0.0784314 0 0 0 0.0423788 0.0550796 0.0325833 0 0 0.00525526 0.0247748 0.0281795 0 
0 0 0 0 0.054 0.335404 0 0 0 0 0 0.173291 0 0 0 0 0 0 0.146715 0 0.0675 0 0 0 0 0 0 0 0 0 0 0 0 0 0 0 0 0 0 0 0 0.0378151 0 0 0 0 0 0 0.0752769 0.0465933 0 0 0 0 0 0 0.00241009 0 
0.04 0.00560224 0 0 0 0 0 0 0.0680851 0.0806846 0 0.106518 0 0 0.034632 0 0.0976562 0.0652174 0.0522052 0.0256 0.0525 0 0 0.0181406 0.0871261 0.0754226 0 0 0 0.0184332 0 0 0 0 0 0.251152 0.194485 0 0.0144014 0 0 0 0 0.00480192 0 0 0 0 0.021148 0.095528 0.0367197 0 0.00363086 0 0.00477327 0.0773273 0.306637 0 
0 0 0 0 0 0 0 0 0 0 0 0 0 0.281081 0 0 0 0 0.140414 1 0.195 0 0 0 0 0 0 0 0 0 0 0 0 0 0 0 0 1 0 0 0 0 0 0 0 0 0 0 0 0 0 0.135734 0.0568835 0 0.00683333 0.0885886 0.0296626 1 
0 0 0 0 0 0 0 0 0 0 0 0 0 0.214414 0 0 0 0.235178 0 0 0 0 0 0 0 0 0 0 0 0 0 0 0.162791 0 0 0 0 0 0 0 0 0 0 0 0 0 0 0 0 0 0 0 0 0 0.00176877 0.015015 0.0111235 0 
0 0 0 0 0 0 0.26685 0 0 0 0 0 0 0 0 0.395918 0.757812 0 0.174617 0 0.2425 0 0 0.439909 0 0 0 0 0 0 0 0 0 0 0 0 0 0 0 0.223502 0 0 0 0 0.0485 0 0 0 0 0.0304378 0 0.0936094 0.0393343 0 0.00790691 0.0187688 0.0172414 1 
0.3725 0 0 0 0 0 0 0 0 0 0 0.236884 0 0 0 0 0 0 0.40234 0 0.18625 0 0 0 0 0.193758 0 0 0 0 0 0 0 0 0 0 0 0 0 0 0 0 0 0.0894358 0 0 0 0 0 0 0 0 0 0 0.0014009 0.00525526 0.00519095 0 
0 0.0343137 0 0 0 0 0 0 0 0 0 0.0779014 0 0 0 0 0 0 0.264626 0 0.18375 0 0 0 0 0 0 0 0 0 0 0 0 0 0 0 0 0 0 0 0 0 0 0 0 0 0 0 0 0.0564271 0 0 0 0.0492308 0.00115616 0.015015 0.0155729 0 
0 0.0490196 0.294118 0 0.035 0 0 0 0 0 0 0.111288 0 0 0 0.047619 0 0.27668 0.221422 0 0.175 0 0 0 0 0 0 0 0 0 0 0 0 0 0 0 0 0 0 0 0 0 0 0 0.0175 0 0 0 0 0.0131117 0 0.161476 0 0 0.00515015 0.0900901 0.0647015 1 
0 0 0 0 0 0 0 0 0 0 0 0 0 0 0 0 0 0 0 0 0 0 0 0 0 0 0 0 0 0 0 0 0 0 0 0 0 0 0 0 0 0.538515 0 0 0 0 0 0 0 0 0 0 0 0 0.000600601 0.00225225 0.00241009 0 
