sonar 61 105
0.151917 0.0252893 0.0489488 0.101997 0.114634 0.200752 0.210768 0.392062 0.318821 0.242671 0.320431 0.402696 0.351231 0.167062 0.0638981 0.254834 0.406694 0.614649 0.766674 0.752354 0.799642 0.845926 0.940659 0.943653 0.964652 0.784668 0.471478 0.378345 0.376623 0.528497 0.744087 0.914963 0.93962 0.902385 0.659712 0.465121 0.130658 0.141936 0.341134 0.554575 0.557846 0.445177 0.289668 0.105128 0.0561558 0.107652 0.190511 0.309674 0.385664 0.261818 0.166335 0.115549 0.119481 0.0146199 0.156463 0.138462 0.0369318 0.153318 0.201102 0.073903 1 
0.0589971 0.129447 0.172142 0.0839277 0.138473 0.251814 0.265963 0.295259 0.372723 0.519377 0.558628 0.624707 0.751403 0.415592 0.331227 0.339304 0.318827 0.257247 0.375342 0.661066 0.752319 0.659544 0.544665 0.589694 0.639754 0.84734 0.980985 0.936188 0.841213 0.581762 0.536349 0.7286 0.577549 0.321357 0.0299683 0.310181 0.354144 0.363731 0.563462 0.45719 0.311639 0.529548 0.556317 0.622391 0.722775 0.267691 0.278703 0.610063 0.532055 0.304242 0.355578 0.24679 0.0363636 0.269006 0.287982 0.0923077 0.110795 0.0617849 0.0826446 0.0623557 1 
0.227139 0.0407201 0.0929698 0.120304 0.175755 0.230046 0.258929 0.212348 0.141419 0.291863 0.396427 0.467321 0.403915 0.116428 0.120774 0.13963 0.160812 0.213403 0.17105 0.186109 0.290894 0.58583 0.82007 0.902162 0.988525 0.990307 0.942011 1 0.907873 0.7243 0.785722 0.7541 0.506878 0.203392 0.072108 0.122681 0.0883446 0.0876573 0.14727 0.0248366 0.139201 0.0937729 0.148584 0.218243 0.135627 0.0109709 0.143064 0.375861 0.326603 0.21697 0.0507968 0.0756063 0.228571 0.365497 0.129252 0.151282 0.0880682 0.0663616 0.168044 0.140878 1 
0.315634 0.188598 0.0722733 0.225868 0.554147 0.674281 0.548701 0.355678 0.25559 0.42471 0.496952 0.751465 0.862099 0.780551 0.8387 0.901079 1 0.886857 0.86882 0.773759 0.700253 0.752684 0.615556 0.304375 0.188115 0.149576 0.29709 0.263792 0.183137 0.112709 0.0591826 0.107616 0.18219 0.0966614 0.148716 0.0966734 0.241745 0.233025 0.196606 0.115795 0.0860452 0.338828 0.308418 0.0328524 0.279642 0.203374 0.0785947 0.187781 0.25896 0.573333 0.247012 0.379458 0.519481 0.383041 0.405896 0.130769 0.119318 0.256293 0.415978 0.21709 1 
0.121681 0.187741 0.151445 0.152164 0.392594 0.210965 0.152327 0.224035 0.459055 0.401115 0.423082 0.41017 0.410105 0.238631 0.165613 0.116629 0.254274 0.430545 0.646644 0.752033 0.679595 0.426746 0.19805 0.271181 0.485041 0.798656 1 0.921573 0.849736 0.757324 0.576567 0.537632 0.666492 0.636778 0.494119 0.352621 0.378089 0.35666 0.314991 0.289107 0.380776 0.461294 0.446528 0.270033 0.146574 0.109435 0.126947 0.157532 0.121656 0.141818 0.121514 0.162625 0.283117 0.25731 0.047619 0.0538462 0.0653409 0.107551 0.198347 0.0369515 1 
0.172566 0.0484355 0.086071 0.166904 0.29191 0.385918 0.313582 0.258875 0.30268 0.345774 0.363817 0.399326 0.454441 0.413942 0.519009 0.602992 0.713605 0.74826 0.760783 0.796447 0.894077 0.923014 0.932712 0.98494 0.977049 1 0.989074 0.904899 0.726664 0.548098 0.43455 0.372388 0.168224 0.0787493 0.0271044 0.133669 0.24087 0.173755 0.131035 0.230392 0.163636 0.273138 0.326005 0.188611 0.0956781 0.132337 0.270192 0.337826 0.23372 0.233939 0.139442 0.0271041 0.163636 0.409357 0.0136054 0.330769 0.127841 0.551487 0.209366 0.157044 1 
0.215339 0.221603 0.209593 0.110081 0.137966 0.127654 0.170996 0.134289 0.205094 0.383097 0.50872 0.696952 0.690514 0.484583 0.559334 0.730409 0.816599 0.914078 0.99737 0.990475 0.814503 0.641959 0.574017 0.47362 0.298156 0.0685097 0.053367 0 0.0876623 0.215511 0.24109 0.283756 0.257062 0.401272 0.351539 0.311694 0.465559 0.414994 0.152751 0.355011 0.676549 0.536264 0.240916 0.182943 0.0837361 0.0789907 0.121695 0.080563 0.123675 0.230303 0.062749 0.446505 0.477922 0.371345 0.614512 0.379487 0.139205 0.270023 0.338843 0.113164 1 
0.0420354 0.00900129 0.0243101 0.000713267 0.0895257 0.205052 0.310877 0.208159 0.281505 0.315315 0.309514 0.387456 0.279545 0.0448592 0.116662 0.269286 0.401202 0.509506 0.56417 0.588292 0.657778 0.782538 0.891279 0.982379 1 0.830378 0.585566 0.283244 0 0.203792 0.419946 0.507077 0.517904 0.609327 0.513961 0.372681 0.220643 0.139025 0.158866 0.341285 0.256514 0.289011 0.349929 0.299279 0.245095 0.199808 0.212785 0.259958 0.19788 0.158788 0.0916335 0.0998573 0.171429 0.207602 0.0634921 0.153846 0.0965909 0.0755149 0.030303 0.0715935 1 
0.181416 0.111444 0.0683311 0.164289 0.328937 0.379199 0.347132 0.352591 0.264919 0.2717 0.368779 0.500293 0.478768 0.332268 0.430735 0.532872 0.610092 0.675429 0.71902 0.79741 0.830944 0.860137 0.867225 0.959738 0.970902 0.903183 0.850404 0.876287 0.768669 0.543092 0.412207 0.275893 0.276909 0.196502 0.0963486 0.0105847 0.10398 0.218051 0.13346 0.107407 0.206601 0.241392 0.244019 0.176501 0.195621 0.0421009 0.067548 0.181491 0.201413 0.204848 0.134462 0.305278 0.441558 0.342105 0.0362812 0.307692 0.144886 0.0411899 0.0743802 0.039261 1 
0.0582596 0.140163 0.0955979 0.0756063 0.311692 0.454985 0.507576 0.36097 0.265808 0.230516 0.274918 0.420574 0.57003 0.503661 0.53546 0.503257 0.63123 0.722182 0.806859 0.877568 0.988512 1 0.867543 0.859748 0.905123 0.853949 0.763631 0.650062 0.555093 0.362523 0.201526 0.0853741 0.0648955 0.0232114 0.0405032 0.189113 0.193418 0.297286 0.393316 0.307407 0.179618 0.200977 0.130609 0.194795 0.202872 0.150439 0.212423 0.291105 0.354871 0.340606 0.215139 0.206847 0.277922 0.675439 0.358277 0.130769 0.213068 0.118993 0.247934 0.140878 1 
0.528024 0.53279 0.54205 0.341893 0.348973 0.717012 0.682359 0.36538 0.0579002 0.143143 0.205586 0.428488 0.441198 0.195009 0.200622 0.246082 0.149933 0.212675 0.327688 0.123502 0.220489 0.649525 0.971813 0.975105 0.803176 0.616808 0.465805 0.522746 0.761465 0.493981 0.503433 0.428555 0.386748 0.179544 0 0.417238 0.562541 0.218363 0.175311 0.284532 0.286856 0.538095 0.410966 0.103968 0.169463 0.292649 0.586925 0.882001 0.744069 0.255758 0.359562 0.621969 0.584416 0.818713 0.306122 0.402564 0.494318 0.437071 0.567493 0.117783 1 
0.159292 0.132447 0.0509198 0.0399429 0.0869896 0.00376243 0.0514069 0.16538 0.339109 0.335764 0.277329 0.188159 0.22283 0.29143 0.436252 0.552921 0.6705 0.601455 0.663686 0.832513 0.991674 1 0.786267 0.5314 0.380328 0.468994 0.543019 0.283862 0.176238 0.356557 0.196621 0.35273 0.389583 0.231691 0.166104 0.370968 0.435163 0.337215 0.226439 0.190959 0.0794441 0.278755 0.257468 0.141716 0.097242 0.0415524 0.122057 0.2351 0.229682 0.298182 0.150398 0.166904 0.0805195 0.330409 0.0839002 0.282051 0.139205 0.201373 0.0192837 0.198614 1 
0.452802 0.453922 0.496386 0.278412 0.347451 0.292395 0.230249 0.187872 0.300903 0.498212 0.734014 0.728165 0.71153 0.528205 0.65473 0.869428 0.977826 0.930909 0.780875 0.719927 0.674115 0.37123 0.0114443 0.026944 0.253791 0.211257 0.184158 0.167456 0.0267857 0.204325 0.163161 0.167041 0.205397 0.184844 0.249974 0.127016 0.0789416 0.170531 0.150011 0.0119826 0.110365 0.20989 0.20031 0.209482 0.100654 0.0176906 0.14397 0.228212 0.0590611 0.0739394 0.255976 0.115549 0.667532 0.28655 0.29932 0.469231 0.644886 0.12357 0.30854 0.288684 1 
0.030236 0.111873 0.0676741 0.119591 0.220391 0.28057 0.182089 0.207497 0.236636 0.249678 0.31079 0.362837 0.395854 0.243787 0.185475 0.126501 0.173972 0.232519 0.240269 0.287885 0.349705 0.386873 0.482251 0.678312 0.742828 0.762419 0.897153 1 0.887175 0.628316 0.610463 0.455965 0.259477 0.160784 0.129385 0.0726815 0.15515 0.103879 0.214316 0.210131 0.18645 0.332357 0.178068 0.0882505 0.0943986 0.228332 0.327237 0.372866 0.260475 0.0533333 0.184263 0.0912981 0.12987 0.187135 0.14059 0.205128 0.0965909 0.0480549 0.0909091 0.00230947 1 
0.120944 0.0557222 0.129106 0.136709 0.134162 0.189734 0.556548 0.751929 0.770176 0.836837 0.845739 0.625879 0.50511 0.267196 0.160899 0.0264604 0.148793 0.417558 0.67915 0.79634 0.847175 0.868827 0.851754 0.918144 0.869775 0.788964 0.862801 0.836455 0.573153 0.334612 0.327302 0.475736 0.631944 0.708956 0.556715 0.514919 0.51487 0.364147 0.357474 0.394444 0.259988 0.187424 0.242467 0.292064 0.224197 0.166072 0.159906 0.254567 0.179202 0.265455 0.0856574 0.164051 0.142857 0.517544 0.238095 0.312821 0.221591 0.347826 0.438017 0.182448 1 
0.0412979 0.0415774 0.0394218 0.103661 0.0471722 0.189196 0.180736 0.150606 0.00621946 0.112255 0 0.193142 0.180366 0.078581 0.139733 0.108386 0.0562636 0.173714 0.0350305 0.0928938 0.265493 0.14201 0.0110205 0.121606 0.0158811 0.0806256 0.306545 0.470461 0.513596 0.521466 0.612534 0.627387 0.660191 0.920509 1 0.95131 0.886508 0.695643 0.666878 0.676362 0.54916 0.501221 0.364154 0.21966 0.202019 0.13316 0.159181 0.258461 0.179202 0.282424 0.250996 0.0499287 0.111688 0.192982 0.267574 0.258974 0.144886 0.0663616 0.198347 0.13164 0 
0.137168 0.0471496 0.0354796 0.0444603 0.121735 0.028487 0.232143 0.172216 0.186584 0.155298 0.206012 0.168669 0.267454 0.237909 0.259304 0.196927 0.226194 0.294857 0.403219 0.439212 0.507589 0.596871 0.649889 0.74142 0.890369 0.934464 1 0.977872 0.845069 0.748482 0.67782 0.515053 0.340334 0.210281 0.122021 0.262097 0.24918 0.282936 0.318469 0.218519 0.0938043 0.317338 0.284883 0.198531 0.208132 0.143171 0.22184 0.223121 0.24735 0.271515 0.0318725 0.0970043 0.103896 0.134503 0.156463 0.0846154 0.119318 0.0594966 0.0192837 0.0277136 0 
0.205015 0.273468 0.123193 0.0273419 0.103728 0.191884 0.25974 0.0573319 0.0978824 0.106821 0.017723 0.0345838 0.0937095 0.0685779 0.143946 0.0658457 0.0860015 0.187429 0.297917 0.278467 0.168529 0.212964 0.296493 0.411843 0.447643 0.185593 0.0412858 0.265336 0.55418 0.823586 0.829864 0.769041 0.795023 0.97753 1 0.895161 0.564728 0.27597 0.207358 0.246732 0.342559 0.459707 0.203673 0.287039 0.224908 0.196517 0.295907 0.339323 0.286219 0.161212 0.169323 0.0385164 0.122078 0.21345 0.163265 0.182051 0.289773 0.359268 0.258953 0.0115473 0 
0.957227 1 1 1 1 0.45391 0.492424 0 0.274545 0.302874 0.37119 0.296454 0.424932 0.312365 0.364028 0.386118 0.418299 0.446234 0.500842 0.329516 0.182441 0.179327 0.399915 0.644709 0.494877 0.206521 0.386805 0.583162 0.517248 0.379781 0.352262 0.221411 0.0405334 0.129836 0.273397 0.453327 0.368904 0.310804 0.361796 0.442702 0.375565 0.324176 0.213759 0.251353 0.39963 0.308009 0.347881 0.449236 0.335689 0.233939 0.155378 0.504993 0.532468 0.421053 0.394558 0.0230769 0.292614 0.283753 0.487603 0.51963 1 
0.126844 0.145735 0.0502628 0.0282929 0.0826782 0.410642 0.539773 0.361411 0.333629 0.367653 0.399688 0.395223 0.300993 0.0743529 0.17755 0.207409 0.246917 0.25839 0.162003 0.11601 0.381324 0.680912 0.800784 0.841512 0.889242 0.922899 0.998634 1 0.80763 0.595078 0.605886 0.577735 0.386748 0.133545 0.0640278 0.0532258 0.0675705 0.106894 0.137571 0.117974 0.0973943 0.119658 0.255658 0.172507 0.128234 0.148793 0.275444 0.408206 0.433115 0.351515 0.202191 0.154066 0.241558 0.552632 0.0612245 0.248718 0.176136 0.256293 0.528926 0.34873 1 
0.0811209 0.0625804 0.0666886 0.0278174 0.0748161 0.159635 0.227273 0.123705 0.174293 0.170027 0.0849284 0.038687 0.0639125 0.103228 0.0772394 0.0590271 0.176044 0.267532 0.283926 0.418557 0.574094 0.703609 0.811911 0.838644 0.904201 0.978191 1 0.871552 0.754769 0.639501 0.578093 0.530667 0.451433 0.506836 0.508745 0.503125 0.46206 0.324633 0.155387 0.193137 0.186103 0.120269 0.0711238 0.0633857 0.0884276 0.069254 0.0447302 0.0655885 0.0514891 0.0569697 0.0189243 0.0470756 0.179221 0.0584795 0.0997732 0.112821 0.0397727 0.0869565 0.23416 0.120092 0 
0.119469 0.126018 0.0896846 0.0798859 0.142785 0.113948 0.177219 0.127453 0.0812972 0.0715001 0.197221 0.474795 0.630056 0.506858 0.629652 0.716365 0.497772 0.357714 0.226173 0.287778 0.45879 0.65525 0.723323 0.919373 1 0.752175 0.537031 0.606011 0.861506 0.636945 0.467357 0.514379 0.29959 0.303551 0.271351 0.216331 0.0484365 0.0228762 0.0714738 0.053268 0.135495 0.113187 0.212466 0.244911 0.157378 0.262891 0.265665 0.1174 0.179707 0.327273 0.167331 0.134094 0.303896 0.0994152 0.156463 0.307692 0.272727 0.12357 0.0853994 0.0300231 0 
0.079646 0.00685812 0.0594612 0.0351878 0.0286584 0.104811 0 0.075634 0.106027 0.0517661 0.122359 0.0416178 0.145099 0.172218 0.181463 0.194891 0.166511 0.13039 0.0761624 0.0386344 0.0887437 0.300378 0.432553 0.580576 0.669672 0.792819 0.852295 0.920543 0.836343 0.705763 0.633243 0.536621 0.435997 0.534499 0.503631 0.388004 0.101465 0.00291151 0.0514442 0.110458 0.109554 0.207692 0.342429 0.251868 0.0932613 0.0795392 0.0577689 0.0901468 0.137304 0.089697 0.148406 0.166904 0.335065 0.0467836 0.0725624 0.0358974 0.3125 0.125858 0.126722 0.150115 0 
0.0383481 0.0385769 0.00295664 0 0.0329698 0.138672 0.107955 0.197574 0.112691 0.152581 0.0976889 0.0986225 0.067943 0.0329999 0.0803491 0.11551 0.175008 0.356987 0.416263 0.48887 0.569035 0.648911 0.608774 0.590001 0.483402 0.520542 0.674966 0.846953 1 0.911154 0.784087 0.648506 0.5241 0.562162 0.535952 0.547883 0.460311 0.320578 0.317626 0.298039 0.24806 0.193529 0.207552 0.19209 0.188513 0.0942128 0.109018 0.168014 0.154467 0.186667 0.0288845 0.0570613 0.0467532 0.0292398 0.0770975 0.0384615 0.0880682 0.0709382 0.137741 0.0577367 0 
0.213864 0.153022 0.0653745 0.0401807 0.0986558 0.151303 0.24513 0.202205 0.364283 0.431002 0.269814 0.349502 0.321722 0.196556 0.113151 0.109404 0.0556419 0.143377 0.132969 0.0946062 0 0.162151 0.368337 0.559164 0.649283 0.721776 0.846938 0.905825 0.864854 0.881964 0.935477 0.91193 0.706395 0.634658 0.616754 0.682258 0.763831 0.613289 0.564411 0.653813 0.606485 0.599389 0.650071 0.743623 0.839778 0.658667 0.702101 0.832285 0.720343 0.513939 0.26992 0.273894 0.168831 0.175439 0.181406 0.217949 0.201705 0.0892449 0.14876 0.034642 1 
0.0597345 0.170596 0.21912 0.149786 0.207963 0.223058 0.249459 0.459757 0.365911 0.405977 0.529704 0.719812 0.678998 0.397443 0.355502 0.334317 0.281732 0.267013 0.405744 0.707192 0.804701 0.806053 0.646604 0.688352 0.769262 0.855491 1 0.993928 0.877537 0.625226 0.587902 0.674455 0.472015 0.269528 0.00787563 0.330242 0.307894 0.389934 0.623023 0.529412 0.260915 0.566667 0.621492 0.633986 0.75263 0.303895 0.253712 0.565439 0.478041 0.162424 0.308765 0.326676 0.18961 0.391813 0.371882 0.0205128 0.301136 0.0755149 0.115702 0.0277136 1 
0.234513 0.092156 0.0837714 0.100571 0.155212 0.236227 0.219156 0.246307 0.101288 0.115401 0.168155 0.0419109 0.13459 0.0718779 0.114655 0.154285 0.133976 0.0862338 0 0.0950342 0.313343 0.605971 0.909505 0.934843 0.864447 0.864743 0.847988 0.879889 1 0.818472 0.666921 0.572343 0.550142 0.704505 0.675258 0.510282 0.2623 0.101383 0.124394 0.27549 0.18923 0.223077 0.355102 0.212703 0.0817458 0.0953099 0.108294 0.136568 0.0106007 0.0824242 0.0358566 0.0199715 0.0701299 0.146199 0.108844 0.151282 0.397727 0.295195 0.137741 0.0808314 0 
0.260324 0.170167 0.0992116 0.0558726 0.190971 0.333244 0.305195 0.134068 0.0118466 0.0561991 0.0874805 0.338365 0.184252 0.103022 0.119571 0.153369 0.111387 0.0945455 0.143383 0.0513699 0.164102 0 0.194659 0.236451 0 0.110365 0.448787 0.69154 0.677861 0.621072 0.717275 0.558189 0.643075 0.900477 0.950701 0.960181 0.804833 0.664344 0.638836 0.719281 0.657209 0.622589 0.491659 0.293481 0.216378 0.109846 0.145599 0.225217 0.285714 0.212121 0.0577689 0.118402 0.402597 0.438596 0.170068 0.169231 0.375 0.146453 0.212121 0.143187 0 
0.144543 0.0522932 0 0.0932002 0.163327 0.392636 0.401786 0.253804 0.235599 0.176176 0.0703247 0.019197 0.150137 0.241415 0.426221 0.606554 0.734224 0.805714 0.895434 0.957513 0.911678 0.912074 0.772279 0.501486 0.327766 0.260932 0.219561 0.350041 0.570312 0.59412 0.450245 0.360705 0.41552 0.387069 0.293546 0.20746 0.0832058 0.104294 0.121442 0.0957516 0.148697 0.225397 0.169792 0.228807 0.284333 0.104909 0.131655 0.224319 0.226653 0.162424 0.173307 0.155492 0.0467532 0.108187 0.0975057 0.0692308 0.0596591 0.0823799 0.137741 0.0207852 1 
0.0523599 0.0895842 0.0745729 0.0920114 0.152168 0.17979 0.126082 0.187652 0.170887 0.153296 0.0689068 0.126758 0.123507 0.0598123 0.0426322 0.116222 0.242566 0.267221 0.334 0.459332 0.607399 0.812085 0.919148 0.867841 0.80041 0.862981 1 0.985385 0.941863 0.799084 0.708992 0.719614 0.642025 0.714573 0.722819 0.665323 0.608572 0.469585 0.323424 0.244989 0.157035 0.11685 0.099056 0.108864 0.0369633 0.0456665 0.0371242 0.0925427 0.0509844 0.115152 0.0468127 0.0912981 0.127273 0.0350877 0.0226757 0.0641026 0.15625 0.107551 0.0633609 0.0554273 0 
0.153392 0.158165 0.154074 0.0991441 0.147096 0.131416 0.194805 0.00948181 0.0901821 0.196482 0.122926 0.207796 0.525263 0.34289 0.168723 0.0991248 0 0.355429 0.726594 0.991973 0.979132 0.886515 0.651584 0.414609 0.321107 0.70988 0.959134 0.727563 0.478084 0.104506 0.275204 0.414738 0.282789 0.327822 0.325765 0.212298 0.230921 0.243631 0.137993 0.291394 0.254545 0.205617 0.274279 0.141587 0.140034 0.174301 0.264216 0.348607 0.392226 0.532121 0.060757 0.195435 0.319481 0.394737 0.117914 0.115385 0.176136 0.20595 0.15978 0.0369515 0 
0.300885 0.135019 0.227989 0.0118878 0.254375 0.234077 0.251082 0.279603 0.353473 0.369369 0.44279 0.594373 0.503527 0.378158 0.294312 0.30633 0.256554 0.277922 0.201347 0.509846 0.662943 0.62376 0.557486 0.672677 0.588525 0.825091 0.99065 0.916324 0.797585 0.649835 0.561308 0.778252 0.583955 0.25045 0.0128874 0.173286 0.293899 0.455132 0.567679 0.450654 0.542675 0.869719 0.796974 0.72958 0.817316 0.492732 0.457443 0.688529 0.641595 0.431515 0.365538 0.239658 0.0779221 0.24269 0.260771 0.182051 0.150568 0.0411899 0.115702 0.0254042 1 
0.0855457 0.0835834 0.00985545 0.0378031 0.0413391 0.101854 0.191829 0.061301 0.191619 0.281138 0.284418 0.257034 0.143947 0.166856 0.292707 0.527275 0.673609 0.784208 0.81275 0.709974 0.720911 0.787138 0.794108 0.477308 0.173566 0.220619 0.606576 0.85035 0.895089 0.76787 0.510736 0.498315 0.373937 0.339057 0.26859 0.229133 0.256724 0.422065 0.416614 0.348257 0.0966995 0.196947 0.478728 0.395774 0.134347 0.211876 0.252445 0.231207 0.310449 0.278788 0.110558 0.228245 0.21039 0.102339 0.126984 0.15641 0.0767045 0.144165 0.077135 0.108545 1 
0.29056 0.177883 0.183311 0.0171184 0.0294192 0.246439 0.276245 0.223815 0.329779 0.306878 0.295477 0.452374 0.524399 0.47097 0.680209 0.752392 0.950471 0.981922 0.881233 0.81464 0.742938 0.817708 0.678605 0.635693 0.687295 0.781253 0.585356 0.596953 0.886059 0.846277 0.553787 0.280049 0.331933 0.484791 0.274624 0.0825605 0.184999 0.137673 0.00379507 0.127342 0.141401 0.260684 0.219966 0.125097 0.315183 0.374657 0.33937 0.318059 0.335689 0.490909 0.11255 0.0285307 0.0805195 0.277778 0.258503 0.212821 0.164773 0.132723 0.0798898 0.166282 0 
0.520649 0.672096 0.360381 0.244175 0.151915 0.456329 0.290855 0.603969 0.197394 0.0975261 0.318304 0.539859 0.459335 0.137878 0.186378 0.320171 0.20029 0.187221 0.142962 0.48277 0.509064 0.621511 0.834375 0.667657 0.572234 0.574953 0.874882 0.83275 0.377942 0.472782 0.542016 0.431027 0.110994 0.502173 0.691419 0.708569 0.579051 0.46657 0.542273 0.470153 0.5663 0.734921 0.679038 0.175084 0.606767 0.609161 0.397139 0.269542 0.605755 0.761212 0.233068 0.429387 0.316883 0.210526 0.623583 0.289744 0.252841 0.329519 0.429752 0.284065 1 
0.154867 0.00557222 0.0197109 0.00927247 0.0958661 0.216071 0.231602 0.132304 0.22938 0.191477 0.163477 0.104338 0.062473 0.141075 0.0679105 0.0694077 0.232204 0.239377 0.273511 0.430437 0.573988 0.718331 0.86998 0.919475 0.926434 0.993612 1 0.904385 0.852374 0.711622 0.655804 0.636599 0.536701 0.609963 0.619004 0.542238 0.484911 0.372465 0.180898 0.167102 0.170932 0.0727717 0.0980215 0.0626127 0.0501848 0.0407296 0.0436436 0.113507 0.0600707 0.0884848 0.0507968 0.0370899 0.322078 0.263158 0.0861678 0.135897 0.0767045 0.0732265 0.0550964 0.0484988 0 
0.550885 0.282898 0.153088 0.0798859 0.13264 0.147003 0.318182 0.531863 0.516659 0.621479 0.54771 0.544549 0.586152 0.398268 0.451098 0.525544 0.720858 0.604468 0.161793 0.425942 0.383221 0.41642 0.547526 0.528634 0.299283 0.150237 0.684316 1 0.7222 0.437946 0.503651 0.56785 0.252441 0.081505 0.176741 0.413407 0.465012 0.294686 0.259013 0.251961 0.187493 0.291575 0.238847 0.108348 0.0983793 0.0724081 0.0646505 0.0254567 0.116103 0.0557576 0.155378 0.0328103 0.127273 0.277778 0.235828 0.0282051 0.196023 0.102975 0.292011 0.203233 0 
0.304572 0.235319 0.227661 0.133143 0.291149 0.382155 0.40855 0.0740904 0.079224 0 0.136963 0.327814 0.406938 0.358255 0.450296 0.532261 0.646462 0.700052 0.747738 0.857877 0.833052 0.792864 0.828865 0.930028 0.851947 0.577266 0.384284 0.307225 0.300731 0.206775 0.314441 0.45619 0.474955 0.519237 0.508438 0.45756 0.424557 0.414786 0.411765 0.470153 0.386798 0.399023 0.331566 0.32556 0.30381 0.245337 0.182905 0.158131 0.228672 0.14303 0.00896414 0.191155 0.451948 0.201754 0.122449 0.325641 0.244318 0.185355 0.30854 0.0993072 1 
0.0685841 0.0342906 0.0141261 0.0955777 0.173726 0.210965 0.265693 0.0968026 0.0587887 0.04004 0.115837 0.172333 0.290485 0.278746 0.40977 0.467332 0.522329 0.613403 0.690722 0.777183 0.946564 1 0.962382 0.941809 0.8625 0.768146 0.632419 0.4331 0.466213 0.590178 0.484687 0.313525 0.342119 0.331108 0.0847908 0.0595766 0.00306145 0.00811064 0.139469 0.223529 0.152519 0.0717949 0.0205612 0.100232 0.0928348 0.0287987 0.0921767 0.115903 0.132256 0.122424 0.160359 0.0299572 0.18961 0.304094 0.174603 0.138462 0 0.0457666 0.0688705 0.0484988 0 
0.108407 0.0150021 0.0735874 0.0910604 0.142785 0.220102 0.361201 0.225579 0.218718 0.238238 0.265844 0.341735 0.418166 0.366711 0.437556 0.52646 0.585121 0.660052 0.716916 0.795805 0.888385 0.966057 1 0.989038 0.936066 0.888864 0.914277 0.910251 0.777902 0.575796 0.35782 0.32532 0.189331 0 0.0914391 0.172177 0.22108 0.255797 0.197133 0.283007 0.347771 0.304029 0.241433 0.278279 0.181689 0.105321 0.19377 0.283318 0.32105 0.275152 0.12749 0.235378 0.337662 0.304094 0.126984 0.392308 0.241477 0.0755149 0.143251 0.0554273 1 
0.379794 0.376768 0.651117 0.605326 0.800913 0.576458 0.158009 0.492172 0.129572 0.0896611 0.187296 0.291618 0.362603 0.318862 0.424817 0.405251 0.549788 0.680104 0.847149 0.918022 0.912626 1 0.950408 0.907899 0.829611 0.675405 0.635886 0.432174 0.234984 0.149888 0.105068 0.0662772 0.108474 0.231055 0.430705 0.498286 0.44719 0.435479 0.374868 0.303159 0.352982 0.602442 0.469675 0.178691 0.2559 0.17814 0.0947121 0.244684 0.236749 0.138182 0.297809 0.336662 0.503896 0.722222 0.172336 0.376923 0.477273 0.327231 0.366391 0.115473 1 
0.239676 0.265324 0.120237 0.0473134 0.0948516 0.248589 0.339286 0.39581 0.380868 0.572573 0.70268 0.748095 0.772996 0.37558 0.292808 0.296458 0.276863 0.243532 0.520619 0.778682 0.86836 0.863715 0.693441 0.683537 0.722029 0.866946 1 0.981062 0.896916 0.578992 0.485232 0.557965 0.431482 0.285745 0.0563568 0.218649 0.136781 0.371738 0.605735 0.553268 0.227099 0.52674 0.491013 0.556815 0.695479 0.260697 0.170228 0.408506 0.457345 0.174545 0.327689 0.189729 0.0363636 0.166667 0.210884 0.0974359 0.153409 0.10984 0.0881543 0.120092 1 
0.0258112 0.00471496 0.0837714 0.0932002 0.22597 0.195646 0.228896 0.256891 0.281653 0.310167 0.316461 0.475967 0.449834 0.241415 0.175644 0.192652 0.201948 0.329351 0.602146 0.707299 0.825675 0.822922 0.826852 0.93935 0.949795 0.978081 0.997269 1 0.902192 0.61745 0.367847 0.281285 0.164129 0.152729 0.158126 0.106855 0.0425323 0.0580223 0.0263546 0.0336601 0.0245512 0.123565 0.246864 0.287168 0.313193 0.310614 0.319812 0.328541 0.281676 0.172121 0.27988 0.223966 0.132468 0 0.047619 0.148718 0.0596591 0.1373 0.0440771 0.0508083 1 
0.264012 0.117874 0.0712878 0.0397052 0.0284048 0.169578 0.218615 0.215215 0.13594 0.0985271 0.180774 0.341295 0.351231 0.093431 0.056776 0.142581 0.196042 0.33361 0.136545 0.278253 0.586741 0.692056 0.829501 0.851757 0.765369 0.583104 0.552054 0.423837 0.396916 0.404602 0.506594 0.624691 0.713536 0.670588 0.580853 0.535585 0.497048 0.384527 0.397849 0.641176 0.791662 0.803053 0.813009 0.52654 0.456639 0.34531 0.268381 0.295897 0.16002 0.326061 0.0657371 0 0.103896 0.0409357 0 0.176923 0.264205 0.116705 0.231405 0.124711 0 
0.130531 0.257608 0.119251 0.170233 0.335024 0.190003 0.144751 0.0361632 0.142455 0.153439 0.134411 0.200029 0.480207 0.433742 0.374962 0.569815 0.629676 0.666494 0.700926 0.514769 0.515072 0.628054 0.772067 0.770106 0.567623 0.434079 0.388696 0.223652 0.0580357 0 0.145395 0.459335 0.577444 0.378696 0.232382 0.57369 0.929477 0.834564 0.337234 0.32854 0.664273 0.771917 0.350317 0.182814 0.17913 0.176632 0.143064 0.248278 0.262494 0.261818 0.358566 0.46077 0.327273 0.321637 0.231293 0.0512821 0.119318 0.0778032 0.305785 0.159353 0 
0.514012 0.383626 0.414258 0.34213 0.308648 0.285676 0.338745 0.359206 0.259884 0.288002 0.368921 0.549385 0.632215 0.572136 0.501154 0.179931 0.231064 0.291117 0.236798 0.591824 0.890177 0.738473 0.490092 0.263498 0.15707 0.62628 0.745351 0.497942 0.462358 0.518376 0.421253 0.0979555 0.0387483 0.0757817 0.00920528 0.0925403 0.156353 0.125091 0.277251 0.227778 0.126809 0.346642 0.414199 0.18217 0.0894228 0.100658 0.145781 0.18209 0.285209 0.346667 0.153386 0.208274 0.392208 0.128655 0.0544218 0.112821 0.238636 0.224256 0.258953 0.143187 1 
0.164454 0.133733 0.133706 0.0810747 0.182856 0.178447 0.229437 0.239912 0.224937 0.276705 0.335035 0.419695 0.316252 0.16964 0.140335 0.160085 0.148378 0.257351 0.477803 0.589683 0.748735 0.808302 0.766133 0.875832 0.878381 0.941624 1 0.973137 0.84233 0.589965 0.416349 0.310155 0.251181 0.191309 0.100542 0.019254 0.0250383 0.0914006 0.0738984 0.10512 0 0.139316 0.26652 0.264623 0.266989 0.280719 0.310757 0.320156 0.240787 0.206061 0.185259 0.125535 0.171429 0.216374 0.0725624 0.0564103 0.0710227 0.0228833 0.0936639 0.124711 1 
0.236726 0.123446 0.151445 0.11436 0.184377 0.188659 0.298431 0.258655 0.171776 0.104247 0.00964129 0.0663834 0.218943 0.307724 0.458521 0.617036 0.723034 0.775896 0.788344 0.813891 1 0.980984 0.959733 0.959123 0.909631 0.899328 0.782645 0.575648 0.337865 0.385853 0.452425 0.337677 0.249081 0.279279 0.155365 0.0472782 0.0919528 0.0801705 0.0510226 0.184532 0.10469 0.0907204 0.0488814 0.16336 0.159937 0.069254 0.171858 0.202755 0.130742 0.206061 0.0328685 0.202568 0.275325 0.0643275 0.0657596 0.423077 0.380682 0.02746 0.187328 0.103926 0 
0.222714 0.407201 0.429041 0.32097 0.407558 0.432142 0.188853 0.296803 0.297349 0.4862 0.21225 0.0618406 0.0473586 0.358771 0.540475 0.537146 0.497461 0.403844 0.160951 0.382812 0.760013 0.972907 0.935361 0.545026 0.515164 0.650402 0.549638 0.529539 0.20627 0.163631 0.580817 0.664907 0.261262 0.176047 0.280863 0.512399 0.634376 0.405532 0.538478 0.655338 0.539317 0.283394 0.253071 0.225329 0.185385 0.0818705 0.203549 0.313567 0.255931 0.192727 0.194223 0.275321 0.631169 0.353801 0.145125 0.34359 0.252841 0.320366 0.0964187 0.224018 0 
0.478614 0.243892 0.271682 0.0746553 0.0991631 0.17979 0.199675 0.237045 0.337332 0.246675 0.365802 0.570487 0.498489 0.176446 0.281773 0.394565 0.568646 0.666701 0.58826 0.4497 0.288153 0.183417 0.160962 0.148243 0.229918 0.199912 0.262948 0.449876 0.694602 0.730904 0.814605 0.851157 0.655046 0.713302 0.738161 0.815423 0.936038 1 0.883618 0.756427 0.746149 0.713309 0.597181 0.468822 0.212113 0.166758 0.236509 0.35879 0.291772 0.284848 0.134462 0.189729 0.480519 0.0964912 0.0680272 0.0564103 0.0596591 0.363844 0.297521 0.168591 0 
0.109882 0.0715817 0.109067 0.00285307 0.0304337 0.152916 0.276786 0.141566 0.131349 0.019734 0.0725932 0.120164 0.155751 0.0636279 0.0167519 0.0988195 0.256657 0.297039 0.28866 0.393515 0.585582 0.759943 0.915545 0.971212 0.91875 0.729596 0.820254 0.887505 0.726968 0.66933 0.582779 0.508987 0.275543 0.0099629 0.0021479 0.103629 0.135906 0.102735 0.034261 0.0364924 0.03011 0.166667 0.206518 0.178305 0.052886 0.09435 0.157008 0.153639 0.0464412 0.24 0.11753 0.116976 0.566234 0.494152 0.176871 0.164103 0.0823864 0.0732265 0.151515 0.0785219 0 
0.15708 0.363052 0.323587 0.0879696 0.266295 0.416286 0.42316 0.454465 0.476825 0.486772 0.431164 0.499267 0.552181 0.45973 0.518106 0.652453 0.836908 0.841662 0.825794 0.834439 0.789102 0.850424 0.962064 1 0.934119 0.934905 0.902301 0.701935 0.626623 0.538404 0.329046 0.229499 0.128216 0.326232 0.352971 0.226915 0.225454 0.225954 0.160342 0.198584 0.314302 0.333211 0.0398293 0.159495 0.263577 0.2404 0.1954 0.218029 0.122161 0.231515 0.158367 0.233951 0.483117 0.730994 0.303855 0.310256 0.321023 0.20595 0.030303 0.0692841 1 
0.205015 0.159451 0.0795007 0.000951022 0.0159777 0.13706 0.233225 0.231974 0.132978 0.0912341 0.0338863 0.142585 0.227292 0.182118 0.270438 0.219723 0.241115 0.26587 0.294656 0.455265 0.515388 0.617319 0.663664 0.746645 0.846721 0.883027 0.992436 0.910869 0.703734 0.607755 0.61515 0.475623 0.243621 0.159936 0.147489 0.250101 0.26066 0.293855 0.24805 0.192048 0.138043 0.301099 0.274279 0.232028 0.209411 0.09339 0.197573 0.275232 0.200404 0.112727 0.0756972 0.0813124 0.174026 0.28655 0.102041 0.251282 0.107955 0.118993 0.134986 0.187067 0 
0.0862832 0.0317188 0.0568331 0.0197337 0.0935836 0.15211 0.155844 0.0167585 0.12202 0.115687 0.163902 0.181565 0.273931 0.23564 0.258 0.185528 0.211895 0.286649 0.37692 0.414491 0.461741 0.556896 0.600932 0.66612 0.823975 0.87036 0.915537 0.893475 0.751319 0.652285 0.65188 0.517075 0.334558 0.221092 0.116498 0.205948 0.223486 0.23812 0.262914 0.211656 0.150434 0.314652 0.330014 0.2185 0.208558 0.176358 0.167693 0.214435 0.164059 0.312727 0.135458 0.0513552 0.0597403 0.0321637 0.0362812 0.112821 0.383523 0.313501 0.0743802 0.133949 0 
0.0530973 0.0171453 0.021682 0.040894 0.131626 0.155872 0.25974 0.145976 0.0741892 0.100815 0.14547 0.238277 0.374982 0.237806 0.221587 0.244861 0.267744 0.271792 0.360825 0.431828 0.543107 0.638483 0.658154 0.751767 0.882787 0.936006 1 0.852203 0.67431 0.529882 0.399455 0.285554 0.162554 0.0504505 0.0969623 0.209375 0.203914 0.24883 0.204301 0.144553 0.133526 0.206227 0.227079 0.183458 0.129087 0.0189248 0.084933 0.143756 0.0802625 0.0545455 0.0149402 0.0627675 0.0857143 0.201754 0.244898 0.117949 0.0767045 0.139588 0.157025 0.0554273 0 
0.0744838 0.0741535 0.142576 0.24679 0.468171 0.220908 0.19697 0.228666 0.100992 0.127699 0.313484 0.549824 0.521808 0.461999 0.615307 0.64136 0.795254 0.917714 0.982327 0.96083 0.857293 0.82875 0.817315 0.79582 0.600615 0.433087 0.406976 0.414059 0.431717 0.343028 0.277929 0.295552 0.285624 0.220456 0.195152 0.228528 0.311612 0.423417 0.346194 0.283007 0.160625 0.210623 0.284366 0.136047 0.0814615 0.0421009 0.0429192 0.140761 0.0514891 0.0690909 0.0308765 0.221113 0.244156 0.216374 0.598639 0.7 0.267045 0.116705 0.404959 0.198614 1 
0.103982 0.0874411 0.0877135 0.127913 0.100178 0.18194 0.36039 0.159868 0.142603 0.207922 0.310081 0.373242 0.390384 0.276684 0.316782 0.176064 0.143094 0.192312 0.203345 0.266802 0.378373 0.366936 0.45915 0.620121 0.745799 0.778059 0.877088 0.991252 0.921165 0.678385 0.619619 0.52404 0.361651 0.351033 0.20047 0.11744 0.135688 0.12925 0.209256 0.257734 0.240533 0.324664 0.15311 0.14906 0.205999 0.258228 0.353857 0.44684 0.257951 0.187879 0.188247 0.202568 0.142857 0.210526 0.192744 0.0871795 0.150568 0.121281 0.129477 0.0415704 1 
0.510324 0.534076 0.470434 0.37708 0.412376 0.199409 0.184524 0.196692 0.223308 0.162162 0.290798 0.223916 0.302289 0.29308 0.47086 0.547629 0.521915 0.350234 0.430149 0.567744 0.732715 0.759125 0.545512 0.616535 0.661373 0.683996 0.744406 0.802079 0.845475 0.924257 0.984305 0.85273 0.40796 0.406571 0.483686 0.164516 0.360923 0.351461 0.260384 0.0337691 0.57568 0.842002 0.554507 0.394615 0.829542 0.780581 0.476277 0.358191 0.496214 0.453333 0.289841 0.211127 0.498701 0.365497 0.274376 0.34359 0.369318 0.292906 0.421488 0.489607 1 
0.159292 0.147878 0.00492773 0.0584879 0.068983 0.203709 0.46131 0.285777 0.146305 0.033462 0.0405501 0.167937 0.300849 0.388264 0.520815 0.680338 0.743135 0.767273 0.758889 0.853061 1 0.884777 0.794108 0.872964 0.904303 0.937218 0.878769 0.639769 0.286729 0.19282 0.273569 0.211301 0.189016 0.139587 0.0832566 0.0274194 0.0789416 0.102943 0.101202 0.145643 0.0874349 0.0468864 0.0985387 0.177918 0.11814 0.0896873 0.152843 0.178197 0.250883 0.379394 0.153386 0.1398 0.238961 0.0350877 0.104308 0.174359 0.150568 0.0800915 0.115702 0.0554273 0 
0.118732 0.071153 0.159658 0.0539705 0.0494547 0.0669175 0.0890152 0.105843 0.0270991 0.0516231 0.0336027 0.237104 0.123219 0.0696092 0.088374 0.155302 0.126308 0 0.0864717 0.153039 0.1543 0.0743278 0.148564 0.102756 0.0385246 0.134376 0.437126 0.636785 0.628653 0.585278 0.715422 0.558526 0.573034 0.87239 0.946916 0.970262 0.810737 0.616616 0.5681 0.656972 0.589461 0.58083 0.44045 0.246844 0.161217 0.0877674 0.164976 0.293501 0.2842 0.226667 0.0876494 0.0485021 0.441558 0.47076 0.165533 0.117949 0.309659 0.402746 0.807163 0.13164 0 
0.741888 0.353193 0.184625 0.135283 0.144053 0.329481 0.258387 0.381918 0.166445 0.179608 0.31476 0.350967 0.37599 0.278849 0.380379 0.301954 0.373744 0.178494 0.286556 0.287778 0.281619 0.272774 0.322878 0.238398 0.396107 0.40423 0.44553 0.719844 0.75558 0.63556 0.766431 0.703437 0.46477 0.609433 0.647336 0.396573 0.0915154 0.297598 0.288425 0.134749 0.549971 0.968498 0.972068 0.709611 0.832812 1 1 1 0.811711 0.575758 1 1 0.81039 0.874269 0.557823 0.212821 0.494318 0.482838 0.62259 0.230947 1 
0.235988 0.108015 0.125821 0.121731 0.11717 0.265789 0.453463 0.359206 0.265067 0.364221 0.411031 0.486079 0.422053 0.174487 0.175444 0.267861 0.261216 0.373403 0.537029 0.672089 0.78594 0.739495 0.809579 0.924291 0.878074 0.869369 0.926568 0.995368 0.855519 0.581229 0.37624 0.231409 0.12265 0.0983572 0.0749719 0 0.0383774 0.0575023 0.0551339 0.110022 0.0594094 0.117705 0.253976 0.290647 0.25789 0.275919 0.305686 0.310572 0.252903 0.164848 0.129482 0.159772 0.0883117 0.125731 0.126984 0.107692 0.119318 0.0434783 0.0110193 0.0577367 1 
0.127581 0.156022 0.308147 0.182121 0.0461577 0.103736 0.376353 0.422712 0.266252 0.242099 0.2623 0.188599 0.257809 0.471383 0.72896 0.778038 0.783028 0.597091 0.389859 0.230201 0.488617 0.751457 0.851224 1 0.841906 0.647208 0.681794 0.572149 0.469562 0.488761 0.4097 0.133453 0.125066 0.0398516 0.38294 0.712399 0.761863 0.325049 0.0229812 0.280283 0.444702 0.466178 0.315531 0.257666 0.327978 0.25864 0.354944 0.509434 0.689551 0.482424 0.14243 0.121255 0.0727273 0.30117 0.0544218 0.135897 0.247159 0.12357 0.184573 0.0415704 0 
0.306047 0.384055 0.268725 0.179505 0.0248542 0.0470304 0.145022 0.441455 0.56449 1 1 0.70296 0.405355 0.173043 0.274451 0.363831 0.223604 0.221506 0.29434 0.451092 0.633959 0.841938 0.972343 1 0.658299 0.484855 0.372203 0.325237 0.415483 0.380207 0.426267 0.0851494 0.405229 0.672072 0.608469 0.432762 0.411874 0.338775 0.442863 0.462963 0.301563 0.519658 0.537308 0.234991 0.211402 0.0189248 0.210793 0.614555 0.539626 0.241212 0.207171 0.239658 0.498701 0.584795 0.306122 0.115385 0.0681818 0.363844 0.15978 0.034642 1 
1 0.522932 0.450066 0.339039 0.433426 0.356356 0.470779 0.464388 0.230268 0.279422 0.562597 0.76905 1 0.694029 0.676698 0.791472 0.935965 0.888312 0.910162 0.767979 0.784992 0.793784 0.757974 0.653212 0.473361 0.512281 0.442904 0.551256 0.443689 0.293598 0.24 0.217367 0.270398 0.297191 0.258771 0.096875 0.153728 0.288344 0.340713 0.285294 0.108975 0.293284 0.440191 0.225844 0.0965311 0.145639 0.116443 0.159329 0.268046 0.329697 0.170319 0.156919 0.322078 0.976608 0.133787 0.161538 0.0539773 0.173913 0.399449 0.103926 1 
0.20354 0.168881 0.248357 0.178554 0.115141 0.255039 0.030303 0.136494 0.180512 0.147719 0.0925847 0.0817702 0.0097884 0.0946685 0.101715 0.192143 0.125065 0.240519 0.346097 0.360445 0.311762 0.120233 0.068348 0.265137 0.129098 0.187796 0.418847 0.744751 0.902192 0.766912 0.466921 0.233543 0.514019 0.643031 0.35021 0.452823 0.656899 0.633358 0.5428 0.341612 0.223741 0.0728938 0 0 0 0 0 0 0 0 0 0.0684736 0.602597 0.567251 0.0997732 0.341026 0.457386 0.17849 0.380165 0.242494 0 
0.134218 0.166309 0.121222 0.0042796 0.046665 0.141629 0.193182 0.115325 0.189842 0.226226 0.204877 0.327374 0.425651 0.311849 0.273648 0.192754 0.08424 0.156779 0.30465 0.349957 0.397344 0.531541 0.623609 0.7155 0.78002 0.777949 0.878874 0.956978 0.897524 0.662405 0.613188 0.570209 0.481046 0.451934 0.222768 0.133569 0.155368 0.141312 0.311512 0.425272 0.306775 0.24652 0.155955 0.0328524 0.0423657 0.0947614 0.141434 0.232704 0.18627 0.0690909 0.0906375 0.179743 0.238961 0.0935673 0.117914 0.174359 0.107955 0.0961098 0.126722 0.110855 1 
0.0899705 0.124732 0.03318 0.00570613 0.0441288 0.0405805 0.0665584 0.016538 0.0613061 0.108823 0.114987 0.124267 0.130992 0.0773435 0.0571772 0.0757175 0.099886 0.247584 0.333053 0.493686 0.55839 0.609549 0.562891 0.450773 0.531148 0.70999 0.904297 1 0.822139 0.514328 0.31248 0.0531341 0.117925 0.419396 0.64979 0.736895 0.832276 0.739316 0.677209 0.500654 0.231036 0.201221 0.352774 0.517392 0.586437 0.475864 0.496016 0.536089 0.465422 0.334545 0.168327 0.104137 0.0909091 0.0438596 0.0680272 0.138462 0.181818 0.0732265 0.115702 0.0623557 1 
0.137168 0.0681526 0.108081 0.0646695 0.0836926 0.091642 0.176136 0.18699 0.246409 0.351494 0.374592 0.420868 0.492155 0.281427 0.269536 0.187767 0.150451 0.193143 0.323375 0.517551 0.705839 0.828034 0.879623 0.950825 0.962807 1 0.965648 0.862495 0.786526 0.610632 0.530681 0.410245 0.219049 0.284261 0.344175 0.425 0.48349 0.42976 0.35779 0.319608 0.180776 0.137729 0.256563 0.202267 0.09383 0.177455 0.144332 0.0155735 0.117617 0.184242 0.124502 0.0656205 0.135065 0.371345 0.23356 0.0794872 0.150568 0.23341 0.22314 0.0692841 1 
0.191003 0.101157 0.19908 0.119353 0.269338 0.234077 0.484307 0.372657 0.202132 0.242385 0.294485 0.0981829 0.225277 0.385583 0.517203 0.727661 0.902808 0.923117 0.730065 0.407427 0.483874 0.688375 0.762107 0.832394 0.721619 0.60337 0.55447 0.397489 0.339996 0.407372 0.237929 0.181982 0.153838 0.0586116 0.358188 0.580948 0.489394 0.204222 0.0662028 0.340632 0.420382 0.35641 0.217768 0.226875 0.239266 0.0999726 0.215502 0.38844 0.377587 0.0812121 0.253984 0.149786 0.267532 0.219298 0.0929705 0.179487 0.286932 0.361556 0.603306 0.385681 0 
0.260324 0.117017 0.0289093 0.12078 0.175501 0.155066 0.253517 0.312679 0.309344 0.347633 0.375301 0.395516 0.355981 0.300505 0.277159 0.2414 0.168998 0.161455 0.245319 0.277076 0.315346 0.317452 0.387199 0.464604 0.468033 0.59522 0.824982 0.944216 1 0.832215 0.549537 0.49326 0.495957 0.398092 0.175616 0.14506 0.181391 0.140688 0.0693654 0.231699 0.388767 0.536386 0.509375 0.261531 0.285755 0.299918 0.333213 0.442348 0.490156 0.271515 0.150398 0.138374 0.0493506 0.0233918 0.115646 0.225641 0.0170455 0.189931 0.300275 0.106236 1 
0.787611 0.456065 0.0795007 0.185212 0.172711 0.274926 0.889881 1 0.807197 0.83698 0.711045 0.295281 0.319275 0.249149 0.663557 0.658457 0.137291 0.048 0.40364 0.8628 0.788364 0.357121 0.120801 0.140559 0.189139 0.212138 0.181742 0.6021 0.574574 0.672419 0.36436 0.437991 0.768035 0.899947 1 0.920565 0.987864 0.927524 0.731921 0.50915 0.2 0.239316 0.215828 0.370008 0.621837 0.424712 0.285766 0.165618 0.168602 0.253333 0.171315 0.245364 0.272727 0.654971 0.612245 0.0717949 0.230114 0.272311 0.22314 0.316397 1 
0.143068 0.109301 0.0344941 0.168806 0.252853 0.42408 0.807089 0.750827 0.479639 0.573717 0.518077 0.160903 0.638837 1 0.913432 0.827397 0.68853 0.774026 0.872607 0.839576 0.886172 0.94612 1 0.89499 0.775205 0.815068 0.632524 0.438864 0.465503 0.295941 0.246866 0.0644799 0 0.126232 0.164774 0.208468 0.10059 0.158989 0.318364 0.362418 0.232658 0.139072 0.344627 0.33329 0.198038 0.148519 0.250453 0.395627 0.539626 0.393939 0.314741 0.0699001 0.4 0.219298 0.829932 0.248718 0.352273 0.652174 0.352617 0.039261 1 
0.180678 0.153022 0.0397503 0.0508797 0.0372813 0.0634238 0.16829 0.296582 0.26181 0.320463 0.344676 0.323271 0.213186 0.00649685 0.127495 0.157338 0.18941 0.290909 0.338733 0.416952 0.546796 0.733872 0.794638 0.880852 0.941803 1 0.934342 0.753294 0.708097 0.825077 0.778202 0.467648 0.130001 0.141706 0.145034 0.180343 0.251913 0.138297 0.0619861 0.070915 0.0563984 0.246642 0.323936 0.239887 0.204578 0.201591 0.179464 0.0122791 0.0777385 0.140606 0.180279 0.196862 0.322078 0.108187 0.0748299 0.146154 0.105114 0.0755149 0.165289 0.251732 1 
0.129056 0.0137162 0.205979 0.0936757 0.0674613 0.158022 0.234848 0.30849 0.0984748 0.033748 0.165887 0.474355 0.433712 0.262968 0.013542 0.041726 0.188063 0.435117 0.349779 0.531999 0.629427 0.717309 0.813712 0.873579 1 0.843815 0.638933 0.494339 0.474127 0.417279 0.440218 0.463716 0.515384 0.540117 0.525008 0.523286 0.4274 0.213476 0.087919 0.4061 0.433932 0.611844 0.545196 0.319376 0.225476 0.154142 0.117892 0.236298 0.164059 0.0848485 0.0258964 0.121255 0.293506 0.298246 0.199546 0.348718 0.196023 0.0434783 0.14876 0.267898 0 
0.231563 0.0900129 0.121879 0.135283 0.276693 0.370868 0.546807 0.341786 0.363838 0.365937 0.392315 0.428634 0.306607 0.185006 0.177851 0.269286 0.422132 0.578909 0.642436 0.555223 0.424431 0.467232 0.538625 0.516545 0.704406 1 0.954197 0.597571 0.504058 0.360818 0 0.16266 0.17946 0.12973 0.156899 0.135887 0.141373 0.281377 0.345456 0.471024 0.405211 0.33663 0.160093 0.122778 0.170742 0.113138 0.111916 0.0422282 0.0545179 0.150303 0.103586 0.124108 0.379221 0.143275 0.0204082 0.125641 0.0369318 0.0892449 0.143251 0.157044 1 
0.25885 0.177883 0.160644 0.0456491 0.134162 0.0403117 0.250271 0.206395 0.199023 0.247962 0.274068 0.353458 0.334533 0.208106 0.152874 0.173112 0.21117 0.308571 0.498527 0.64512 0.764545 0.788161 0.78171 0.910767 0.948566 0.981826 1 0.945554 0.821124 0.600724 0.403161 0.315098 0.229024 0.210281 0.139613 0.0484879 0.0652744 0.136945 0.0889732 0.126906 0.003011 0.155433 0.301435 0.317959 0.278647 0.272216 0.284317 0.275831 0.277133 0.235152 0.165339 0.17689 0.0571429 0.0350877 0.120181 0.0307692 0.0625 0.0320366 0.0716253 0.0484988 1 
0.137168 0.0737248 0.0850854 0.0413695 0.166624 0.196453 0.324405 0.27409 0.297645 0.372801 0.269247 0.410463 0.399453 0.184181 0.0877721 0.147364 0.150347 0.187532 0.161161 0.0909675 0.000948567 0.196708 0.399491 0.584366 0.685041 0.73301 0.872571 0.903252 0.850649 0.902738 1 1 0.76625 0.681611 0.652654 0.685887 0.720206 0.576999 0.569576 0.665142 0.634742 0.54591 0.63507 0.742334 0.712681 0.554306 0.565556 0.668464 0.547703 0.501818 0.251992 0.175464 0.114286 0.274854 0.217687 0.225641 0.227273 0.0389016 0.129477 0.0692841 1 
0.0803835 0.183026 0.193495 0.0929624 0.134415 0.0679925 0.13474 0.0635061 0.144676 0.287001 0.19155 0.243992 0.409097 0.180056 0.0562745 0.226745 0.342762 0.356779 0.571744 0.603917 0.557441 0.445251 0.411783 0.353652 0.635861 0.883247 0.892636 0.483326 0.323559 0.185043 0.11673 0.366435 0.405649 0.304187 0.286489 0.406149 0.563088 0.389519 0.540586 0.533878 0.321019 0.335287 0.304022 0.296058 0.164202 0.0992869 0.112459 0.0952381 0.227158 0.202424 0.0776892 0.10699 0.135065 0.479532 0.412698 0.128205 0.315341 0.441648 0.402204 0.12933 0 
0.205752 0.05015 0.0335085 0.0130766 0.109054 0.240795 0.349838 0.234179 0.430772 0.48048 0.558911 0.704572 0.727364 0.425389 0.321497 0.284348 0.304321 0.296727 0.424364 0.608198 0.688449 0.827625 0.835647 0.847557 0.91168 0.998348 1 0.747221 0.4583 0.352722 0.366975 0.479667 0.395674 0.305564 0.0541066 0.282762 0.406845 0.289799 0.262703 0.274183 0.0209612 0.221978 0.447304 0.598557 0.620699 0.35395 0.238863 0.151243 0.0565371 0.0715152 0.0408367 0.0684736 0.257143 0.201754 0.0181406 0.128205 0.0340909 0.00686499 0.220386 0.0854503 1 
0.20944 0.292327 0.320959 0.228959 0.185899 0.141629 0.0262446 0.167144 0.249667 0.126555 0.0331774 0.0978898 0.355693 0.29143 0.349985 0.379605 0.374365 0.215481 0.195771 0.255672 0.27403 0.457929 0.526756 0.439811 0.432787 0.412931 0.43492 0.689996 0.759131 0.683072 0.752044 0.791058 0.782316 0.531532 0.38294 0.298589 0.104745 0.210565 0.148535 0.161329 0.613434 0.779853 0.548429 0.588379 0.81888 0.725864 0.595255 0.384247 0.352347 0.404848 0.340637 0.643367 0.706494 0.473684 0.183673 0.107692 0.568182 0.290618 0.31405 0.0207852 1 
0.0575221 0.0767252 0.0134691 0.00142653 0.0489475 0.0956732 0.118236 0.000441014 0.0518288 0.0753611 0.0849284 0.199736 0.195336 0.257296 0.215167 0.26837 0.325562 0.254442 0.208815 0.251391 0.399241 0.456497 0.419307 0.490421 0.612398 0.622315 0.646181 0.724269 0.851258 1 0.868229 0.668389 0.612307 0.635824 0.690703 0.583468 0.496173 0.343142 0.17626 0.147277 0.215402 0.170085 0.192681 0.156016 0.162639 0.108475 0.0660992 0.0455226 0.0429076 0.145455 0.0219124 0.0870185 0.153247 0.347953 0.244898 0.128205 0.244318 0.107551 0.157025 0.0438799 0 
0.791298 0.545221 0.299277 0.279601 0.306619 0.437786 0.518128 0.927674 1 0.807665 0.630086 0.311547 0.120772 0.271321 0.469656 0.457663 0.110455 0.0492468 0.290659 0.893729 0.927487 0.474082 0.0829713 0.139842 0.25584 0.516356 0.333333 0.602614 0.540381 0.837435 0.561962 0.566053 0.483986 0.640276 0.846272 0.839315 0.882244 0.910159 0.773983 0.519063 0.389577 0.538828 0.593043 0.578588 0.798408 0.590373 0.171134 0.237796 0.138314 0.186667 0.139442 0.63766 0.54026 0.210526 0.267574 0.417949 0.284091 0.462243 0.487603 0.418014 1 
0.162242 0.12216 0.24113 0.109605 0.0405782 0.196721 0.174242 0.429327 0.414779 0.509224 0.380689 0.0880715 0.24874 0.491595 0.634066 0.675962 0.741478 0.646234 0.422365 0.247003 0.369625 0.672222 0.81954 1 0.819672 0.682234 0.761109 0.60107 0.486201 0.53638 0.48218 0.159065 0.140082 0.0948596 0.44799 0.662298 0.663897 0.185401 0.166561 0.526144 0.528662 0.486569 0.310617 0.179335 0.252914 0.266868 0.312025 0.455825 0.468955 0.21697 0.241036 0.10699 0.0831169 0.248538 0.22449 0.0666667 0.366477 0.148741 0.294766 0.193995 0 
0.0390855 0.096871 0.163601 0.0917737 0.0461577 0.143779 0.105249 0.237045 0.271879 0.337766 0.186729 0.100528 0.318699 0.303908 0.427726 0.253409 0.0328463 0.110857 0.197665 0.207513 0.20879 0.376649 0.616827 0.798894 0.695287 0.655689 0.684526 0.851585 1 0.959625 0.927956 0.805549 0.674682 0.58018 0.426818 0.450202 0.285152 0.125195 0.138098 0.078976 0.0941517 0.207326 0.352774 0.21966 0.0275803 0.0292101 0.0641072 0.125786 0.046946 0.247273 0.198207 0.235378 0.41039 0.131579 0.0884354 0.164103 0.107955 0.112128 0.53168 0.228637 0 
0.14823 0.0895842 0.0847569 0.0192582 0.0735481 0.183553 0.236201 0.188093 0.159337 0.12298 0.12959 0.126905 0.145099 0.153553 0.236634 0.201099 0.163714 0.144416 0.0265096 0.0651755 0.157357 0.138227 0.216382 0.527303 0.840164 1 0.86175 0.664677 0.547179 0.428784 0.340817 0.185464 0.120025 0.199258 0.294262 0.228226 0.0773016 0 0.0165507 0.127887 0.217834 0.226984 0.205224 0.12136 0.11942 0.0918815 0.0619341 0.140461 0.180212 0.164848 0.0816733 0.188302 0.101299 0.122807 0.151927 0.0435897 0.125 0.0480549 0.0220386 0.0254042 0 
0.0855457 0.0265752 0.0962549 0.0601522 0.00456505 0.178715 0.199675 0.128997 0.0964016 0.112684 0.0653623 0.0890973 0.149993 0.138806 0.229311 0.282109 0.329189 0.340987 0.286871 0.260809 0.376476 0.415704 0.43446 0.585698 0.687295 0.822227 0.881815 0.629889 0.321023 0.299563 0.483706 0.470456 0.268508 0.440276 0.506495 0.508266 0.480538 0.469897 0.446131 0.473094 0.444239 0.343956 0.296909 0.122262 0.0135058 0.072271 0.0693589 0.0320455 0.0545179 0.0933333 0.108566 0.0770328 0.0597403 0.0877193 0.156463 0.0897436 0.142045 0.0228833 0.140496 0.039261 0 
0.278024 0.0437205 0.0827858 0.0473134 0.0869896 0.104542 0.275974 0.360529 0.300607 0.337194 0.339005 0.412222 0.385634 0.208415 0.113753 0.19998 0.177495 0.191896 0.288975 0.393193 0.480502 0.585318 0.690368 0.758324 0.885041 0.968168 0.987394 0.98065 0.945617 0.844679 0.651226 0.336217 0.351885 0.317117 0.113327 0.0362903 0.0965449 0.171259 0.135041 0.100871 0.0817603 0.250794 0.312557 0.210126 0.109326 0.0991498 0.165158 0.243187 0.250379 0.122424 0.0886454 0.10699 0.194805 0.0467836 0.165533 0.0974359 0.193182 0.0938215 0.0578512 0.0184758 1 
0.373894 0.184741 0.054205 0.0556348 0.0720264 0.287288 0.331169 0.24763 0.175181 0.345488 0.344109 0.313306 0.243846 0.0732185 0.0654027 0.136475 0.142369 0.204052 0.154429 0.0790882 0.279511 0.579593 0.748967 0.843561 0.940984 0.998458 0.968379 1 0.860998 0.678172 0.788556 0.775219 0.495642 0.166826 0.0894958 0.137702 0.0781763 0.10991 0.164242 0.022658 0.130863 0.0332112 0.0694426 0.168642 0.129372 0.103812 0.191778 0.300988 0.270066 0.284848 0.154382 0.216833 0.0623377 0.119883 0.126984 0.217949 0.389205 0.308924 0.209366 0.0577367 1 
0.2441 0.215602 0.021025 0.0439848 0.0925691 0.170116 0.244859 0.237927 0.170739 0.199485 0.215511 0.315651 0.397726 0.267402 0.399137 0.525443 0.532276 0.566026 0.583526 0.652076 0.692664 0.784276 0.924128 0.977564 0.973156 1 0.968694 0.995471 0.820921 0.576009 0.5297 0.501348 0.320172 0.143508 0.0739491 0.154536 0.270391 0.312675 0.279148 0.308061 0.303185 0.319902 0.265744 0.266555 0.231021 0.166758 0.183448 0.222821 0.194851 0.0606061 0.145418 0.0456491 0.303896 0.283626 0.240363 0.251282 0.139205 0.0480549 0.214876 0.0577367 1 
0.0582596 0.0685812 0.125821 0.0715644 0.155719 0.162322 0.267045 0.184785 0.0453132 0.173745 0.143769 0.00542204 0.0662156 0.0452717 0.117665 0.0564828 0.0906642 0.205091 0.335578 0.349101 0.465114 0.876597 0.958249 0.875627 0.682889 0.662628 0.54554 0.643886 0.776989 0.741664 0.583542 0.66412 0.801323 0.935559 0.861614 0.666835 0.401924 0.206613 0.243938 0.386166 0.336653 0.261783 0.38743 0.284076 0.16534 0.0870817 0.0842086 0.126385 0.0878344 0.208485 0.133466 0.189729 0.483117 0.394737 0.133787 0.320513 0.607955 0.19222 0.209366 0.267898 0 
0.179204 0.183026 0.17477 0.148122 0.181841 0.308519 0.341721 0.369129 0.402636 0.406263 0.314334 0.346571 0.297251 0.189956 0.124285 0.104926 0.149725 0.188052 0.121187 0.00898973 0.0119098 0.221041 0.451521 0.628317 0.747029 0.88534 0.993802 0.995574 0.931818 0.930116 0.91248 0.818468 0.670797 0.654796 0.629539 0.660181 0.615788 0.434855 0.290744 0.440196 0.459178 0.485348 0.543256 0.587091 0.562269 0.406747 0.379392 0.466607 0.446239 0.321212 0.120518 0.118402 0.148052 0.0263158 0.0884354 0.192308 0.0795455 0.1373 0.129477 0.101617 1 
0.371681 0.232319 0.271682 0.0620542 0.276693 0.220371 0.268939 0.123043 0.205834 0.389675 0.356302 0.417644 0.355981 0.363824 0.56124 0.428862 0.235002 0.0856104 0.650326 0.936002 0.771501 0.524793 0.661863 0.915378 0.75543 0.803943 0.8815 0.597674 0.286425 0.0521999 0.0911172 0.0247135 0.0538696 0.40212 0.352153 0.0977823 0.171004 0.368826 0.412924 0.264597 0.0916039 0.261294 0.242985 0.185133 0.30509 0.323642 0.203731 0.0760707 0.143867 0.215758 0.0517928 0.104137 0.298701 0.102339 0.260771 0.238462 0.232955 0.100686 0.129477 0.108545 0 
0.0818584 0.219889 0.19908 0.109368 0.254882 0.667831 0.614448 0.44366 0.494743 0.596454 0.386502 0.142292 0.448395 0.560379 0.695255 0.97588 1 0.926545 0.601304 0.420591 0.473124 0.492076 0.690792 0.838131 0.80625 0.745567 0.800924 0.609201 0.224432 0.211143 0.634005 0.714222 0.254752 0.443137 0.849545 0.715726 0.486551 0.569096 0.487244 0.299455 0.0279097 0.135653 0.353938 0.362278 0.295422 0.0905101 0.0889171 0.103324 0.0868248 0.347879 0.0268924 0.285307 0.111688 0.552632 0.272109 0.0461538 0.0965909 0.0709382 0.311295 0.163972 0 
0.050885 0.063009 0.0906702 0.0889206 0.224195 0.174684 0.103084 0.0449835 0.0913668 0.23452 0.238338 0.13643 0.215777 0.0557905 0.215468 0.504681 0.713087 0.768935 0.602567 0.304473 0.339481 0.24568 0.340468 0.729638 0.864037 0.804274 0.765942 0.779951 0.558847 0.321935 0.332643 0.388789 0.303791 0.156969 0.245883 0.314012 0.113383 0.0691484 0.138098 0.195316 0.0942675 0.107082 0.110694 0.12252 0.140176 0.131103 0.077146 0.121893 0.0535083 0.21697 0.0557769 0.32525 0.283117 0.368421 0.251701 0.14359 0.15625 0.0640732 0.195592 0.0900693 0 
0.178466 0.189027 0.122536 0.0430338 0.31651 0.328138 0.426136 0.46086 0.11432 0.0640641 0.0853538 0.0915885 0.193897 0.129009 0.182365 0.275697 0.172003 0.246545 0.475805 0.162243 0.4707 0.515898 0.326799 0.566438 0.504201 0.528032 0.370312 0.346439 0.663657 0.857143 0.825068 0.413166 0.304736 0.517223 0.670246 0.729133 0.624426 0.692212 0.893738 0.965359 0.855935 0.878022 1 1 0.854279 0.619035 0.560666 0.556754 0.482585 0.249697 0.205179 0.125535 0.384416 0.251462 0.283447 0.497436 0.0625 0.448513 0.699725 0.401848 0 
0.100295 0.134591 0.191853 0.235854 0.277961 0.438592 0.445346 0.23462 0.120539 0.156156 0.0791153 0.187866 0.305312 0.259874 0.338349 0.44423 0.683971 0.876052 0.911004 0.736943 0.655987 0.70821 0.823567 0.764471 0.691906 0.619231 0.478937 0.477769 0.491883 0.37797 0.125232 0 0.0168014 0.291468 0.346323 0.18004 0.0136672 0.115837 0.214421 0.202941 0.325999 0.283639 0.221906 0.20085 0.221211 0.0578716 0.0892792 0.142558 0.11055 0.0715152 0.0856574 0.0756063 0.025974 0.216374 0.276644 0.128205 0.0227273 0.0366133 0.0606061 0.12933 0 
0.184366 0.186027 0.0400788 0.00618165 0.0603601 0.0902983 0.0833333 0.159868 0.113875 0.0952381 0.00538778 0.267292 0.248165 0.0816747 0.143043 0.210666 0.178323 0.0758442 0.0614349 0.0544735 0.180438 0.0480523 0.158631 0.219752 0.0680328 0.149466 0.566341 0.84119 0.84446 0.752743 0.825395 0.65783 0.637194 0.90461 0.988238 0.934274 0.722611 0.556307 0.579907 0.713072 0.612739 0.633822 0.4764 0.257279 0.214956 0.0696654 0.168598 0.2941 0.264513 0.227879 0.0996016 0.042796 0.472727 0.426901 0.14059 0.238462 0.198864 0.17849 0.23416 0.205543 0 
0.218289 0.207887 0.222405 0.183785 0.00304337 0.026337 0.256494 0.211907 0.288761 0.0935221 0.209556 0.33983 0.378293 0.252552 0.320594 0.335945 0.522847 0.782961 0.901536 0.86098 0.754637 0.27993 0.379888 0.594611 0.301025 0.28208 0.596386 0.799197 0.623478 0.467242 0.582888 0.702763 0.382968 0.111076 0.231564 0.463306 0.550077 0.28772 0.18638 0.188562 0.15275 0.277411 0.131256 0.0918578 0.0874325 0.106829 0.137812 0.25307 0.298839 0.0824242 0.0886454 0.112696 0.0701299 0.350877 0.412698 0.248718 0.642045 0.409611 0.123967 0.073903 0 
0.0848083 0 0.0239816 0.0946267 0.116155 0.181672 0.242965 0.195369 0.242263 0.19591 0.176237 0.126612 0.101627 0.0993091 0.116963 0.100041 0.185266 0.255896 0.330949 0.510916 0.649347 0.793375 0.922963 0.900318 0.917213 1 0.981196 0.906546 0.815747 0.676361 0.590518 0.566502 0.489867 0.548702 0.542907 0.528024 0.489285 0.354268 0.153911 0.177887 0.15275 0.0754579 0.0787534 0.0483123 0.0757748 0.038124 0.0324158 0.034142 0.0368501 0.140606 0.0916335 0.0998573 0.0935065 0.00877193 0.0113379 0.105128 0.102273 0.0434783 0.0606061 0.0230947 0 
0.0619469 0.204886 0.0932983 0.0568236 0.148364 0.262026 0.630411 0.513782 0 0.252967 0.165462 0.242673 0.43069 0.110034 0.214465 0.233666 0.2321 0.250494 0.189775 0 0.0979132 0.0981495 0.117092 0.158181 0.229098 0.181628 0.0583044 0.522026 0.708198 0.604879 0.465831 0.630308 0.706815 0.638262 0.562749 0.750302 0.91417 0.922221 0.984398 1 1 0.959096 0.724169 0.365627 0.626528 0.755211 0.784317 0.870021 1 0.944242 0.394422 0.235378 0.374026 0.307018 0.444444 0.346154 0.0738636 0.359268 0.289256 0.295612 0 
0.137906 0.042006 0.10184 0.0430338 0.187674 0.383499 0.303301 0.12194 0.183918 0.179751 0.0785481 0.00483587 0.154023 0.285965 0.557027 0.794932 0.828101 0.79813 0.854408 0.868258 0.938132 0.938963 0.937374 1 0.971824 0.92389 0.931821 0.723858 0.433949 0.280281 0.400981 0.47259 0.373202 0.295495 0.2287 0.127823 0.239449 0.194655 0.129349 0.14902 0.0561668 0.0626374 0.110565 0.162587 0.163918 0.0781679 0.077146 0.127284 0.118627 0.00727273 0.187251 0.169757 0.197403 0.166667 0.0839002 0.15641 0.130682 0.116705 0.198347 0.110855 0 
0.162242 0.0917274 0.0499343 0.108892 0.172204 0.273851 0.331439 0.366483 0.444099 0.441298 0.376719 0.329426 0.334821 0.15809 0.13863 0.290759 0.340483 0.364883 0.261519 0.167273 0.117201 0.114917 0.157147 0.363897 0.566701 0.729596 0.832545 0.850453 0.902192 1 0.998801 0.843406 0.623228 0.611977 0.676281 0.775302 0.845506 0.732349 0.624499 0.609041 0.471685 0.403541 0.490754 0.637722 0.621695 0.329676 0.204274 0.495358 0.470974 0.272727 0.213147 0.303852 0.381818 0.21345 0.117914 0.0487179 0.153409 0.112128 0.0716253 0.034642 1 
0.180678 0.0797257 0.0785151 0.000713267 0.07228 0.160978 0.332792 0.22602 0.214423 0.216931 0.105062 0.285903 0.19548 0.243065 0.291805 0.286587 0.0362657 0.106597 0.262571 0.34878 0.325253 0.22329 0.386246 0.55691 0.599795 0.594999 0.637462 0.760498 1 0.836263 0.547902 0.453831 0.492702 0.429889 0.161501 0.0716734 0.0201181 0.158365 0.230867 0.221786 0.278981 0.340049 0.224104 0.104999 0.0476258 0.127948 0.184353 0.0925427 0.104997 0.385455 0.131474 0.156919 0.298701 0.119883 0.145125 0.0282051 0.0909091 0.0114416 0.118457 0.163972 0 
0.188053 0.0368624 0.042707 0.0523062 0.0874968 0.176028 0.268669 0.238809 0.106471 0.201201 0.196512 0.166178 0.169426 0.11055 0.211957 0.528394 0.671537 0.542857 0.273406 0.275043 0.412943 0.547388 0.553036 0.60793 0.808607 0.980064 0.981406 0.914162 0.738535 0.758815 0.870954 0.780499 0.650425 0.622258 0.615322 0.593952 0.586486 0.505251 0.269133 0.154575 0.190272 0.241148 0.2854 0.229065 0.192351 0.188289 0.135639 0.14136 0.164059 0.21697 0.0448207 0.108417 0.012987 0.0233918 0.14059 0.0897436 0.332386 0.295195 0.190083 0.189376 0 
