sonar 61 105
0.138643 0.0492928 0.119908 0.0166429 0.119199 0.207471 0.267316 0.175744 0.157115 0.233662 0.270665 0.364156 0.276522 0.149943 0.201525 0.165276 0.100404 0.195844 0.196087 0.262307 0.357715 0.34884 0.449931 0.644606 0.77582 0.823218 0.913856 0.976225 0.892147 0.682753 0.655913 0.52404 0.359761 0.296449 0.137261 0.0912298 0.202165 0.193408 0.249315 0.221678 0.240649 0.378266 0.273115 0.127673 0.084447 0.266045 0.350779 0.324049 0.169611 0.214545 0.208167 0.179743 0.231169 0.108187 0.0884354 0.0974359 0.0710227 0.0755149 0.0330579 0.0230947 1 
0.379794 0.376768 0.651117 0.605326 0.800913 0.576458 0.158009 0.492172 0.129572 0.0896611 0.187296 0.291618 0.362603 0.318862 0.424817 0.405251 0.549788 0.680104 0.847149 0.918022 0.912626 1 0.950408 0.907899 0.829611 0.675405 0.635886 0.432174 0.234984 0.149888 0.105068 0.0662772 0.108474 0.231055 0.430705 0.498286 0.44719 0.435479 0.374868 0.303159 0.352982 0.602442 0.469675 0.178691 0.2559 0.17814 0.0947121 0.244684 0.236749 0.138182 0.297809 0.336662 0.503896 0.722222 0.172336 0.376923 0.477273 0.327231 0.366391 0.115473 1 
0.187316 0.161595 0.160972 0.154303 0.316003 0.537759 0.603355 0.544432 0.52125 0.829687 0.90543 0.797626 0.71844 0.315665 0.197713 0.274171 0.268159 0.316779 0.573848 0.735231 0.890282 0.810551 0.693653 0.73138 0.713217 0.807688 0.886228 0.981474 0.815239 0.451156 0.296567 0.266345 0.200042 0.286063 0.148512 0.310081 0.165974 0.312779 0.592663 0.436492 0.0950782 0.43895 0.601966 0.615434 0.5 0.126166 0.222202 0.534591 0.547703 0.363636 0.344622 0.226819 0.503896 0.394737 0.170068 0.105128 0.113636 0.0549199 0.14876 0.117783 1 
0.0855457 0.0835834 0.00985545 0.0378031 0.0413391 0.101854 0.191829 0.061301 0.191619 0.281138 0.284418 0.257034 0.143947 0.166856 0.292707 0.527275 0.673609 0.784208 0.81275 0.709974 0.720911 0.787138 0.794108 0.477308 0.173566 0.220619 0.606576 0.85035 0.895089 0.76787 0.510736 0.498315 0.373937 0.339057 0.26859 0.229133 0.256724 0.422065 0.416614 0.348257 0.0966995 0.196947 0.478728 0.395774 0.134347 0.211876 0.252445 0.231207 0.310449 0.278788 0.110558 0.228245 0.21039 0.102339 0.126984 0.15641 0.0767045 0.144165 0.077135 0.108545 1 
0.134218 0.166309 0.121222 0.0042796 0.046665 0.141629 0.193182 0.115325 0.189842 0.226226 0.204877 0.327374 0.425651 0.311849 0.273648 0.192754 0.08424 0.156779 0.30465 0.349957 0.397344 0.531541 0.623609 0.7155 0.78002 0.777949 0.878874 0.956978 0.897524 0.662405 0.613188 0.570209 0.481046 0.451934 0.222768 0.133569 0.155368 0.141312 0.311512 0.425272 0.306775 0.24652 0.155955 0.0328524 0.0423657 0.0947614 0.141434 0.232704 0.18627 0.0690909 0.0906375 0.179743 0.238961 0.0935673 0.117914 0.174359 0.107955 0.0961098 0.126722 0.110855 1 
0.421829 0.516074 0.411629 0.342368 0.347198 0.123354 0.21618 0.136053 0.192063 0.320177 0.413866 0.589244 0.722182 0.478602 0.593741 0.7184 0.900425 0.907636 0.865664 0.752354 0.71817 0.511502 0.268518 0.300482 0.207992 0.0791937 0.132892 0.159634 0.193182 0.113029 0.249046 0.303303 0.306836 0.448225 0.493301 0.275605 0.145419 0.233961 0.298018 0.197821 0.0664737 0.0472527 0.100866 0.0930173 0.0575775 0.0758365 0.195762 0.34112 0.387178 0.321212 0.214143 0.46077 0.275325 0.22807 0.344671 0.302564 0.0994318 0.224256 0.625344 0.272517 1 
0.0582596 0.259323 0.368265 0.27223 0.0852143 0.302338 0.666126 0.994708 0.964312 0.710139 0.434 0.0876319 0.405931 0.379911 0.374962 0.373092 0.0930474 0.102649 0.22975 0.913099 0.976707 0.308455 0.146339 0.167503 0.0660861 0.277784 0.259691 0.578839 0.448458 0.71599 0.162071 0.26803 0.602226 0.897615 0.858955 0.9375 0.872075 0.945929 0.669408 0.470479 0.556225 0.458242 0.201345 0.186679 0.378448 0.247669 0.307678 0.766397 0.569914 0.243636 0.478088 0.322397 0.441558 1 0.344671 0.825641 0.5625 0.377574 0.672176 0.341801 1 
0.0626844 0.0707244 0.199737 0.0349501 0.0349987 0.0714862 0.288149 0.269239 0.0774471 0.164593 0.0839359 0.257327 0 0.205012 0.170328 0.200387 0.035644 0.198026 0.375131 0.354987 0.234928 0.354872 0.529088 0.47198 0.297131 0.486067 0.501628 0.230136 0.197443 0.313838 0.629755 0.779151 0.592565 0.348172 0.381508 0.295565 0.552919 0.876677 1 0.985839 0.667169 0.604396 0.415104 0.412523 0.610606 0.501097 0.480804 0.471998 0.343766 0.356364 0.24004 0.161198 0.0805195 0.409357 0.179138 0.176923 0.133523 0.0938215 0.107438 0.256351 0 
0.108407 0.0150021 0.0735874 0.0910604 0.142785 0.220102 0.361201 0.225579 0.218718 0.238238 0.265844 0.341735 0.418166 0.366711 0.437556 0.52646 0.585121 0.660052 0.716916 0.795805 0.888385 0.966057 1 0.989038 0.936066 0.888864 0.914277 0.910251 0.777902 0.575796 0.35782 0.32532 0.189331 0 0.0914391 0.172177 0.22108 0.255797 0.197133 0.283007 0.347771 0.304029 0.241433 0.278279 0.181689 0.105321 0.19377 0.283318 0.32105 0.275152 0.12749 0.235378 0.337662 0.304094 0.126984 0.392308 0.241477 0.0755149 0.143251 0.0554273 1 
0.471239 0.275611 0.237188 0.25535 0.612478 0.3104 0.477273 0.205954 0.353176 0.473187 0.26074 0.167204 0.553908 0.558008 0.237436 0.424283 0.580769 0.560727 0.808121 0.875321 0.499157 0.629179 0.827805 0.661817 0.770082 0.86232 0.82141 0.680527 0.327516 0.617024 0.72545 0.875983 0.648955 0.534393 0.279943 0.0629032 0.0676799 0.36997 0.596353 0.370806 0.412739 0.58022 0.595112 0.53646 0.773102 0.774685 0.578595 0.743935 0.655729 1 0.242032 0.28816 0.924675 0.669591 1 1 1 1 0.666667 0.212471 1 
0.516224 0.361337 0.187911 0.0380409 0.201623 0.456598 0.50947 0.405954 0.427218 0.58244 0.649085 0.734613 0.831294 0.678767 0.856856 0.972522 0.864574 0.866078 0.889964 0.991652 0.892496 0.811676 0.827594 0.748079 0.579201 0.503029 0.542284 0.527172 0.470678 0.407585 0.350518 0.243765 0.105114 0.162268 0.102895 0.152016 0.158758 0.109494 0.136622 0.273747 0.217024 0.144444 0.112376 0.269518 0.213108 0.0927043 0.162803 0.277628 0.332155 0.104242 0.215139 0.206847 0.301299 0.251462 0.430839 0.0974359 0.178977 0.21968 0.225895 0.272517 1 
0.306047 0.384055 0.268725 0.179505 0.0248542 0.0470304 0.145022 0.441455 0.56449 1 1 0.70296 0.405355 0.173043 0.274451 0.363831 0.223604 0.221506 0.29434 0.451092 0.633959 0.841938 0.972343 1 0.658299 0.484855 0.372203 0.325237 0.415483 0.380207 0.426267 0.0851494 0.405229 0.672072 0.608469 0.432762 0.411874 0.338775 0.442863 0.462963 0.301563 0.519658 0.537308 0.234991 0.211402 0.0189248 0.210793 0.614555 0.539626 0.241212 0.207171 0.239658 0.498701 0.584795 0.306122 0.115385 0.0681818 0.363844 0.15978 0.034642 1 
0.351032 0.117017 0.189553 0.28816 0.432412 0.485353 0.590909 0.157222 0.173404 0.273845 0.0932936 0.331331 0.291493 0.30133 0.331929 0.321698 0.251891 0.27013 0.258153 0.114833 0.290051 0.369594 0.313659 0.529761 0.511066 0.391453 0.510453 0.518629 0.381798 0.302866 0.393351 0.475736 0.535861 0.584526 0.627186 0.754335 0.716379 0.602371 0.527936 0.599673 0.711986 0.578877 0.483124 0.361247 0.281774 0.334339 0.323977 0.510931 0.384654 0.288485 0.266932 0.104137 0.322078 0.44152 0.129252 0.294872 0.542614 0.313501 0.911846 1 1 
0.267699 0.133733 0.134034 0.0694246 0.436216 0.411986 0.231061 0.168026 0.252332 0.27742 0.403516 0.422333 0.504102 0.372486 0.583709 0.784246 0.972956 1 0.983484 0.851241 0.835898 0.903998 0.559924 0.38869 0.584631 0.646767 0.620653 0.485591 0.551339 0.449345 0.462888 0.327342 0.366691 0.390249 0.213869 0.096371 0.105073 0.0500156 0.23171 0.333551 0.265084 0.324542 0.221518 0.0752383 0.174865 0.3017 0.398044 0.321653 0.213529 0.196364 0.0926295 0.0542083 0.101299 0.19883 0.217687 0.15641 0.164773 0.135011 0.115702 0.108545 0 
0.118732 0.071153 0.159658 0.0539705 0.0494547 0.0669175 0.0890152 0.105843 0.0270991 0.0516231 0.0336027 0.237104 0.123219 0.0696092 0.088374 0.155302 0.126308 0 0.0864717 0.153039 0.1543 0.0743278 0.148564 0.102756 0.0385246 0.134376 0.437126 0.636785 0.628653 0.585278 0.715422 0.558526 0.573034 0.87239 0.946916 0.970262 0.810737 0.616616 0.5681 0.656972 0.589461 0.58083 0.44045 0.246844 0.161217 0.0877674 0.164976 0.293501 0.2842 0.226667 0.0876494 0.0485021 0.441558 0.47076 0.165533 0.117949 0.309659 0.402746 0.807163 0.13164 0 
0.0412979 0.0415774 0.0394218 0.103661 0.0471722 0.189196 0.180736 0.150606 0.00621946 0.112255 0 0.193142 0.180366 0.078581 0.139733 0.108386 0.0562636 0.173714 0.0350305 0.0928938 0.265493 0.14201 0.0110205 0.121606 0.0158811 0.0806256 0.306545 0.470461 0.513596 0.521466 0.612534 0.627387 0.660191 0.920509 1 0.95131 0.886508 0.695643 0.666878 0.676362 0.54916 0.501221 0.364154 0.21966 0.202019 0.13316 0.159181 0.258461 0.179202 0.282424 0.250996 0.0499287 0.111688 0.192982 0.267574 0.258974 0.144886 0.0663616 0.198347 0.13164 0 
0.249263 0.303043 0.102168 0.0508797 0.076845 0.185434 0.284091 0.139361 0.0330224 0.109681 0.111867 0.10888 0.297395 0.262555 0.207443 0.109709 0.139882 0.0585974 0.0628024 0.0806935 0.0796796 0.299765 0.0918724 0.207458 0.565164 0.766054 0.701439 0.588102 0.551847 0.605305 0.782234 0.958886 0.835766 0.698993 0.834305 1 1 0.778101 0.556188 0.36634 0.257672 0.274481 0.381223 0.433265 0.428917 0.300741 0.238319 0.322851 0.282181 0.0424242 0.0976096 0.221113 0.615584 0.0964912 0.444444 0.266667 0.0965909 0.212815 0.253444 0.108545 0 
0.181416 0.111444 0.0683311 0.164289 0.328937 0.379199 0.347132 0.352591 0.264919 0.2717 0.368779 0.500293 0.478768 0.332268 0.430735 0.532872 0.610092 0.675429 0.71902 0.79741 0.830944 0.860137 0.867225 0.959738 0.970902 0.903183 0.850404 0.876287 0.768669 0.543092 0.412207 0.275893 0.276909 0.196502 0.0963486 0.0105847 0.10398 0.218051 0.13346 0.107407 0.206601 0.241392 0.244019 0.176501 0.195621 0.0421009 0.067548 0.181491 0.201413 0.204848 0.134462 0.305278 0.441558 0.342105 0.0362812 0.307692 0.144886 0.0411899 0.0743802 0.039261 1 
0.0176991 0.0244321 0.0450066 0.0660961 0.0616282 0.0489116 0.0982143 0.0478501 0.0367244 0.048477 0.0287821 0.111372 0.178494 0.0949778 0.0598856 0.0758193 0.0857942 0.109506 0.0766884 0.0479452 0.140704 0.357428 0.404684 0.560189 0.657172 0.721996 0.753546 0.851276 0.971591 0.917013 0.765123 0.764435 0.764465 0.61929 0.490744 0.445464 0.393177 0.405324 0.427577 0.395643 0.186682 0.0555556 0.102548 0.163489 0.217941 0.0946242 0.0727997 0.159928 0.115093 0.0884848 0.061753 0.0770328 0.298701 0.122807 0.113379 0.228205 0.110795 0 0.143251 0.0692841 0 
0.172566 0.0484355 0.086071 0.166904 0.29191 0.385918 0.313582 0.258875 0.30268 0.345774 0.363817 0.399326 0.454441 0.413942 0.519009 0.602992 0.713605 0.74826 0.760783 0.796447 0.894077 0.923014 0.932712 0.98494 0.977049 1 0.989074 0.904899 0.726664 0.548098 0.43455 0.372388 0.168224 0.0787493 0.0271044 0.133669 0.24087 0.173755 0.131035 0.230392 0.163636 0.273138 0.326005 0.188611 0.0956781 0.132337 0.270192 0.337826 0.23372 0.233939 0.139442 0.0271041 0.163636 0.409357 0.0136054 0.330769 0.127841 0.551487 0.209366 0.157044 1 
0.20944 0.292327 0.320959 0.228959 0.185899 0.141629 0.0262446 0.167144 0.249667 0.126555 0.0331774 0.0978898 0.355693 0.29143 0.349985 0.379605 0.374365 0.215481 0.195771 0.255672 0.27403 0.457929 0.526756 0.439811 0.432787 0.412931 0.43492 0.689996 0.759131 0.683072 0.752044 0.791058 0.782316 0.531532 0.38294 0.298589 0.104745 0.210565 0.148535 0.161329 0.613434 0.779853 0.548429 0.588379 0.81888 0.725864 0.595255 0.384247 0.352347 0.404848 0.340637 0.643367 0.706494 0.473684 0.183673 0.107692 0.568182 0.290618 0.31405 0.0207852 1 
0.162242 0.12216 0.24113 0.109605 0.0405782 0.196721 0.174242 0.429327 0.414779 0.509224 0.380689 0.0880715 0.24874 0.491595 0.634066 0.675962 0.741478 0.646234 0.422365 0.247003 0.369625 0.672222 0.81954 1 0.819672 0.682234 0.761109 0.60107 0.486201 0.53638 0.48218 0.159065 0.140082 0.0948596 0.44799 0.662298 0.663897 0.185401 0.166561 0.526144 0.528662 0.486569 0.310617 0.179335 0.252914 0.266868 0.312025 0.455825 0.468955 0.21697 0.241036 0.10699 0.0831169 0.248538 0.22449 0.0666667 0.366477 0.148741 0.294766 0.193995 0 
0.119469 0.126018 0.0896846 0.0798859 0.142785 0.113948 0.177219 0.127453 0.0812972 0.0715001 0.197221 0.474795 0.630056 0.506858 0.629652 0.716365 0.497772 0.357714 0.226173 0.287778 0.45879 0.65525 0.723323 0.919373 1 0.752175 0.537031 0.606011 0.861506 0.636945 0.467357 0.514379 0.29959 0.303551 0.271351 0.216331 0.0484365 0.0228762 0.0714738 0.053268 0.135495 0.113187 0.212466 0.244911 0.157378 0.262891 0.265665 0.1174 0.179707 0.327273 0.167331 0.134094 0.303896 0.0994152 0.156463 0.307692 0.272727 0.12357 0.0853994 0.0300231 0 
0.0685841 0.0342906 0.0141261 0.0955777 0.173726 0.210965 0.265693 0.0968026 0.0587887 0.04004 0.115837 0.172333 0.290485 0.278746 0.40977 0.467332 0.522329 0.613403 0.690722 0.777183 0.946564 1 0.962382 0.941809 0.8625 0.768146 0.632419 0.4331 0.466213 0.590178 0.484687 0.313525 0.342119 0.331108 0.0847908 0.0595766 0.00306145 0.00811064 0.139469 0.223529 0.152519 0.0717949 0.0205612 0.100232 0.0928348 0.0287987 0.0921767 0.115903 0.132256 0.122424 0.160359 0.0299572 0.18961 0.304094 0.174603 0.138462 0 0.0457666 0.0688705 0.0484988 0 
0.0693215 0.037291 0.0348226 0.0760818 0.155212 0.204515 0.262716 0.134289 0.128239 0.131989 0.0968382 0.0388335 0.196056 0.322883 0.478784 0.652147 0.76562 0.774234 0.805596 0.799765 0.82051 0.85022 0.880259 0.886692 0.895492 0.963322 1 0.910869 0.671469 0.431022 0.262997 0.287014 0.133256 0.201378 0.239951 0.221371 0.196589 0.126651 0 0 0.0148234 0.0283272 0.0772016 0.0555269 0.0524595 0.00342841 0.0592177 0.0769692 0.0918728 0.130909 0.123506 0.0984308 0.0467532 0.312865 0.106576 0.187179 0.207386 0.121281 0.14876 0.0762125 0 
0.233038 0.17874 0.150788 0.180694 0.194776 0.175759 0.0922619 0.199779 0.0700429 0.01144 0.0862045 0.219519 0.252195 0.260905 0.329221 0.494403 0.622837 0.698286 0.824637 0.864084 0.796901 0.745118 0.73784 0.723184 0.608299 0.443331 0.425465 0.392651 0.446023 0.374028 0.289591 0.313413 0.337604 0.377742 0.434285 0.473488 0.477258 0.445149 0.371284 0.450763 0.428952 0.446398 0.499547 0.360989 0.1824 0.153182 0.235965 0.235699 0.220091 0.271515 0.13247 0.0998573 0.438961 0.48538 0.0725624 0.320513 0.178977 0.0938215 0.366391 0.198614 1 
0.258112 0.696957 0.532523 0.324061 0.269592 0.323569 0.5625 0.487982 0.431956 0.517947 0.39033 0.0221278 0.359148 0.528411 0.61922 0.722064 0.829033 0.676675 0.416158 0.349422 0.536783 0.749003 0.821024 1 0.873156 0.6797 0.685786 0.486826 0.385349 0.409396 0.391281 0.0414514 0.0993384 0.0200318 0.345096 0.682157 0.735294 0.3342 0.0254059 0.316993 0.417603 0.465446 0.307772 0.265267 0.325277 0.233681 0.287396 0.536688 0.515901 0.18303 0.222112 0.145506 0.171429 0.570175 0.358277 0.151282 0.213068 0.208238 0.300275 0.143187 0 
0.514012 0.383626 0.414258 0.34213 0.308648 0.285676 0.338745 0.359206 0.259884 0.288002 0.368921 0.549385 0.632215 0.572136 0.501154 0.179931 0.231064 0.291117 0.236798 0.591824 0.890177 0.738473 0.490092 0.263498 0.15707 0.62628 0.745351 0.497942 0.462358 0.518376 0.421253 0.0979555 0.0387483 0.0757817 0.00920528 0.0925403 0.156353 0.125091 0.277251 0.227778 0.126809 0.346642 0.414199 0.18217 0.0894228 0.100658 0.145781 0.18209 0.285209 0.346667 0.153386 0.208274 0.392208 0.128655 0.0544218 0.112821 0.238636 0.224256 0.258953 0.143187 1 
0.0737463 0.0617231 0.0397503 0.0042796 0.0365204 0.25692 0.267857 0.0848953 0.126758 0.0888031 0.0639444 0.0565651 0.125378 0.0938435 0.169526 0.246489 0.298726 0.35761 0.394382 0.3811 0.414945 0.394234 0.290664 0.386538 0.432992 0.47329 0.74283 0.948847 1 0.902418 0.850245 0.8051 0.712486 0.629571 0.558147 0.572278 0.543735 0.341999 0.136833 0.0815904 0.033121 0.224054 0.346955 0.37194 0.332812 0.228744 0.18381 0.357892 0.355376 0.202424 0.106574 0.118402 0.0285714 0.216374 0.131519 0.0564103 0.0738636 0.0778032 0.190083 0.0808314 0 
0.15708 0.0428633 0.0377792 0.1864 0.266295 0.377318 0.471591 0.207718 0.200355 0.302302 0.330639 0.421014 0.385058 0.313808 0.373558 0.44138 0.457569 0.610805 0.71639 0.861087 0.931387 0.960536 0.907386 0.942936 1 0.939971 0.875512 0.744751 0.702516 0.572387 0.367847 0.236576 0.17694 0.0801272 0.112509 0.127419 0.207632 0.297494 0.376133 0.401852 0.335611 0.439316 0.385749 0.229194 0.218226 0.164427 0.173669 0.229111 0.327612 0.379394 0.184263 0.128388 0.449351 0.195906 0.154195 0.233333 0.147727 0.0961098 0.170799 0.0762125 1 
0.141593 0.226747 0.104796 0.180694 0.170682 0.0596614 0.239448 0.223815 0.218866 0.160303 0.213668 0.227286 0.153016 0.237599 0.334938 0.389579 0.134494 0.196468 0.286661 0.502997 0.805965 1 0.86235 0.681283 0.620799 0.530565 0.549007 0.585838 0.421774 0.153936 0.0564578 0.207032 0.192271 0.399046 0.316457 0.165927 0.117866 0.185609 0.168248 0.22037 0.383787 0.240171 0.100608 0.11917 0.339494 0.466264 0.469757 0.330039 0.459869 0.56 0.170319 0.0356633 0.116883 0.526316 0.219955 0.3 0.110795 0.199085 0.190083 0.214781 1 
0.0744838 0.0741535 0.142576 0.24679 0.468171 0.220908 0.19697 0.228666 0.100992 0.127699 0.313484 0.549824 0.521808 0.461999 0.615307 0.64136 0.795254 0.917714 0.982327 0.96083 0.857293 0.82875 0.817315 0.79582 0.600615 0.433087 0.406976 0.414059 0.431717 0.343028 0.277929 0.295552 0.285624 0.220456 0.195152 0.228528 0.311612 0.423417 0.346194 0.283007 0.160625 0.210623 0.284366 0.136047 0.0814615 0.0421009 0.0429192 0.140761 0.0514891 0.0690909 0.0308765 0.221113 0.244156 0.216374 0.598639 0.7 0.267045 0.116705 0.404959 0.198614 1 
0.0752212 0.0270039 0.086728 0.124822 0.215065 0.313088 0.417749 0.412789 0.338516 0.294008 0.126329 0.0759086 0.373974 0.35939 0.507774 0.654386 0.696508 0.743584 0.827162 0.849422 0.959422 0.983437 0.862774 0.631493 0.49457 0.492786 0.677907 0.844277 0.818689 0.569831 0.268992 0.264435 0.252861 0.178166 0.125089 0.0882056 0.0587142 0.0471041 0.0551339 0.155773 0.226752 0.264835 0.133842 0.221721 0.28675 0.245063 0.201376 0.119197 0.153963 0.101818 0.0388446 0.064194 0.0623377 0.0292398 0.015873 0.0641026 0.0482955 0.135011 0.0688705 0.106236 1 
0.160767 0.166309 0.131735 0.116262 0.234847 0.379737 0.443994 0.321499 0.24404 0.280995 0.134694 0 0.228444 0.29308 0.497442 0.66609 0.75702 0.842597 0.979487 1 1 0.999182 0.901134 0.672472 0.498258 0.417998 0.472634 0.608481 0.712967 0.607542 0.334823 0.280049 0.403129 0.379332 0.224813 0.0870968 0 0.0479359 0.0068522 0.110349 0.195136 0.22967 0.107849 0.193507 0.238129 0.145091 0.201195 0.254268 0.300858 0.243636 0.0707171 0.136947 0.148052 0.0467836 0.0430839 0.146154 0.0994318 0.224256 0.212121 0 1 
0.208702 0.261037 0.208607 0.205183 0.392594 0.589089 0.579816 0.436163 0.204946 0.105677 0.310081 0.49956 0.373255 0.263277 0.321597 0.42469 0.548026 0.434286 0.405428 0.618258 0.360455 0.180963 0.31546 0.914455 0.935553 0.407424 0.240571 0.6514 0.799919 0.382124 0.513351 0.736688 0.558122 0.919661 0.781426 0.710988 0.794227 0.417802 0.278094 0.331808 0.283613 0.347009 0.0680202 0.240531 0.220785 0.223944 0.226729 0.224019 0.228168 0.0775758 0.153386 0.0328103 0.384416 0.178363 0.46712 0.184615 0.423295 0.105263 0.548209 0.154734 0 
0.205752 0.05015 0.0335085 0.0130766 0.109054 0.240795 0.349838 0.234179 0.430772 0.48048 0.558911 0.704572 0.727364 0.425389 0.321497 0.284348 0.304321 0.296727 0.424364 0.608198 0.688449 0.827625 0.835647 0.847557 0.91168 0.998348 1 0.747221 0.4583 0.352722 0.366975 0.479667 0.395674 0.305564 0.0541066 0.282762 0.406845 0.289799 0.262703 0.274183 0.0209612 0.221978 0.447304 0.598557 0.620699 0.35395 0.238863 0.151243 0.0565371 0.0715152 0.0408367 0.0684736 0.257143 0.201754 0.0181406 0.128205 0.0340909 0.00686499 0.220386 0.0854503 1 
0.29056 0.177883 0.183311 0.0171184 0.0294192 0.246439 0.276245 0.223815 0.329779 0.306878 0.295477 0.452374 0.524399 0.47097 0.680209 0.752392 0.950471 0.981922 0.881233 0.81464 0.742938 0.817708 0.678605 0.635693 0.687295 0.781253 0.585356 0.596953 0.886059 0.846277 0.553787 0.280049 0.331933 0.484791 0.274624 0.0825605 0.184999 0.137673 0.00379507 0.127342 0.141401 0.260684 0.219966 0.125097 0.315183 0.374657 0.33937 0.318059 0.335689 0.490909 0.11255 0.0285307 0.0805195 0.277778 0.258503 0.212821 0.164773 0.132723 0.0798898 0.166282 0 
0.0383481 0.0385769 0.00295664 0 0.0329698 0.138672 0.107955 0.197574 0.112691 0.152581 0.0976889 0.0986225 0.067943 0.0329999 0.0803491 0.11551 0.175008 0.356987 0.416263 0.48887 0.569035 0.648911 0.608774 0.590001 0.483402 0.520542 0.674966 0.846953 1 0.911154 0.784087 0.648506 0.5241 0.562162 0.535952 0.547883 0.460311 0.320578 0.317626 0.298039 0.24806 0.193529 0.207552 0.19209 0.188513 0.0942128 0.109018 0.168014 0.154467 0.186667 0.0288845 0.0570613 0.0467532 0.0292398 0.0770975 0.0384615 0.0880682 0.0709382 0.137741 0.0577367 0 
0.079646 0.129876 0.0505913 0.0606277 0.0738017 0 0.0403139 0.115546 0.155042 0.103246 0.036722 0.0895369 0.26515 0.235537 0.184472 0.190311 0.115428 0.257039 0.560699 0.756849 0.773609 0.848175 0.503232 0.349759 0.587398 0.810001 1 0.863421 0.624696 0.423778 0.376894 0.24399 0.245721 0.257446 0.25918 0.263911 0.398316 0.435999 0.376239 0.261983 0.164679 0.158486 0.066727 0.0434166 0.127097 0.118075 0.157914 0.133273 0.0676426 0.26303 0.187251 0.178317 0.675325 0.625731 0.154195 0.292308 0.0653409 0.203661 0.0220386 0.0877598 0 
0.189528 0.159451 0.155388 0.187827 0.268831 0.269014 0.356061 0.503197 0.449874 0.555413 0.517794 0.450322 0.394703 0.153346 0.171331 0.191431 0.180189 0.239273 0.204082 0.126605 0.241358 0.608629 0.789658 0.827169 0.840164 0.834123 0.912596 1 0.786526 0.506871 0.652861 0.685352 0.47065 0.208055 0.0784494 0.0356855 0.148371 0.165956 0.159077 0.107952 0.155414 0.064591 0.0825036 0.179206 0.0907023 0.0796764 0.116081 0.312668 0.36951 0.333333 0.145418 0.118402 0.103896 0.0964912 0.0839002 0.241026 0.144886 0.10984 0.176309 0.224018 1 
0.157817 0.155594 0.00821288 0.0753685 0.0984022 0.362806 0.589286 0.249835 0.0999556 0.217074 0.343116 0.457503 0.562401 0.425596 0.547096 0.717586 0.806963 0.915325 1 0.937714 0.90683 0.933442 0.73339 0.502715 0.396107 0.277784 0.682845 0.867538 0.899858 0.788431 0.42485 0.102786 0.129371 0.240806 0.288534 0.225 0.107916 0.173963 0.221695 0.291176 0.14476 0 0.0453899 0.1479 0.189224 0.0378497 0.138175 0.188979 0.155982 0.290909 0.114542 0.0798859 0.0441558 0.327485 0.328798 0.133333 0.0653409 0.0594966 0.283747 0.362587 0 
0.0523599 0.0895842 0.0745729 0.0920114 0.152168 0.17979 0.126082 0.187652 0.170887 0.153296 0.0689068 0.126758 0.123507 0.0598123 0.0426322 0.116222 0.242566 0.267221 0.334 0.459332 0.607399 0.812085 0.919148 0.867841 0.80041 0.862981 1 0.985385 0.941863 0.799084 0.708992 0.719614 0.642025 0.714573 0.722819 0.665323 0.608572 0.469585 0.323424 0.244989 0.157035 0.11685 0.099056 0.108864 0.0369633 0.0456665 0.0371242 0.0925427 0.0509844 0.115152 0.0468127 0.0912981 0.127273 0.0350877 0.0226757 0.0641026 0.15625 0.107551 0.0633609 0.0554273 0 
0.143805 0.0492928 0.0617608 0.232525 0.407811 0.0849234 0.186688 0.170452 0.0620465 0.0819391 0.118531 0.220545 0.36361 0.290193 0.355502 0.492164 0.586675 0.633247 0.796655 0.893836 0.884696 0.932318 1 0.908001 0.845902 0.765062 0.757117 0.76513 0.621347 0.392884 0.173842 0.0891934 0.124226 0.255008 0.3722 0.390927 0.31675 0.199542 0.3035 0.425381 0.461378 0.48254 0.435795 0.324401 0.298692 0.161958 0.208258 0.16472 0.147905 0.221818 0.103586 0.155492 0.249351 0.149123 0.0566893 0.24359 0.21875 0.237986 0.440771 0.293303 1 
0.0626844 0.0805829 0.0459921 0.102473 0.19579 0.243752 0.431277 0.444542 0.388124 0.411411 0.418687 0.487837 0.542248 0.508198 0.694352 0.845308 1 0.924987 0.843257 0.787029 0.804174 0.879869 0.714104 0.601168 0.708914 0.830158 0.6133 0.465624 0.623681 0.696602 0.601962 0.430353 0.381077 0.400636 0.154137 0.191028 0.220752 0.0994073 0.127767 0.330501 0.186219 0.243956 0.16449 0.145452 0.276656 0.301015 0.349511 0.448637 0.390207 0.237576 0.121514 0.174037 0.176623 0.195906 0.156463 0.14359 0.21875 0.0366133 0.143251 0.0300231 0 
0.264749 0.248607 0.20138 0.113172 0.0476794 0.354743 0.551677 0.590739 0.443507 0.355212 0.452857 0.551436 0.631927 0.585439 0.791754 0.825361 0.801782 0.893714 0.981906 0.891053 0.88301 0.935283 0.906962 0.788546 0.66373 0.594449 0.460553 0.319473 0.475649 0.341856 0.282616 0.0969445 0.0279324 0.137573 0.172139 0.175101 0.14848 0.0585422 0.259119 0.314706 0.143833 0.174237 0.371783 0.263721 0.151265 0.191306 0.192865 0.157832 0.199394 0.221818 0.351594 0.156919 0.150649 0.663743 0.0589569 0.212821 0.34375 0.251716 0.267218 0.277136 1 
0.234513 0.092156 0.0837714 0.100571 0.155212 0.236227 0.219156 0.246307 0.101288 0.115401 0.168155 0.0419109 0.13459 0.0718779 0.114655 0.154285 0.133976 0.0862338 0 0.0950342 0.313343 0.605971 0.909505 0.934843 0.864447 0.864743 0.847988 0.879889 1 0.818472 0.666921 0.572343 0.550142 0.704505 0.675258 0.510282 0.2623 0.101383 0.124394 0.27549 0.18923 0.223077 0.355102 0.212703 0.0817458 0.0953099 0.108294 0.136568 0.0106007 0.0824242 0.0358566 0.0199715 0.0701299 0.146199 0.108844 0.151282 0.397727 0.295195 0.137741 0.0808314 0 
0.0840708 0.0578654 0.0965834 0.0753685 0.17753 0.18409 0.170184 0.232194 0.252036 0.304876 0.303701 0.424678 0.435008 0.272662 0.22249 0.222369 0.185887 0.26639 0.463286 0.585509 0.739777 0.766691 0.72788 0.864051 0.929098 0.981936 1 0.958316 0.870333 0.665708 0.481635 0.323073 0.277014 0.186222 0.0814156 0.0238911 0.0442817 0.0544868 0.0732659 0.137582 0.0353214 0.17326 0.31941 0.359186 0.385129 0.313083 0.329229 0.354897 0.275618 0.265455 0.203187 0.165478 0.228571 0.181287 0.0294785 0.0589744 0.144886 0.0320366 0.0633609 0.0531178 1 
0.127581 0.156022 0.308147 0.182121 0.0461577 0.103736 0.376353 0.422712 0.266252 0.242099 0.2623 0.188599 0.257809 0.471383 0.72896 0.778038 0.783028 0.597091 0.389859 0.230201 0.488617 0.751457 0.851224 1 0.841906 0.647208 0.681794 0.572149 0.469562 0.488761 0.4097 0.133453 0.125066 0.0398516 0.38294 0.712399 0.761863 0.325049 0.0229812 0.280283 0.444702 0.466178 0.315531 0.257666 0.327978 0.25864 0.354944 0.509434 0.689551 0.482424 0.14243 0.121255 0.0727273 0.30117 0.0544218 0.135897 0.247159 0.12357 0.184573 0.0415704 0 
0.0914454 0.0925847 0.0243101 0.0118878 0.0375349 0.00913733 0.169372 0.198236 0.105287 0.128986 0.137814 0.0867526 0.0444796 0.0592967 0.148761 0.125585 0.0742928 0.160831 0.262676 0.27729 0.346227 0.556078 0.733284 0.872656 0.902459 0.725851 0.669923 0.695657 0.580357 0.336636 0.187902 0.249831 0.230495 0.285639 0.179912 0.222581 0.309972 0.258709 0.268817 0.292919 0.268906 0.251038 0.195655 0.230482 0.263008 0.235464 0.162622 0.196466 0.224634 0.133333 0.0239044 0.0770328 0.174026 0.30117 0.0136054 0.0461538 0.0625 0.128146 0.104683 0.0969977 0 
0.128319 0.129447 0.0597898 0.134094 0.00329698 0.184628 0.380682 0.307828 0.253813 0.344487 0.328654 0.509086 0.535771 0.247396 0.269335 0.40922 0.687908 0.556675 0.182201 0.211366 0.733664 0.720172 0.299883 0.264829 0.595594 0.548078 0.471268 0.857555 0.831473 0.369767 0.194659 0.15064 0.00315027 0.14584 0.288125 0.12994 0.137109 0.174483 0.0382669 0.00925926 0.148002 0.186447 0.236648 0.242979 0.143304 0.0909216 0.0331402 0.120994 0.0545179 0.173333 0.0906375 0.042796 0.236364 0.385965 0.417234 0.348718 0.272727 0.203661 0.140496 0.159353 0 
0.143068 0.116588 0.0328515 0.0920114 0.091301 0.178447 0.385552 0.303197 0.269362 0.24882 0.206862 0.193435 0.18598 0.113953 0.256094 0.37299 0.459538 0.517922 0.599411 0.776541 0.922428 1 0.902511 0.73722 0.544775 0.247935 0.0855132 0.0323178 0.261567 0.319911 0.306376 0.5 0.363226 0.173079 0.0121714 0.242843 0.38115 0.325569 0.24067 0.178976 0.143486 0.0989011 0.0762964 0.104741 0.069946 0.057186 0.0896414 0.109913 0.0580515 0.14303 0.13247 0.125535 0.0233766 0.114035 0.0748299 0.0641026 0.213068 0.100686 0.0550964 0.0115473 1 
0.279499 0.177454 0.14159 0.117214 0.134415 0.353131 0.249729 0.164719 0.228491 0.349635 0.395435 0.464244 0.462934 0.379293 0.333133 0.212701 0.179981 0.194597 0.303808 0.419735 0.628373 0.663429 0.682844 0.75607 0.768955 0.643904 0.724026 0.777069 0.961343 1 0.828774 0.578971 0.517904 0.5062 0.29508 0.283972 0.206976 0.0599979 0.201982 0.338889 0.358309 0.467155 0.418984 0.119299 0.166761 0.0776193 0.138718 0.290207 0.29682 0.0606061 0.11753 0.196862 0.0909091 0.304094 0.0589569 0.148718 0.278409 0.148741 0.143251 0.187067 1 
0.213864 0.153022 0.0653745 0.0401807 0.0986558 0.151303 0.24513 0.202205 0.364283 0.431002 0.269814 0.349502 0.321722 0.196556 0.113151 0.109404 0.0556419 0.143377 0.132969 0.0946062 0 0.162151 0.368337 0.559164 0.649283 0.721776 0.846938 0.905825 0.864854 0.881964 0.935477 0.91193 0.706395 0.634658 0.616754 0.682258 0.763831 0.613289 0.564411 0.653813 0.606485 0.599389 0.650071 0.743623 0.839778 0.658667 0.702101 0.832285 0.720343 0.513939 0.26992 0.273894 0.168831 0.175439 0.181406 0.217949 0.201705 0.0892449 0.14876 0.034642 1 
0.0678466 0.191599 0.0900131 0.15573 0.255643 0.246439 0.425595 0.455127 0.442174 0.403689 0.399121 0.4682 0.327048 0.166443 0.115659 0.195196 0.247332 0.301195 0.194614 0.0646404 0.00674536 0.104488 0.283565 0.421883 0.56291 0.760436 0.92142 0.932997 0.933847 1 0.961962 0.906987 0.748504 0.723688 0.748287 0.797379 0.800569 0.579391 0.459625 0.514488 0.460915 0.475946 0.625501 0.692991 0.637617 0.366703 0.279066 0.407008 0.475013 0.316364 0.0786853 0.222539 0.298701 0.30117 0.0340136 0.238462 0.196023 0.130435 0.0440771 0.0692841 1 
0.741888 0.353193 0.184625 0.135283 0.144053 0.329481 0.258387 0.381918 0.166445 0.179608 0.31476 0.350967 0.37599 0.278849 0.380379 0.301954 0.373744 0.178494 0.286556 0.287778 0.281619 0.272774 0.322878 0.238398 0.396107 0.40423 0.44553 0.719844 0.75558 0.63556 0.766431 0.703437 0.46477 0.609433 0.647336 0.396573 0.0915154 0.297598 0.288425 0.134749 0.549971 0.968498 0.972068 0.709611 0.832812 1 1 1 0.811711 0.575758 1 1 0.81039 0.874269 0.557823 0.212821 0.494318 0.482838 0.62259 0.230947 1 
0.957227 1 1 1 1 0.45391 0.492424 0 0.274545 0.302874 0.37119 0.296454 0.424932 0.312365 0.364028 0.386118 0.418299 0.446234 0.500842 0.329516 0.182441 0.179327 0.399915 0.644709 0.494877 0.206521 0.386805 0.583162 0.517248 0.379781 0.352262 0.221411 0.0405334 0.129836 0.273397 0.453327 0.368904 0.310804 0.361796 0.442702 0.375565 0.324176 0.213759 0.251353 0.39963 0.308009 0.347881 0.449236 0.335689 0.233939 0.155378 0.504993 0.532468 0.421053 0.394558 0.0230769 0.292614 0.283753 0.487603 0.51963 1 
0.231563 0.0900129 0.121879 0.135283 0.276693 0.370868 0.546807 0.341786 0.363838 0.365937 0.392315 0.428634 0.306607 0.185006 0.177851 0.269286 0.422132 0.578909 0.642436 0.555223 0.424431 0.467232 0.538625 0.516545 0.704406 1 0.954197 0.597571 0.504058 0.360818 0 0.16266 0.17946 0.12973 0.156899 0.135887 0.141373 0.281377 0.345456 0.471024 0.405211 0.33663 0.160093 0.122778 0.170742 0.113138 0.111916 0.0422282 0.0545179 0.150303 0.103586 0.124108 0.379221 0.143275 0.0204082 0.125641 0.0369318 0.0892449 0.143251 0.157044 1 
0.0235988 0.0227175 0.0213535 0.117927 0.206949 0.316044 0.443994 0.290628 0.42159 0.479908 0.421948 0.443581 0.304736 0.101062 0.207744 0.227865 0.16361 0.134857 0.0772144 0.0263271 0.110139 0.314078 0.498569 0.666018 0.785451 0.883027 0.936443 0.947818 0.902597 0.909556 0.909646 0.862952 0.703875 0.689772 0.636596 0.685383 0.643997 0.473432 0.397744 0.449129 0.484771 0.529426 0.559033 0.633986 0.669605 0.438289 0.405831 0.540881 0.499748 0.304242 0.128486 0.124108 0.314286 0.172515 0.0748299 0.164103 0.161932 0.0961098 0.00275482 0.0531178 1 
1 0.522932 0.450066 0.339039 0.433426 0.356356 0.470779 0.464388 0.230268 0.279422 0.562597 0.76905 1 0.694029 0.676698 0.791472 0.935965 0.888312 0.910162 0.767979 0.784992 0.793784 0.757974 0.653212 0.473361 0.512281 0.442904 0.551256 0.443689 0.293598 0.24 0.217367 0.270398 0.297191 0.258771 0.096875 0.153728 0.288344 0.340713 0.285294 0.108975 0.293284 0.440191 0.225844 0.0965311 0.145639 0.116443 0.159329 0.268046 0.329697 0.170319 0.156919 0.322078 0.976608 0.133787 0.161538 0.0539773 0.173913 0.399449 0.103926 1 
0.0744838 0.316331 0.115637 0.0397052 0.00228253 0.119054 0.291396 0.223594 0.241818 0.308594 0.40862 0.387749 0.355981 0.209756 0.186378 0.165785 0.201948 0.347013 0.602672 0.706764 0.782251 0.800123 0.795168 0.915275 0.931045 0.951757 1 0.981268 0.866477 0.614467 0.383106 0.318805 0.247611 0.23328 0.214585 0.118952 0.0373934 0.0330664 0.112587 0.14793 0.00903301 0.0504274 0.19087 0.224427 0.221069 0.226413 0.213872 0.215633 0.162039 0.0678788 0.201195 0.189729 0.254545 0.263158 0.0634921 0.0564103 0.0965909 0.0938215 0.15427 0.0669746 1 
0.260324 0.117017 0.0289093 0.12078 0.175501 0.155066 0.253517 0.312679 0.309344 0.347633 0.375301 0.395516 0.355981 0.300505 0.277159 0.2414 0.168998 0.161455 0.245319 0.277076 0.315346 0.317452 0.387199 0.464604 0.468033 0.59522 0.824982 0.944216 1 0.832215 0.549537 0.49326 0.495957 0.398092 0.175616 0.14506 0.181391 0.140688 0.0693654 0.231699 0.388767 0.536386 0.509375 0.261531 0.285755 0.299918 0.333213 0.442348 0.490156 0.271515 0.150398 0.138374 0.0493506 0.0233918 0.115646 0.225641 0.0170455 0.189931 0.300275 0.106236 1 
0.143068 0.109301 0.0344941 0.168806 0.252853 0.42408 0.807089 0.750827 0.479639 0.573717 0.518077 0.160903 0.638837 1 0.913432 0.827397 0.68853 0.774026 0.872607 0.839576 0.886172 0.94612 1 0.89499 0.775205 0.815068 0.632524 0.438864 0.465503 0.295941 0.246866 0.0644799 0 0.126232 0.164774 0.208468 0.10059 0.158989 0.318364 0.362418 0.232658 0.139072 0.344627 0.33329 0.198038 0.148519 0.250453 0.395627 0.539626 0.393939 0.314741 0.0699001 0.4 0.219298 0.829932 0.248718 0.352273 0.652174 0.352617 0.039261 1 
0.294248 0.184312 0.141919 0.186876 0.0892721 0.299113 0.532738 0.322161 0.110025 0.266266 0.286403 0.408705 0.540377 0.492627 0.585916 0.656218 0.732359 0.792831 0.837576 0.779431 0.873946 0.834782 0.772385 0.844176 0.73709 0.607115 0.528732 0.332956 0.306818 0.291147 0.171553 0.0705459 0.282579 0.405723 0.415158 0.449395 0.366608 0.349173 0.365591 0.367865 0.465547 0.513919 0.369068 0.361762 0.340489 0.0506034 0.145781 0.162025 0.0893488 0.0787879 0.221116 0.0527817 0.34026 0.30117 0.106576 0.412821 0.392045 0.169336 0.674931 0.443418 1 
0.184366 0.186027 0.0400788 0.00618165 0.0603601 0.0902983 0.0833333 0.159868 0.113875 0.0952381 0.00538778 0.267292 0.248165 0.0816747 0.143043 0.210666 0.178323 0.0758442 0.0614349 0.0544735 0.180438 0.0480523 0.158631 0.219752 0.0680328 0.149466 0.566341 0.84119 0.84446 0.752743 0.825395 0.65783 0.637194 0.90461 0.988238 0.934274 0.722611 0.556307 0.579907 0.713072 0.612739 0.633822 0.4764 0.257279 0.214956 0.0696654 0.168598 0.2941 0.264513 0.227879 0.0996016 0.042796 0.472727 0.426901 0.14059 0.238462 0.198864 0.17849 0.23416 0.205543 0 
0.205015 0.273468 0.123193 0.0273419 0.103728 0.191884 0.25974 0.0573319 0.0978824 0.106821 0.017723 0.0345838 0.0937095 0.0685779 0.143946 0.0658457 0.0860015 0.187429 0.297917 0.278467 0.168529 0.212964 0.296493 0.411843 0.447643 0.185593 0.0412858 0.265336 0.55418 0.823586 0.829864 0.769041 0.795023 0.97753 1 0.895161 0.564728 0.27597 0.207358 0.246732 0.342559 0.459707 0.203673 0.287039 0.224908 0.196517 0.295907 0.339323 0.286219 0.161212 0.169323 0.0385164 0.122078 0.21345 0.163265 0.182051 0.289773 0.359268 0.258953 0.0115473 0 
0.103982 0.0874411 0.0877135 0.127913 0.100178 0.18194 0.36039 0.159868 0.142603 0.207922 0.310081 0.373242 0.390384 0.276684 0.316782 0.176064 0.143094 0.192312 0.203345 0.266802 0.378373 0.366936 0.45915 0.620121 0.745799 0.778059 0.877088 0.991252 0.921165 0.678385 0.619619 0.52404 0.361651 0.351033 0.20047 0.11744 0.135688 0.12925 0.209256 0.257734 0.240533 0.324664 0.15311 0.14906 0.205999 0.258228 0.353857 0.44684 0.257951 0.187879 0.188247 0.202568 0.142857 0.210526 0.192744 0.0871795 0.150568 0.121281 0.129477 0.0415704 1 
0.00737463 0.129876 0.0512484 0.0404184 0.0930763 0.301532 0.517857 0.354135 0.19147 0.188331 0.0999575 0.295135 0.32532 0.305868 0.301735 0.228781 0.00186509 0.134753 0.26762 0.365261 0.326834 0.181474 0.42895 0.677185 0.720492 0.686309 0.695556 0.847262 1 0.753915 0.475095 0.372164 0.590045 0.519131 0.24169 0.0842742 0.0651651 0.197983 0.327746 0.215468 0.17846 0.352259 0.285917 0.196341 0.106056 0.0831048 0.125317 0.133573 0.17365 0.0993939 0.10757 0.201141 0.187013 0.0760234 0.244898 0.207692 0.278409 0.0297483 0.0743802 0.0184758 0 
0.264012 0.117874 0.0712878 0.0397052 0.0284048 0.169578 0.218615 0.215215 0.13594 0.0985271 0.180774 0.341295 0.351231 0.093431 0.056776 0.142581 0.196042 0.33361 0.136545 0.278253 0.586741 0.692056 0.829501 0.851757 0.765369 0.583104 0.552054 0.423837 0.396916 0.404602 0.506594 0.624691 0.713536 0.670588 0.580853 0.535585 0.497048 0.384527 0.397849 0.641176 0.791662 0.803053 0.813009 0.52654 0.456639 0.34531 0.268381 0.295897 0.16002 0.326061 0.0657371 0 0.103896 0.0409357 0 0.176923 0.264205 0.116705 0.231405 0.124711 0 
0.0730088 0.0925847 0.0834428 0.0775083 0.291656 0.52674 0.393939 0.192723 0.188805 0.241098 0.311499 0.401084 0.502087 0.424977 0.524325 0.670975 0.730805 0.821714 0.898275 0.955479 1 0.99816 0.883332 0.743162 0.627766 0.64137 0.706587 0.672808 0.544643 0.444871 0.37515 0.23916 0.0642655 0.124854 0.23811 0.324698 0.269735 0.182905 0.199768 0.220588 0.230921 0.343712 0.335704 0.248003 0.178561 0.137548 0.17222 0.362384 0.367491 0.210909 0.212151 0.372325 0.381818 0.722222 0.206349 0.0948718 0.133523 0.324943 0.280992 0.0438799 1 
0.20354 0.168881 0.248357 0.178554 0.115141 0.255039 0.030303 0.136494 0.180512 0.147719 0.0925847 0.0817702 0.0097884 0.0946685 0.101715 0.192143 0.125065 0.240519 0.346097 0.360445 0.311762 0.120233 0.068348 0.265137 0.129098 0.187796 0.418847 0.744751 0.902192 0.766912 0.466921 0.233543 0.514019 0.643031 0.35021 0.452823 0.656899 0.633358 0.5428 0.341612 0.223741 0.0728938 0 0 0 0 0 0 0 0 0 0.0684736 0.602597 0.567251 0.0997732 0.341026 0.457386 0.17849 0.380165 0.242494 0 
0.162242 0.0917274 0.0499343 0.108892 0.172204 0.273851 0.331439 0.366483 0.444099 0.441298 0.376719 0.329426 0.334821 0.15809 0.13863 0.290759 0.340483 0.364883 0.261519 0.167273 0.117201 0.114917 0.157147 0.363897 0.566701 0.729596 0.832545 0.850453 0.902192 1 0.998801 0.843406 0.623228 0.611977 0.676281 0.775302 0.845506 0.732349 0.624499 0.609041 0.471685 0.403541 0.490754 0.637722 0.621695 0.329676 0.204274 0.495358 0.470974 0.272727 0.213147 0.303852 0.381818 0.21345 0.117914 0.0487179 0.153409 0.112128 0.0716253 0.034642 1 
0.144543 0.134162 0.131406 0.0542083 0.0136952 0.0902983 0.342532 0.294377 0.091811 0.0650651 0.0822345 0.248974 0.186267 0.164793 0.19691 0.317627 0.674749 0.565091 0.211025 0.115368 0.300485 0.548921 0.638868 0.693884 0.805225 0.878951 0.868158 0.782524 0.870637 0.933525 0.919673 0.798023 0.667332 0.784102 0.899458 1 0.959108 0.728398 0.58444 0.429194 0.307933 0.277778 0.379025 0.296058 0.33992 0.261931 0.198479 0.0898473 0.08632 0.464242 0.0527888 0.116976 0.0961039 0.418129 0.226757 0.0410256 0.289773 0.105263 0.190083 0.170901 0 
0.289823 0.277325 0.125493 0.129815 0.1088 0.460898 0.309794 0.213671 0.0752258 0.295009 0.30767 0.453693 0.417878 0.241312 0.321095 0.36322 0.399337 0.518338 0.690932 0.806935 0.877213 0.826091 0.746636 0.754636 0.832684 0.879392 0.753335 0.577707 0.293527 0.0223714 0.251226 0.76803 0.793342 0.830737 0.762299 0.744758 0.645309 0.140064 0.26829 0.532244 0.562826 0.582173 0.517781 0.499485 0.234717 0.0606144 0.120065 0.125187 0.239778 0.284848 0.0657371 0.0770328 0.322078 0.508772 0.142857 0.497436 0.556818 0.226545 0.190083 0.113164 0 
0.109882 0.0715817 0.109067 0.00285307 0.0304337 0.152916 0.276786 0.141566 0.131349 0.019734 0.0725932 0.120164 0.155751 0.0636279 0.0167519 0.0988195 0.256657 0.297039 0.28866 0.393515 0.585582 0.759943 0.915545 0.971212 0.91875 0.729596 0.820254 0.887505 0.726968 0.66933 0.582779 0.508987 0.275543 0.0099629 0.0021479 0.103629 0.135906 0.102735 0.034261 0.0364924 0.03011 0.166667 0.206518 0.178305 0.052886 0.09435 0.157008 0.153639 0.0464412 0.24 0.11753 0.116976 0.566234 0.494152 0.176871 0.164103 0.0823864 0.0732265 0.151515 0.0785219 0 
0.218289 0.207887 0.222405 0.183785 0.00304337 0.026337 0.256494 0.211907 0.288761 0.0935221 0.209556 0.33983 0.378293 0.252552 0.320594 0.335945 0.522847 0.782961 0.901536 0.86098 0.754637 0.27993 0.379888 0.594611 0.301025 0.28208 0.596386 0.799197 0.623478 0.467242 0.582888 0.702763 0.382968 0.111076 0.231564 0.463306 0.550077 0.28772 0.18638 0.188562 0.15275 0.277411 0.131256 0.0918578 0.0874325 0.106829 0.137812 0.25307 0.298839 0.0824242 0.0886454 0.112696 0.0701299 0.350877 0.412698 0.248718 0.642045 0.409611 0.123967 0.073903 0 
0.620206 0.192027 0.120565 0.0344746 0.0806493 0.116098 0.570076 0.673649 0.409003 0.377234 0.342833 0.104045 0.12034 0.437867 0.672685 0.665276 0.69599 0.546182 0.346202 0.220997 0.504321 0.764544 0.856204 0.928696 0.935656 0.586628 0.582309 0.671676 0.497463 0.549909 0.465613 0.224219 0.241731 0.189189 0.519791 0.73881 0.811721 0.420193 0.110162 0.36939 0.47736 0.50696 0.394931 0.287941 0.371197 0.383708 0.433176 0.605271 0.669359 0.433939 0.12749 0.233951 0.345455 0.201754 0.0702948 0.120513 0.724432 0.226545 0.0991736 0.0715935 0 
0.205015 0.159451 0.0795007 0.000951022 0.0159777 0.13706 0.233225 0.231974 0.132978 0.0912341 0.0338863 0.142585 0.227292 0.182118 0.270438 0.219723 0.241115 0.26587 0.294656 0.455265 0.515388 0.617319 0.663664 0.746645 0.846721 0.883027 0.992436 0.910869 0.703734 0.607755 0.61515 0.475623 0.243621 0.159936 0.147489 0.250101 0.26066 0.293855 0.24805 0.192048 0.138043 0.301099 0.274279 0.232028 0.209411 0.09339 0.197573 0.275232 0.200404 0.112727 0.0756972 0.0813124 0.174026 0.28655 0.102041 0.251282 0.107955 0.118993 0.134986 0.187067 0 
0.314897 0.201886 0.0111695 0.124346 0.0535126 0.154797 0.441288 0.316428 0.133126 0.165165 0.116263 0.313453 0.262415 0.192534 0.108135 0.190719 0.219563 0.655273 0.825899 0.812928 0.790999 0.895921 0.964395 0.847864 0.654303 0.255535 0.165248 0.55424 0.566356 0.454245 0.768392 0.808358 0.494382 0.414202 0.545873 0.553327 0.107697 0.358532 0.446974 0.458932 0.254314 0.172161 0.451183 0.342566 0.134205 0.187877 0.24339 0.124588 0.362948 0.772121 0.209163 0.279601 0.548052 0.365497 0.111111 0.176923 0.21875 0.23341 0.15978 0.228637 0 
0.315634 0.188598 0.0722733 0.225868 0.554147 0.674281 0.548701 0.355678 0.25559 0.42471 0.496952 0.751465 0.862099 0.780551 0.8387 0.901079 1 0.886857 0.86882 0.773759 0.700253 0.752684 0.615556 0.304375 0.188115 0.149576 0.29709 0.263792 0.183137 0.112709 0.0591826 0.107616 0.18219 0.0966614 0.148716 0.0966734 0.241745 0.233025 0.196606 0.115795 0.0860452 0.338828 0.308418 0.0328524 0.279642 0.203374 0.0785947 0.187781 0.25896 0.573333 0.247012 0.379458 0.519481 0.383041 0.405896 0.130769 0.119318 0.256293 0.415978 0.21709 1 
0.0811209 0.0625804 0.0666886 0.0278174 0.0748161 0.159635 0.227273 0.123705 0.174293 0.170027 0.0849284 0.038687 0.0639125 0.103228 0.0772394 0.0590271 0.176044 0.267532 0.283926 0.418557 0.574094 0.703609 0.811911 0.838644 0.904201 0.978191 1 0.871552 0.754769 0.639501 0.578093 0.530667 0.451433 0.506836 0.508745 0.503125 0.46206 0.324633 0.155387 0.193137 0.186103 0.120269 0.0711238 0.0633857 0.0884276 0.069254 0.0447302 0.0655885 0.0514891 0.0569697 0.0189243 0.0470756 0.179221 0.0584795 0.0997732 0.112821 0.0397727 0.0869565 0.23416 0.120092 0 
0.323009 0.221603 0.272011 0.150024 0.283033 0.666756 0.574405 0.755458 0.483045 0.394537 0.656316 0.925557 0.969483 0.77591 0.745611 0.944637 1 0.883013 0.792131 0.766481 0.495363 0.391882 0.359648 0.376498 0.308402 0.251019 0.293098 0.255558 0.434152 0.15074 0.360327 0.285666 0.158248 0.225649 0.11077 0.413508 0.380932 0.0700842 0.15486 0.201852 0.152171 0.0643468 0.181172 0.20974 0.0882855 0.0278387 0.0959797 0.222222 0.206461 0.0739394 0.124502 0.108417 0.218182 0.111111 0.199546 0.479487 0.389205 0.105263 0.140496 0.0877598 0 
0.0597345 0.170596 0.21912 0.149786 0.207963 0.223058 0.249459 0.459757 0.365911 0.405977 0.529704 0.719812 0.678998 0.397443 0.355502 0.334317 0.281732 0.267013 0.405744 0.707192 0.804701 0.806053 0.646604 0.688352 0.769262 0.855491 1 0.993928 0.877537 0.625226 0.587902 0.674455 0.472015 0.269528 0.00787563 0.330242 0.307894 0.389934 0.623023 0.529412 0.260915 0.566667 0.621492 0.633986 0.75263 0.303895 0.253712 0.565439 0.478041 0.162424 0.308765 0.326676 0.18961 0.391813 0.371882 0.0205128 0.301136 0.0755149 0.115702 0.0277136 1 
0.327434 0.184741 0.109067 0.0946267 0 0.211771 0.477543 0.371775 0.225529 0.185185 0.340848 0.442995 0.627753 0.568423 0.445381 0.210564 0.188063 0.29361 0.254681 0.383027 0.416105 0.220939 0.620112 0.894068 0.889139 0.727833 0.667822 0.834294 1 0.825503 0.538965 0.468771 0.797018 0.716587 0.377621 0.148992 0.136344 0.184881 0.506747 0.50817 0.229763 0.432601 0.360145 0.232801 0.0500426 0.0648656 0.0583122 0.122192 0.0822817 0.106667 0.120518 0.0841655 0.0701299 0.289474 0.358277 0.376923 0.190341 0.187643 0.319559 0.115473 0 
0.14823 0.0505787 0.0522339 0.022349 0.137205 0.24832 0.299242 0.181257 0.160669 0.107679 0.180774 0.0797186 0.117029 0.066206 0.0632962 0.0989212 0.14413 0.228364 0.294551 0.348245 0.519182 0.602801 0.684434 0.755148 0.792316 0.901421 0.874672 0.788905 0.796063 0.699585 0.645777 0.663671 0.572509 0.631267 0.641812 0.67379 0.645309 0.492253 0.370968 0.343791 0.248871 0.179976 0.171085 0.213476 0.172732 0.13412 0.0818544 0.081761 0.0903584 0.111515 0.0179283 0.0627675 0.114286 0.251462 0.290249 0.302564 0.125 0.0343249 0.0137741 0.039261 0 
0.0471976 0.0342906 0.0131406 0.0456491 0.0702511 0.119323 0.133929 0.199118 0.138309 0.161161 0.114561 0.143464 0.24327 0.320718 0.320594 0.260635 0.372397 0.629299 0.712918 0.857984 0.965641 0.984357 0.944898 0.798791 0.675512 0.464258 0.274083 0.0564018 0.393162 0.184404 0.155095 0.0933498 0.130211 0.226709 0.231768 0.359778 0.331402 0.125403 0.0651486 0.105882 0.0790967 0.0956044 0.179878 0.105514 0.096389 0.0909216 0.217675 0.207248 0.0767289 0.322424 0.173307 0.239658 0.316883 0.22807 0.208617 0.0384615 0.159091 0.125858 0.15978 0.0600462 0 
0.122419 0.0600086 0.00361367 0.0197337 0.0897794 0.0997044 0.0887446 0.151268 0.195913 0.133276 0.0871969 0.0637456 0.117029 0.0807466 0.031598 0.108793 0.132318 0.340468 0.291185 0.250321 0.168318 0.192721 0.16128 0.209302 0.0519467 0.115431 0.378716 0.627933 0.794034 0.734526 0.548774 0.203325 0.440512 0.452252 0.212131 0.318044 0.451454 0.540501 0.648218 0.570479 0.245281 0.270085 0.231217 0.115692 0.0762013 0.0512891 0.179283 0.286313 0.16002 0.172121 0.0756972 0.306705 0.649351 0.394737 0.514739 0.0948718 0.0426136 0.102975 0.242424 0.182448 0 
0.256637 0.202315 0.0929698 0.0361388 0.34035 0.487503 0.356061 0.34355 0.241078 0.190333 0.241032 0.281067 0.385634 0.340002 0.396128 0.427132 0.516527 0.616 0.683884 0.725492 0.829153 0.861057 0.895518 0.941809 0.952459 1 0.952411 0.973755 0.894683 0.701289 0.542779 0.309144 0.215058 0.186222 0.201084 0.146472 0.0393615 0.115941 0.145899 0.235185 0.111407 0.1221 0.25514 0.217985 0.267415 0.16141 0.141072 0.148248 0.248359 0.235152 0.249004 0.152639 0.480519 0.131579 0.204082 0.117949 0.178977 0.254005 0.198347 0.0623557 1 
0.300885 0.135019 0.227989 0.0118878 0.254375 0.234077 0.251082 0.279603 0.353473 0.369369 0.44279 0.594373 0.503527 0.378158 0.294312 0.30633 0.256554 0.277922 0.201347 0.509846 0.662943 0.62376 0.557486 0.672677 0.588525 0.825091 0.99065 0.916324 0.797585 0.649835 0.561308 0.778252 0.583955 0.25045 0.0128874 0.173286 0.293899 0.455132 0.567679 0.450654 0.542675 0.869719 0.796974 0.72958 0.817316 0.492732 0.457443 0.688529 0.641595 0.431515 0.365538 0.239658 0.0779221 0.24269 0.260771 0.182051 0.150568 0.0411899 0.115702 0.0254042 1 
0.148968 0.0625804 0.108739 0.0684736 0.105757 0.113948 0.200216 0.177949 0.203761 0.285571 0.291224 0.271249 0.210307 0.146025 0.162403 0.183696 0.267848 0.34639 0.401325 0.375107 0.485245 0.642266 0.75808 0.845405 0.908197 0.880163 0.809749 0.668485 0.530032 0.4894 0.563379 0.600427 0.501208 0.428511 0.317787 0.226915 0.120271 0.131538 0.244887 0.393573 0.475622 0.497802 0.484029 0.389204 0.294143 0.245474 0.305867 0.401617 0.388188 0.269091 0.204183 0.164051 0.161039 0.00292398 0.0453515 0.115385 0.0738636 0.0434783 0.0578512 0.0600462 1 
0.0582596 0.140163 0.0955979 0.0756063 0.311692 0.454985 0.507576 0.36097 0.265808 0.230516 0.274918 0.420574 0.57003 0.503661 0.53546 0.503257 0.63123 0.722182 0.806859 0.877568 0.988512 1 0.867543 0.859748 0.905123 0.853949 0.763631 0.650062 0.555093 0.362523 0.201526 0.0853741 0.0648955 0.0232114 0.0405032 0.189113 0.193418 0.297286 0.393316 0.307407 0.179618 0.200977 0.130609 0.194795 0.202872 0.150439 0.212423 0.291105 0.354871 0.340606 0.215139 0.206847 0.277922 0.675439 0.358277 0.130769 0.213068 0.118993 0.247934 0.140878 1 
0.236726 0.123446 0.151445 0.11436 0.184377 0.188659 0.298431 0.258655 0.171776 0.104247 0.00964129 0.0663834 0.218943 0.307724 0.458521 0.617036 0.723034 0.775896 0.788344 0.813891 1 0.980984 0.959733 0.959123 0.909631 0.899328 0.782645 0.575648 0.337865 0.385853 0.452425 0.337677 0.249081 0.279279 0.155365 0.0472782 0.0919528 0.0801705 0.0510226 0.184532 0.10469 0.0907204 0.0488814 0.16336 0.159937 0.069254 0.171858 0.202755 0.130742 0.206061 0.0328685 0.202568 0.275325 0.0643275 0.0657596 0.423077 0.380682 0.02746 0.187328 0.103926 0 
0.373894 0.184741 0.054205 0.0556348 0.0720264 0.287288 0.331169 0.24763 0.175181 0.345488 0.344109 0.313306 0.243846 0.0732185 0.0654027 0.136475 0.142369 0.204052 0.154429 0.0790882 0.279511 0.579593 0.748967 0.843561 0.940984 0.998458 0.968379 1 0.860998 0.678172 0.788556 0.775219 0.495642 0.166826 0.0894958 0.137702 0.0781763 0.10991 0.164242 0.022658 0.130863 0.0332112 0.0694426 0.168642 0.129372 0.103812 0.191778 0.300988 0.270066 0.284848 0.154382 0.216833 0.0623377 0.119883 0.126984 0.217949 0.389205 0.308924 0.209366 0.0577367 1 
0.216077 0.142735 0.0614323 0.197575 0.381182 0.442892 0.239989 0.286218 0.224789 0.383526 0.432015 0.396249 0.204981 0.315768 0.496941 0.725931 0.725417 0.818494 0.873028 0.963292 1 0.867805 0.626046 0.58744 0.817418 0.752726 0.591449 0.402532 0.288758 0.078939 0.213188 0.586385 0.533235 0.715527 0.723637 0.699798 0.55948 0.107934 0.460363 0.685512 0.464968 0.381197 0.307384 0.361762 0.195337 0.155787 0.187251 0.20605 0.213024 0.141818 0.0697211 0.226819 0.316883 0.374269 0.190476 0.120513 0.0738636 0.272311 0.151515 0.0323326 0 
0.137168 0.0471496 0.0354796 0.0444603 0.121735 0.028487 0.232143 0.172216 0.186584 0.155298 0.206012 0.168669 0.267454 0.237909 0.259304 0.196927 0.226194 0.294857 0.403219 0.439212 0.507589 0.596871 0.649889 0.74142 0.890369 0.934464 1 0.977872 0.845069 0.748482 0.67782 0.515053 0.340334 0.210281 0.122021 0.262097 0.24918 0.282936 0.318469 0.218519 0.0938043 0.317338 0.284883 0.198531 0.208132 0.143171 0.22184 0.223121 0.24735 0.271515 0.0318725 0.0970043 0.103896 0.134503 0.156463 0.0846154 0.119318 0.0594966 0.0192837 0.0277136 0 
0.15708 0.363052 0.323587 0.0879696 0.266295 0.416286 0.42316 0.454465 0.476825 0.486772 0.431164 0.499267 0.552181 0.45973 0.518106 0.652453 0.836908 0.841662 0.825794 0.834439 0.789102 0.850424 0.962064 1 0.934119 0.934905 0.902301 0.701935 0.626623 0.538404 0.329046 0.229499 0.128216 0.326232 0.352971 0.226915 0.225454 0.225954 0.160342 0.198584 0.314302 0.333211 0.0398293 0.159495 0.263577 0.2404 0.1954 0.218029 0.122161 0.231515 0.158367 0.233951 0.483117 0.730994 0.303855 0.310256 0.321023 0.20595 0.030303 0.0692841 1 
0.478614 0.243892 0.271682 0.0746553 0.0991631 0.17979 0.199675 0.237045 0.337332 0.246675 0.365802 0.570487 0.498489 0.176446 0.281773 0.394565 0.568646 0.666701 0.58826 0.4497 0.288153 0.183417 0.160962 0.148243 0.229918 0.199912 0.262948 0.449876 0.694602 0.730904 0.814605 0.851157 0.655046 0.713302 0.738161 0.815423 0.936038 1 0.883618 0.756427 0.746149 0.713309 0.597181 0.468822 0.212113 0.166758 0.236509 0.35879 0.291772 0.284848 0.134462 0.189729 0.480519 0.0964912 0.0680272 0.0564103 0.0596591 0.363844 0.297521 0.168591 0 
0.702802 0.349336 0.201708 0.130766 0.139488 0.296963 0.246483 0.919074 0.839479 0.702417 0.453566 0.214537 0.272348 0.290193 0.420604 0.52412 0.216247 0.156779 0.148748 0.820312 1 0.394336 0.0420685 0.173036 0.223258 0.316004 0.253388 0.325957 0.368608 0.490039 0.199891 0.329252 0.451958 0.625755 0.662985 0.735383 0.765909 0.770407 0.676471 0.560131 0.27817 0.181807 0.261089 0.287426 0.600085 0.420598 0.240674 0.404013 0.533569 0.604848 0.205179 0.0927247 0.197403 0.856725 0.417234 0.533333 0.349432 0.453089 0.575758 0.0808314 1 
0.212389 0.148736 0.156045 0.130766 0.0253614 0.336469 0.387446 0.235502 0.276914 0.320463 0.369914 0.377491 0.200662 0 0.0643996 0.13047 0.178323 0.235844 0.245529 0.389234 0.545215 0.692261 0.70817 0.756377 0.922336 1 0.997794 0.824722 0.698864 0.69543 0.698747 0.511907 0.221254 0.0802332 0.0565613 0.028629 0.133501 0.149735 0.103099 0.0797386 0.0152866 0.160073 0.200698 0.199433 0.187518 0.13508 0.227816 0.285714 0.246845 0.292121 0.0418327 0.11127 0.106494 0.339181 0.0680272 0.0794872 0.0880682 0.173913 0.0964187 0.0969977 1 
0.235988 0.108015 0.125821 0.121731 0.11717 0.265789 0.453463 0.359206 0.265067 0.364221 0.411031 0.486079 0.422053 0.174487 0.175444 0.267861 0.261216 0.373403 0.537029 0.672089 0.78594 0.739495 0.809579 0.924291 0.878074 0.869369 0.926568 0.995368 0.855519 0.581229 0.37624 0.231409 0.12265 0.0983572 0.0749719 0 0.0383774 0.0575023 0.0551339 0.110022 0.0594094 0.117705 0.253976 0.290647 0.25789 0.275919 0.305686 0.310572 0.252903 0.164848 0.129482 0.159772 0.0883117 0.125731 0.126984 0.107692 0.119318 0.0434783 0.0110193 0.0577367 1 
0.248525 0.0471496 0.0578187 0.0977175 0.169921 0.291051 0.446429 0.327674 0.205983 0.400257 0.289097 0.29323 0.329063 0.132721 0.347076 0.320171 0.202052 0.189922 0.210288 0.371575 0.278879 0.610572 0.560665 0.323328 0.237807 0.515255 0.805127 0.685159 0.694095 0.857249 0.593787 0.36621 0.658721 0.899311 0.778766 0.753226 0.594577 0.450244 0.0928737 0.650327 0.806254 0.722955 0.443683 0.232285 0.338072 0.469556 0.417059 0.206349 0.109036 0.568485 0.424303 0.482168 0.397403 0.421053 0.23356 0.112821 0.261364 0.02746 0.198347 0.140878 0 
0.137906 0.042006 0.10184 0.0430338 0.187674 0.383499 0.303301 0.12194 0.183918 0.179751 0.0785481 0.00483587 0.154023 0.285965 0.557027 0.794932 0.828101 0.79813 0.854408 0.868258 0.938132 0.938963 0.937374 1 0.971824 0.92389 0.931821 0.723858 0.433949 0.280281 0.400981 0.47259 0.373202 0.295495 0.2287 0.127823 0.239449 0.194655 0.129349 0.14902 0.0561668 0.0626374 0.110565 0.162587 0.163918 0.0781679 0.077146 0.127284 0.118627 0.00727273 0.187251 0.169757 0.197403 0.166667 0.0839002 0.15641 0.130682 0.116705 0.198347 0.110855 0 
0.457227 0.301329 0.14389 0.0653828 0.0299265 0.311207 0.265693 0.410805 0.486747 0.541542 0.621721 0.790739 0.766086 0.419717 0.303039 0.338897 0.375712 0.363636 0.503471 0.700128 0.757799 0.85298 0.860973 0.921729 1 0.962771 0.981301 0.728283 0.407265 0.245552 0.304959 0.369131 0.312192 0.280975 0.065562 0.367339 0.469932 0.322866 0.152435 0.111656 0.0995947 0.313187 0.576878 0.608864 0.46389 0.195145 0.0706266 0.121593 0.156991 0.104242 0.153386 0.0570613 0.0519481 0.225146 0.14966 0.233333 0.235795 0.187643 0.107438 0.103926 1 
0.0619469 0.204886 0.0932983 0.0568236 0.148364 0.262026 0.630411 0.513782 0 0.252967 0.165462 0.242673 0.43069 0.110034 0.214465 0.233666 0.2321 0.250494 0.189775 0 0.0979132 0.0981495 0.117092 0.158181 0.229098 0.181628 0.0583044 0.522026 0.708198 0.604879 0.465831 0.630308 0.706815 0.638262 0.562749 0.750302 0.91417 0.922221 0.984398 1 1 0.959096 0.724169 0.365627 0.626528 0.755211 0.784317 0.870021 1 0.944242 0.394422 0.235378 0.374026 0.307018 0.444444 0.346154 0.0738636 0.359268 0.289256 0.295612 0 
0.0368732 0.0497214 0.0174113 0.0118878 0.0380421 0.0489116 0.133658 0.114664 0.144973 0.142428 0.0918758 0.0866061 0.105945 0.0657935 0.146053 0.153063 0.0952233 0.103792 0.0632232 0.0674229 0.172218 0.272978 0.389425 0.607417 0.812193 0.958365 0.819309 0.56937 0.458908 0.311708 0.244687 0.113008 0.145542 0.208161 0.218574 0.165827 0.0260223 0.0247478 0.155598 0.254357 0.30388 0.364469 0.294194 0.190673 0.156668 0.161547 0.110105 0.0997305 0.139324 0.121212 0.0229084 0.0870185 0.0519481 0.0497076 0.104308 0.0820513 0.0653409 0.0755149 0.0137741 0.0669746 0 
0.239676 0.265324 0.120237 0.0473134 0.0948516 0.248589 0.339286 0.39581 0.380868 0.572573 0.70268 0.748095 0.772996 0.37558 0.292808 0.296458 0.276863 0.243532 0.520619 0.778682 0.86836 0.863715 0.693441 0.683537 0.722029 0.866946 1 0.981062 0.896916 0.578992 0.485232 0.557965 0.431482 0.285745 0.0563568 0.218649 0.136781 0.371738 0.605735 0.553268 0.227099 0.52674 0.491013 0.556815 0.695479 0.260697 0.170228 0.408506 0.457345 0.174545 0.327689 0.189729 0.0363636 0.166667 0.210884 0.0974359 0.153409 0.10984 0.0881543 0.120092 1 
