sonar 61 105
0.235988 0.108015 0.125821 0.121731 0.11717 0.265789 0.453463 0.359206 0.265067 0.364221 0.411031 0.486079 0.422053 0.174487 0.175444 0.267861 0.261216 0.373403 0.537029 0.672089 0.78594 0.739495 0.809579 0.924291 0.878074 0.869369 0.926568 0.995368 0.855519 0.581229 0.37624 0.231409 0.12265 0.0983572 0.0749719 0 0.0383774 0.0575023 0.0551339 0.110022 0.0594094 0.117705 0.253976 0.290647 0.25789 0.275919 0.305686 0.310572 0.252903 0.164848 0.129482 0.159772 0.0883117 0.125731 0.126984 0.107692 0.119318 0.0434783 0.0110193 0.0577367 1 
0.376844 0.238748 0.395532 0.272943 0.0453969 0.247245 0.136905 0.0846748 0.32815 0.217217 0.319722 0.376758 0.406938 0.318449 0.300231 0.216059 0.265361 0.0977662 0.0691142 0.294092 0.532251 0.629792 0.634736 0.731995 0.644877 0.49587 0.671919 0.724681 0.769278 0.811335 0.905177 0.977758 0.653996 0.623211 0.744809 0.473286 0.143779 0.350005 0.35895 0.216667 0.639954 0.680342 0.333247 0.675728 0.874183 0.702551 0.613003 0.448937 0.275618 0.327273 0.378486 0.472183 0.374026 0.950292 0.839002 0.435897 0.366477 0.228833 1 0.466513 1 
0.109882 0.266181 0.237516 0.130766 0.0420999 0.254233 0.353084 0.129879 0.214275 0.0953811 0.212959 0.358294 0.230891 0.0789935 0.195506 0.31264 0.352191 0.229714 0.335157 0.305223 0.536889 0.512422 0.519869 0.687942 0.62623 0.642802 0.842315 0.796727 0.651278 0.849899 0.672807 0.55774 0.277329 0.376365 0.26368 0.0801411 0.324513 0.400749 0.150748 0.394989 0.494152 0.190232 0.322514 0.412523 0.322007 0.157159 0.0862007 0.28242 0.415952 0.207273 0.243028 0.356633 0.358442 0.631579 0.410431 0.464103 0.303977 0.208238 0.212121 0.244804 1 
0.528024 0.53279 0.54205 0.341893 0.348973 0.717012 0.682359 0.36538 0.0579002 0.143143 0.205586 0.428488 0.441198 0.195009 0.200622 0.246082 0.149933 0.212675 0.327688 0.123502 0.220489 0.649525 0.971813 0.975105 0.803176 0.616808 0.465805 0.522746 0.761465 0.493981 0.503433 0.428555 0.386748 0.179544 0 0.417238 0.562541 0.218363 0.175311 0.284532 0.286856 0.538095 0.410966 0.103968 0.169463 0.292649 0.586925 0.882001 0.744069 0.255758 0.359562 0.621969 0.584416 0.818713 0.306122 0.402564 0.494318 0.437071 0.567493 0.117783 1 
0.278024 0.0437205 0.0827858 0.0473134 0.0869896 0.104542 0.275974 0.360529 0.300607 0.337194 0.339005 0.412222 0.385634 0.208415 0.113753 0.19998 0.177495 0.191896 0.288975 0.393193 0.480502 0.585318 0.690368 0.758324 0.885041 0.968168 0.987394 0.98065 0.945617 0.844679 0.651226 0.336217 0.351885 0.317117 0.113327 0.0362903 0.0965449 0.171259 0.135041 0.100871 0.0817603 0.250794 0.312557 0.210126 0.109326 0.0991498 0.165158 0.243187 0.250379 0.122424 0.0886454 0.10699 0.194805 0.0467836 0.165533 0.0974359 0.193182 0.0938215 0.0578512 0.0184758 1 
0.151917 0.0252893 0.0489488 0.101997 0.114634 0.200752 0.210768 0.392062 0.318821 0.242671 0.320431 0.402696 0.351231 0.167062 0.0638981 0.254834 0.406694 0.614649 0.766674 0.752354 0.799642 0.845926 0.940659 0.943653 0.964652 0.784668 0.471478 0.378345 0.376623 0.528497 0.744087 0.914963 0.93962 0.902385 0.659712 0.465121 0.130658 0.141936 0.341134 0.554575 0.557846 0.445177 0.289668 0.105128 0.0561558 0.107652 0.190511 0.309674 0.385664 0.261818 0.166335 0.115549 0.119481 0.0146199 0.156463 0.138462 0.0369318 0.153318 0.201102 0.073903 1 
0.0420354 0.00900129 0.0243101 0.000713267 0.0895257 0.205052 0.310877 0.208159 0.281505 0.315315 0.309514 0.387456 0.279545 0.0448592 0.116662 0.269286 0.401202 0.509506 0.56417 0.588292 0.657778 0.782538 0.891279 0.982379 1 0.830378 0.585566 0.283244 0 0.203792 0.419946 0.507077 0.517904 0.609327 0.513961 0.372681 0.220643 0.139025 0.158866 0.341285 0.256514 0.289011 0.349929 0.299279 0.245095 0.199808 0.212785 0.259958 0.19788 0.158788 0.0916335 0.0998573 0.171429 0.207602 0.0634921 0.153846 0.0965909 0.0755149 0.030303 0.0715935 1 
0.25885 0.177883 0.160644 0.0456491 0.134162 0.0403117 0.250271 0.206395 0.199023 0.247962 0.274068 0.353458 0.334533 0.208106 0.152874 0.173112 0.21117 0.308571 0.498527 0.64512 0.764545 0.788161 0.78171 0.910767 0.948566 0.981826 1 0.945554 0.821124 0.600724 0.403161 0.315098 0.229024 0.210281 0.139613 0.0484879 0.0652744 0.136945 0.0889732 0.126906 0.003011 0.155433 0.301435 0.317959 0.278647 0.272216 0.284317 0.275831 0.277133 0.235152 0.165339 0.17689 0.0571429 0.0350877 0.120181 0.0307692 0.0625 0.0320366 0.0716253 0.0484988 1 
0.421829 0.516074 0.411629 0.342368 0.347198 0.123354 0.21618 0.136053 0.192063 0.320177 0.413866 0.589244 0.722182 0.478602 0.593741 0.7184 0.900425 0.907636 0.865664 0.752354 0.71817 0.511502 0.268518 0.300482 0.207992 0.0791937 0.132892 0.159634 0.193182 0.113029 0.249046 0.303303 0.306836 0.448225 0.493301 0.275605 0.145419 0.233961 0.298018 0.197821 0.0664737 0.0472527 0.100866 0.0930173 0.0575775 0.0758365 0.195762 0.34112 0.387178 0.321212 0.214143 0.46077 0.275325 0.22807 0.344671 0.302564 0.0994318 0.224256 0.625344 0.272517 1 
0.0818584 0.219889 0.19908 0.109368 0.254882 0.667831 0.614448 0.44366 0.494743 0.596454 0.386502 0.142292 0.448395 0.560379 0.695255 0.97588 1 0.926545 0.601304 0.420591 0.473124 0.492076 0.690792 0.838131 0.80625 0.745567 0.800924 0.609201 0.224432 0.211143 0.634005 0.714222 0.254752 0.443137 0.849545 0.715726 0.486551 0.569096 0.487244 0.299455 0.0279097 0.135653 0.353938 0.362278 0.295422 0.0905101 0.0889171 0.103324 0.0868248 0.347879 0.0268924 0.285307 0.111688 0.552632 0.272109 0.0461538 0.0965909 0.0709382 0.311295 0.163972 0 
0.275074 0.136305 0.221091 0.199715 0.304337 0.379737 0.568452 0.564057 0.408263 0.372515 0.475826 0.541911 0.526702 0.454161 0.534958 0.474354 0.464822 0.570078 0.745319 0.678617 0.675169 0.860239 0.905372 0.932999 0.783197 0.844146 0.922366 0.699465 0.571733 0.490252 0.438474 0.306111 0.101964 0.0883943 0.163343 0.14506 0.0728187 0.109702 0.170251 0.209368 0.280023 0.344689 0.172119 0.146869 0.186238 0.196517 0.113003 0.0299491 0.04947 0.158788 0.151394 0.352354 0.171429 0.739766 0.165533 0.274359 0.295455 0.148741 0.264463 0.140878 1 
0.188053 0.0368624 0.042707 0.0523062 0.0874968 0.176028 0.268669 0.238809 0.106471 0.201201 0.196512 0.166178 0.169426 0.11055 0.211957 0.528394 0.671537 0.542857 0.273406 0.275043 0.412943 0.547388 0.553036 0.60793 0.808607 0.980064 0.981406 0.914162 0.738535 0.758815 0.870954 0.780499 0.650425 0.622258 0.615322 0.593952 0.586486 0.505251 0.269133 0.154575 0.190272 0.241148 0.2854 0.229065 0.192351 0.188289 0.135639 0.14136 0.164059 0.21697 0.0448207 0.108417 0.012987 0.0233918 0.14059 0.0897436 0.332386 0.295195 0.190083 0.189376 0 
0.119469 0.126018 0.0896846 0.0798859 0.142785 0.113948 0.177219 0.127453 0.0812972 0.0715001 0.197221 0.474795 0.630056 0.506858 0.629652 0.716365 0.497772 0.357714 0.226173 0.287778 0.45879 0.65525 0.723323 0.919373 1 0.752175 0.537031 0.606011 0.861506 0.636945 0.467357 0.514379 0.29959 0.303551 0.271351 0.216331 0.0484365 0.0228762 0.0714738 0.053268 0.135495 0.113187 0.212466 0.244911 0.157378 0.262891 0.265665 0.1174 0.179707 0.327273 0.167331 0.134094 0.303896 0.0994152 0.156463 0.307692 0.272727 0.12357 0.0853994 0.0300231 0 
0.218289 0.207887 0.222405 0.183785 0.00304337 0.026337 0.256494 0.211907 0.288761 0.0935221 0.209556 0.33983 0.378293 0.252552 0.320594 0.335945 0.522847 0.782961 0.901536 0.86098 0.754637 0.27993 0.379888 0.594611 0.301025 0.28208 0.596386 0.799197 0.623478 0.467242 0.582888 0.702763 0.382968 0.111076 0.231564 0.463306 0.550077 0.28772 0.18638 0.188562 0.15275 0.277411 0.131256 0.0918578 0.0874325 0.106829 0.137812 0.25307 0.298839 0.0824242 0.0886454 0.112696 0.0701299 0.350877 0.412698 0.248718 0.642045 0.409611 0.123967 0.073903 0 
0.337758 0.215602 0.264126 0.28388 0.435202 0.797635 0.804924 0.50871 0.556049 0.521379 0.387353 0.391706 0.304736 0.117356 0.155582 0.230816 0.427417 0.580675 0.657479 0.782641 0.822829 0.776403 0.854403 0.730458 0.397746 0.184492 0.305809 0.360642 0.440747 0.603814 0.759346 0.777803 0.7589 0.811659 0.595786 0.582661 0.659742 0.717064 0.62355 0.56634 0.429531 0.211844 0.210138 0.32556 0.270543 0.225315 0.109381 0.0625936 0.220091 0.212121 0.106574 0.263909 0.293506 0.157895 0.0816327 0.128205 0.130682 0.180778 0.0743802 0.0484988 0 
0.164454 0.133733 0.133706 0.0810747 0.182856 0.178447 0.229437 0.239912 0.224937 0.276705 0.335035 0.419695 0.316252 0.16964 0.140335 0.160085 0.148378 0.257351 0.477803 0.589683 0.748735 0.808302 0.766133 0.875832 0.878381 0.941624 1 0.973137 0.84233 0.589965 0.416349 0.310155 0.251181 0.191309 0.100542 0.019254 0.0250383 0.0914006 0.0738984 0.10512 0 0.139316 0.26652 0.264623 0.266989 0.280719 0.310757 0.320156 0.240787 0.206061 0.185259 0.125535 0.171429 0.216374 0.0725624 0.0564103 0.0710227 0.0228833 0.0936639 0.124711 1 
0.160767 0.166309 0.131735 0.116262 0.234847 0.379737 0.443994 0.321499 0.24404 0.280995 0.134694 0 0.228444 0.29308 0.497442 0.66609 0.75702 0.842597 0.979487 1 1 0.999182 0.901134 0.672472 0.498258 0.417998 0.472634 0.608481 0.712967 0.607542 0.334823 0.280049 0.403129 0.379332 0.224813 0.0870968 0 0.0479359 0.0068522 0.110349 0.195136 0.22967 0.107849 0.193507 0.238129 0.145091 0.201195 0.254268 0.300858 0.243636 0.0707171 0.136947 0.148052 0.0467836 0.0430839 0.146154 0.0994318 0.224256 0.212121 0 1 
0.0582596 0.259323 0.368265 0.27223 0.0852143 0.302338 0.666126 0.994708 0.964312 0.710139 0.434 0.0876319 0.405931 0.379911 0.374962 0.373092 0.0930474 0.102649 0.22975 0.913099 0.976707 0.308455 0.146339 0.167503 0.0660861 0.277784 0.259691 0.578839 0.448458 0.71599 0.162071 0.26803 0.602226 0.897615 0.858955 0.9375 0.872075 0.945929 0.669408 0.470479 0.556225 0.458242 0.201345 0.186679 0.378448 0.247669 0.307678 0.766397 0.569914 0.243636 0.478088 0.322397 0.441558 1 0.344671 0.825641 0.5625 0.377574 0.672176 0.341801 1 
0.0390855 0.096871 0.163601 0.0917737 0.0461577 0.143779 0.105249 0.237045 0.271879 0.337766 0.186729 0.100528 0.318699 0.303908 0.427726 0.253409 0.0328463 0.110857 0.197665 0.207513 0.20879 0.376649 0.616827 0.798894 0.695287 0.655689 0.684526 0.851585 1 0.959625 0.927956 0.805549 0.674682 0.58018 0.426818 0.450202 0.285152 0.125195 0.138098 0.078976 0.0941517 0.207326 0.352774 0.21966 0.0275803 0.0292101 0.0641072 0.125786 0.046946 0.247273 0.198207 0.235378 0.41039 0.131579 0.0884354 0.164103 0.107955 0.112128 0.53168 0.228637 0 
0.181416 0.111444 0.0683311 0.164289 0.328937 0.379199 0.347132 0.352591 0.264919 0.2717 0.368779 0.500293 0.478768 0.332268 0.430735 0.532872 0.610092 0.675429 0.71902 0.79741 0.830944 0.860137 0.867225 0.959738 0.970902 0.903183 0.850404 0.876287 0.768669 0.543092 0.412207 0.275893 0.276909 0.196502 0.0963486 0.0105847 0.10398 0.218051 0.13346 0.107407 0.206601 0.241392 0.244019 0.176501 0.195621 0.0421009 0.067548 0.181491 0.201413 0.204848 0.134462 0.305278 0.441558 0.342105 0.0362812 0.307692 0.144886 0.0411899 0.0743802 0.039261 1 
0.0530973 0.0171453 0.021682 0.040894 0.131626 0.155872 0.25974 0.145976 0.0741892 0.100815 0.14547 0.238277 0.374982 0.237806 0.221587 0.244861 0.267744 0.271792 0.360825 0.431828 0.543107 0.638483 0.658154 0.751767 0.882787 0.936006 1 0.852203 0.67431 0.529882 0.399455 0.285554 0.162554 0.0504505 0.0969623 0.209375 0.203914 0.24883 0.204301 0.144553 0.133526 0.206227 0.227079 0.183458 0.129087 0.0189248 0.084933 0.143756 0.0802625 0.0545455 0.0149402 0.0627675 0.0857143 0.201754 0.244898 0.117949 0.0767045 0.139588 0.157025 0.0554273 0 
0.457227 0.301329 0.14389 0.0653828 0.0299265 0.311207 0.265693 0.410805 0.486747 0.541542 0.621721 0.790739 0.766086 0.419717 0.303039 0.338897 0.375712 0.363636 0.503471 0.700128 0.757799 0.85298 0.860973 0.921729 1 0.962771 0.981301 0.728283 0.407265 0.245552 0.304959 0.369131 0.312192 0.280975 0.065562 0.367339 0.469932 0.322866 0.152435 0.111656 0.0995947 0.313187 0.576878 0.608864 0.46389 0.195145 0.0706266 0.121593 0.156991 0.104242 0.153386 0.0570613 0.0519481 0.225146 0.14966 0.233333 0.235795 0.187643 0.107438 0.103926 1 
0.175516 0.343763 0.161629 0.0442225 0.420238 1 1 0.777949 0.496668 0.298012 0.335177 0.43772 0.777026 0.685057 0.79366 0.711378 0.327738 0.169662 0.229539 0.389876 0.50253 0.334322 0.0918724 0.534167 0.624795 0.74799 0.667822 0.795698 0.804485 0.819964 0.79673 0.521793 0.0982884 0.2708 0.497187 0.474496 0.109884 0.199231 0.254902 0.404793 0.297973 0.134188 0.220484 0.16671 0.129229 0.109709 0.10268 0.0592992 0.0575467 0.18303 0.0846614 0.242511 0.176623 0.201754 0.0725624 0.287179 0.0852273 0.0823799 0.220386 0.108545 0 
0.231563 0.0900129 0.121879 0.135283 0.276693 0.370868 0.546807 0.341786 0.363838 0.365937 0.392315 0.428634 0.306607 0.185006 0.177851 0.269286 0.422132 0.578909 0.642436 0.555223 0.424431 0.467232 0.538625 0.516545 0.704406 1 0.954197 0.597571 0.504058 0.360818 0 0.16266 0.17946 0.12973 0.156899 0.135887 0.141373 0.281377 0.345456 0.471024 0.405211 0.33663 0.160093 0.122778 0.170742 0.113138 0.111916 0.0422282 0.0545179 0.150303 0.103586 0.124108 0.379221 0.143275 0.0204082 0.125641 0.0369318 0.0892449 0.143251 0.157044 1 
0.122419 0.0600086 0.00361367 0.0197337 0.0897794 0.0997044 0.0887446 0.151268 0.195913 0.133276 0.0871969 0.0637456 0.117029 0.0807466 0.031598 0.108793 0.132318 0.340468 0.291185 0.250321 0.168318 0.192721 0.16128 0.209302 0.0519467 0.115431 0.378716 0.627933 0.794034 0.734526 0.548774 0.203325 0.440512 0.452252 0.212131 0.318044 0.451454 0.540501 0.648218 0.570479 0.245281 0.270085 0.231217 0.115692 0.0762013 0.0512891 0.179283 0.286313 0.16002 0.172121 0.0756972 0.306705 0.649351 0.394737 0.514739 0.0948718 0.0426136 0.102975 0.242424 0.182448 0 
0.217552 0.092156 0.137319 0.0316215 0.227492 0.463585 0.290314 0.363175 0.404117 0.617618 0.699419 0.787661 0.747805 0.389296 0.222088 0.165072 0.201844 0.243636 0.496003 0.668022 0.810497 0.875268 0.745682 0.755763 0.708197 0.701289 0.86196 0.949465 0.832386 0.545116 0.422997 0.436419 0.395149 0.31203 0.108827 0.140827 0.187076 0.209733 0.50622 0.550218 0.130979 0.287057 0.441614 0.578974 0.657378 0.27441 0.140348 0.368973 0.395255 0.107879 0.248008 0.279601 0.14026 0.125731 0.165533 0.0846154 0.0340909 0.121281 0.181818 0.110855 1 
0.137168 0.00857265 0.0404074 0.000951022 0.0167385 0.0131685 0.137446 0.0341786 0.0636754 0.140712 0.0782646 0.103458 0.146826 0.0151593 0 0 0.0284945 0.182026 0.309489 0.337864 0.349178 0.464676 0.609304 0.746235 0.864242 0.866505 0.779494 0.830897 0.962561 0.959412 0.954114 0.954729 0.969337 1 0.784392 0.526915 0.258802 0.163253 0.105735 0.32549 0.397221 0.494383 0.433855 0.386241 0.390674 0.277564 0.188881 0.135669 0.170116 0.147879 0.0717131 0.142653 0.168831 0.154971 0.0544218 0.0179487 0.0113636 0.0480549 0.15427 0.0877598 0 
0.323009 0.221603 0.272011 0.150024 0.283033 0.666756 0.574405 0.755458 0.483045 0.394537 0.656316 0.925557 0.969483 0.77591 0.745611 0.944637 1 0.883013 0.792131 0.766481 0.495363 0.391882 0.359648 0.376498 0.308402 0.251019 0.293098 0.255558 0.434152 0.15074 0.360327 0.285666 0.158248 0.225649 0.11077 0.413508 0.380932 0.0700842 0.15486 0.201852 0.152171 0.0643468 0.181172 0.20974 0.0882855 0.0278387 0.0959797 0.222222 0.206461 0.0739394 0.124502 0.108417 0.218182 0.111111 0.199546 0.479487 0.389205 0.105263 0.140496 0.0877598 0 
0.109882 0.0715817 0.109067 0.00285307 0.0304337 0.152916 0.276786 0.141566 0.131349 0.019734 0.0725932 0.120164 0.155751 0.0636279 0.0167519 0.0988195 0.256657 0.297039 0.28866 0.393515 0.585582 0.759943 0.915545 0.971212 0.91875 0.729596 0.820254 0.887505 0.726968 0.66933 0.582779 0.508987 0.275543 0.0099629 0.0021479 0.103629 0.135906 0.102735 0.034261 0.0364924 0.03011 0.166667 0.206518 0.178305 0.052886 0.09435 0.157008 0.153639 0.0464412 0.24 0.11753 0.116976 0.566234 0.494152 0.176871 0.164103 0.0823864 0.0732265 0.151515 0.0785219 0 
0.0560472 0.088727 0.0627464 0.106277 0.149632 0.18624 0.253517 0.180154 0.098919 0.103532 0.182901 0.0970106 0.0179934 0.163246 0.294714 0.190311 0.0948088 0.132987 0.122765 0.153574 0.189503 0.433596 0.643319 0.68579 0.760553 0.802401 0.689988 0.748868 0.742898 0.615106 0.47564 0.328466 0.512339 0.903975 0.854045 0.669153 0.338399 0.28772 0.245731 0.270261 0.275854 0.43199 0.566662 0.316929 0.107762 0.0256445 0.144332 0.224019 0.18526 0.187879 0.298805 0.148359 0.277922 0.269006 0.0453515 0.238462 0.269886 0.0915332 0.192837 0.235566 0 
0.550885 0.282898 0.153088 0.0798859 0.13264 0.147003 0.318182 0.531863 0.516659 0.621479 0.54771 0.544549 0.586152 0.398268 0.451098 0.525544 0.720858 0.604468 0.161793 0.425942 0.383221 0.41642 0.547526 0.528634 0.299283 0.150237 0.684316 1 0.7222 0.437946 0.503651 0.56785 0.252441 0.081505 0.176741 0.413407 0.465012 0.294686 0.259013 0.251961 0.187493 0.291575 0.238847 0.108348 0.0983793 0.0724081 0.0646505 0.0254567 0.116103 0.0557576 0.155378 0.0328103 0.127273 0.277778 0.235828 0.0282051 0.196023 0.102975 0.292011 0.203233 0 
0.0685841 0.0342906 0.0141261 0.0955777 0.173726 0.210965 0.265693 0.0968026 0.0587887 0.04004 0.115837 0.172333 0.290485 0.278746 0.40977 0.467332 0.522329 0.613403 0.690722 0.777183 0.946564 1 0.962382 0.941809 0.8625 0.768146 0.632419 0.4331 0.466213 0.590178 0.484687 0.313525 0.342119 0.331108 0.0847908 0.0595766 0.00306145 0.00811064 0.139469 0.223529 0.152519 0.0717949 0.0205612 0.100232 0.0928348 0.0287987 0.0921767 0.115903 0.132256 0.122424 0.160359 0.0299572 0.18961 0.304094 0.174603 0.138462 0 0.0457666 0.0688705 0.0484988 0 
0.143805 0.0492928 0.0617608 0.232525 0.407811 0.0849234 0.186688 0.170452 0.0620465 0.0819391 0.118531 0.220545 0.36361 0.290193 0.355502 0.492164 0.586675 0.633247 0.796655 0.893836 0.884696 0.932318 1 0.908001 0.845902 0.765062 0.757117 0.76513 0.621347 0.392884 0.173842 0.0891934 0.124226 0.255008 0.3722 0.390927 0.31675 0.199542 0.3035 0.425381 0.461378 0.48254 0.435795 0.324401 0.298692 0.161958 0.208258 0.16472 0.147905 0.221818 0.103586 0.155492 0.249351 0.149123 0.0566893 0.24359 0.21875 0.237986 0.440771 0.293303 1 
0.0154867 0.0308616 0.0252957 0.0782216 0.117423 0.294276 0.327381 0.214112 0.172368 0.110825 0.0918758 0.14786 0.203685 0.130865 0.182064 0.15978 0.116879 0.142649 0.101094 0.09878 0.183917 0.179532 0.297234 0.572585 0.846824 1 0.837903 0.652532 0.549919 0.352828 0.299837 0.185352 0.151528 0.213567 0.299069 0.220565 0.0485458 0.0379536 0.0838077 0.201743 0.26161 0.299267 0.256433 0.122133 0.132357 0.132337 0.0689967 0.130279 0.169611 0.0666667 0.0786853 0.158345 0.12987 0.0730994 0.0680272 0 0.0426136 0.105263 0.0633609 0.0230947 0 
0.304572 0.235319 0.227661 0.133143 0.291149 0.382155 0.40855 0.0740904 0.079224 0 0.136963 0.327814 0.406938 0.358255 0.450296 0.532261 0.646462 0.700052 0.747738 0.857877 0.833052 0.792864 0.828865 0.930028 0.851947 0.577266 0.384284 0.307225 0.300731 0.206775 0.314441 0.45619 0.474955 0.519237 0.508438 0.45756 0.424557 0.414786 0.411765 0.470153 0.386798 0.399023 0.331566 0.32556 0.30381 0.245337 0.182905 0.158131 0.228672 0.14303 0.00896414 0.191155 0.451948 0.201754 0.122449 0.325641 0.244318 0.185355 0.30854 0.0993072 1 
0.0176991 0.0244321 0.0450066 0.0660961 0.0616282 0.0489116 0.0982143 0.0478501 0.0367244 0.048477 0.0287821 0.111372 0.178494 0.0949778 0.0598856 0.0758193 0.0857942 0.109506 0.0766884 0.0479452 0.140704 0.357428 0.404684 0.560189 0.657172 0.721996 0.753546 0.851276 0.971591 0.917013 0.765123 0.764435 0.764465 0.61929 0.490744 0.445464 0.393177 0.405324 0.427577 0.395643 0.186682 0.0555556 0.102548 0.163489 0.217941 0.0946242 0.0727997 0.159928 0.115093 0.0884848 0.061753 0.0770328 0.298701 0.122807 0.113379 0.228205 0.110795 0 0.143251 0.0692841 0 
0.205752 0.05015 0.0335085 0.0130766 0.109054 0.240795 0.349838 0.234179 0.430772 0.48048 0.558911 0.704572 0.727364 0.425389 0.321497 0.284348 0.304321 0.296727 0.424364 0.608198 0.688449 0.827625 0.835647 0.847557 0.91168 0.998348 1 0.747221 0.4583 0.352722 0.366975 0.479667 0.395674 0.305564 0.0541066 0.282762 0.406845 0.289799 0.262703 0.274183 0.0209612 0.221978 0.447304 0.598557 0.620699 0.35395 0.238863 0.151243 0.0565371 0.0715152 0.0408367 0.0684736 0.257143 0.201754 0.0181406 0.128205 0.0340909 0.00686499 0.220386 0.0854503 1 
0.221239 0.105444 0.0499343 0.100095 0.211768 0.256651 0.268128 0.254465 0.172664 0.20306 0.26074 0.337046 0.360155 0.260905 0.186077 0.134643 0.187649 0.212156 0.262466 0.28735 0.345067 0.382067 0.494755 0.683741 0.781557 0.81683 0.915853 1 0.897524 0.622457 0.59782 0.443833 0.264622 0.220668 0.168047 0.084879 0.161601 0.141416 0.219376 0.249455 0.249913 0.381929 0.217897 0.0869621 0.16861 0.251371 0.340094 0.333633 0.156487 0.173333 0.13745 0.142653 0.148052 0.0994152 0.14966 0.00769231 0.144886 0.0732265 0 0.113164 1 
0.0693215 0.037291 0.0348226 0.0760818 0.155212 0.204515 0.262716 0.134289 0.128239 0.131989 0.0968382 0.0388335 0.196056 0.322883 0.478784 0.652147 0.76562 0.774234 0.805596 0.799765 0.82051 0.85022 0.880259 0.886692 0.895492 0.963322 1 0.910869 0.671469 0.431022 0.262997 0.287014 0.133256 0.201378 0.239951 0.221371 0.196589 0.126651 0 0 0.0148234 0.0283272 0.0772016 0.0555269 0.0524595 0.00342841 0.0592177 0.0769692 0.0918728 0.130909 0.123506 0.0984308 0.0467532 0.312865 0.106576 0.187179 0.207386 0.121281 0.14876 0.0762125 0 
0.0855457 0.0835834 0.00985545 0.0378031 0.0413391 0.101854 0.191829 0.061301 0.191619 0.281138 0.284418 0.257034 0.143947 0.166856 0.292707 0.527275 0.673609 0.784208 0.81275 0.709974 0.720911 0.787138 0.794108 0.477308 0.173566 0.220619 0.606576 0.85035 0.895089 0.76787 0.510736 0.498315 0.373937 0.339057 0.26859 0.229133 0.256724 0.422065 0.416614 0.348257 0.0966995 0.196947 0.478728 0.395774 0.134347 0.211876 0.252445 0.231207 0.310449 0.278788 0.110558 0.228245 0.21039 0.102339 0.126984 0.15641 0.0767045 0.144165 0.077135 0.108545 1 
0.079646 0.00685812 0.0594612 0.0351878 0.0286584 0.104811 0 0.075634 0.106027 0.0517661 0.122359 0.0416178 0.145099 0.172218 0.181463 0.194891 0.166511 0.13039 0.0761624 0.0386344 0.0887437 0.300378 0.432553 0.580576 0.669672 0.792819 0.852295 0.920543 0.836343 0.705763 0.633243 0.536621 0.435997 0.534499 0.503631 0.388004 0.101465 0.00291151 0.0514442 0.110458 0.109554 0.207692 0.342429 0.251868 0.0932613 0.0795392 0.0577689 0.0901468 0.137304 0.089697 0.148406 0.166904 0.335065 0.0467836 0.0725624 0.0358974 0.3125 0.125858 0.126722 0.150115 0 
0.294248 0.184312 0.141919 0.186876 0.0892721 0.299113 0.532738 0.322161 0.110025 0.266266 0.286403 0.408705 0.540377 0.492627 0.585916 0.656218 0.732359 0.792831 0.837576 0.779431 0.873946 0.834782 0.772385 0.844176 0.73709 0.607115 0.528732 0.332956 0.306818 0.291147 0.171553 0.0705459 0.282579 0.405723 0.415158 0.449395 0.366608 0.349173 0.365591 0.367865 0.465547 0.513919 0.369068 0.361762 0.340489 0.0506034 0.145781 0.162025 0.0893488 0.0787879 0.221116 0.0527817 0.34026 0.30117 0.106576 0.412821 0.392045 0.169336 0.674931 0.443418 1 
0.0619469 0.204886 0.0932983 0.0568236 0.148364 0.262026 0.630411 0.513782 0 0.252967 0.165462 0.242673 0.43069 0.110034 0.214465 0.233666 0.2321 0.250494 0.189775 0 0.0979132 0.0981495 0.117092 0.158181 0.229098 0.181628 0.0583044 0.522026 0.708198 0.604879 0.465831 0.630308 0.706815 0.638262 0.562749 0.750302 0.91417 0.922221 0.984398 1 1 0.959096 0.724169 0.365627 0.626528 0.755211 0.784317 0.870021 1 0.944242 0.394422 0.235378 0.374026 0.307018 0.444444 0.346154 0.0738636 0.359268 0.289256 0.295612 0 
0.178466 0.189027 0.122536 0.0430338 0.31651 0.328138 0.426136 0.46086 0.11432 0.0640641 0.0853538 0.0915885 0.193897 0.129009 0.182365 0.275697 0.172003 0.246545 0.475805 0.162243 0.4707 0.515898 0.326799 0.566438 0.504201 0.528032 0.370312 0.346439 0.663657 0.857143 0.825068 0.413166 0.304736 0.517223 0.670246 0.729133 0.624426 0.692212 0.893738 0.965359 0.855935 0.878022 1 1 0.854279 0.619035 0.560666 0.556754 0.482585 0.249697 0.205179 0.125535 0.384416 0.251462 0.283447 0.497436 0.0625 0.448513 0.699725 0.401848 0 
0.0752212 0.0270039 0.086728 0.124822 0.215065 0.313088 0.417749 0.412789 0.338516 0.294008 0.126329 0.0759086 0.373974 0.35939 0.507774 0.654386 0.696508 0.743584 0.827162 0.849422 0.959422 0.983437 0.862774 0.631493 0.49457 0.492786 0.677907 0.844277 0.818689 0.569831 0.268992 0.264435 0.252861 0.178166 0.125089 0.0882056 0.0587142 0.0471041 0.0551339 0.155773 0.226752 0.264835 0.133842 0.221721 0.28675 0.245063 0.201376 0.119197 0.153963 0.101818 0.0388446 0.064194 0.0623377 0.0292398 0.015873 0.0641026 0.0482955 0.135011 0.0688705 0.106236 1 
0.162242 0.12216 0.24113 0.109605 0.0405782 0.196721 0.174242 0.429327 0.414779 0.509224 0.380689 0.0880715 0.24874 0.491595 0.634066 0.675962 0.741478 0.646234 0.422365 0.247003 0.369625 0.672222 0.81954 1 0.819672 0.682234 0.761109 0.60107 0.486201 0.53638 0.48218 0.159065 0.140082 0.0948596 0.44799 0.662298 0.663897 0.185401 0.166561 0.526144 0.528662 0.486569 0.310617 0.179335 0.252914 0.266868 0.312025 0.455825 0.468955 0.21697 0.241036 0.10699 0.0831169 0.248538 0.22449 0.0666667 0.366477 0.148741 0.294766 0.193995 0 
0.0730088 0.0925847 0.0834428 0.0775083 0.291656 0.52674 0.393939 0.192723 0.188805 0.241098 0.311499 0.401084 0.502087 0.424977 0.524325 0.670975 0.730805 0.821714 0.898275 0.955479 1 0.99816 0.883332 0.743162 0.627766 0.64137 0.706587 0.672808 0.544643 0.444871 0.37515 0.23916 0.0642655 0.124854 0.23811 0.324698 0.269735 0.182905 0.199768 0.220588 0.230921 0.343712 0.335704 0.248003 0.178561 0.137548 0.17222 0.362384 0.367491 0.210909 0.212151 0.372325 0.381818 0.722222 0.206349 0.0948718 0.133523 0.324943 0.280992 0.0438799 1 
0.514012 0.383626 0.414258 0.34213 0.308648 0.285676 0.338745 0.359206 0.259884 0.288002 0.368921 0.549385 0.632215 0.572136 0.501154 0.179931 0.231064 0.291117 0.236798 0.591824 0.890177 0.738473 0.490092 0.263498 0.15707 0.62628 0.745351 0.497942 0.462358 0.518376 0.421253 0.0979555 0.0387483 0.0757817 0.00920528 0.0925403 0.156353 0.125091 0.277251 0.227778 0.126809 0.346642 0.414199 0.18217 0.0894228 0.100658 0.145781 0.18209 0.285209 0.346667 0.153386 0.208274 0.392208 0.128655 0.0544218 0.112821 0.238636 0.224256 0.258953 0.143187 1 
0.0412979 0.0415774 0.0394218 0.103661 0.0471722 0.189196 0.180736 0.150606 0.00621946 0.112255 0 0.193142 0.180366 0.078581 0.139733 0.108386 0.0562636 0.173714 0.0350305 0.0928938 0.265493 0.14201 0.0110205 0.121606 0.0158811 0.0806256 0.306545 0.470461 0.513596 0.521466 0.612534 0.627387 0.660191 0.920509 1 0.95131 0.886508 0.695643 0.666878 0.676362 0.54916 0.501221 0.364154 0.21966 0.202019 0.13316 0.159181 0.258461 0.179202 0.282424 0.250996 0.0499287 0.111688 0.192982 0.267574 0.258974 0.144886 0.0663616 0.198347 0.13164 0 
0.371681 0.232319 0.271682 0.0620542 0.276693 0.220371 0.268939 0.123043 0.205834 0.389675 0.356302 0.417644 0.355981 0.363824 0.56124 0.428862 0.235002 0.0856104 0.650326 0.936002 0.771501 0.524793 0.661863 0.915378 0.75543 0.803943 0.8815 0.597674 0.286425 0.0521999 0.0911172 0.0247135 0.0538696 0.40212 0.352153 0.0977823 0.171004 0.368826 0.412924 0.264597 0.0916039 0.261294 0.242985 0.185133 0.30509 0.323642 0.203731 0.0760707 0.143867 0.215758 0.0517928 0.104137 0.298701 0.102339 0.260771 0.238462 0.232955 0.100686 0.129477 0.108545 0 
0.050885 0.063009 0.0906702 0.0889206 0.224195 0.174684 0.103084 0.0449835 0.0913668 0.23452 0.238338 0.13643 0.215777 0.0557905 0.215468 0.504681 0.713087 0.768935 0.602567 0.304473 0.339481 0.24568 0.340468 0.729638 0.864037 0.804274 0.765942 0.779951 0.558847 0.321935 0.332643 0.388789 0.303791 0.156969 0.245883 0.314012 0.113383 0.0691484 0.138098 0.195316 0.0942675 0.107082 0.110694 0.12252 0.140176 0.131103 0.077146 0.121893 0.0535083 0.21697 0.0557769 0.32525 0.283117 0.368421 0.251701 0.14359 0.15625 0.0640732 0.195592 0.0900693 0 
0.129056 0.0137162 0.205979 0.0936757 0.0674613 0.158022 0.234848 0.30849 0.0984748 0.033748 0.165887 0.474355 0.433712 0.262968 0.013542 0.041726 0.188063 0.435117 0.349779 0.531999 0.629427 0.717309 0.813712 0.873579 1 0.843815 0.638933 0.494339 0.474127 0.417279 0.440218 0.463716 0.515384 0.540117 0.525008 0.523286 0.4274 0.213476 0.087919 0.4061 0.433932 0.611844 0.545196 0.319376 0.225476 0.154142 0.117892 0.236298 0.164059 0.0848485 0.0258964 0.121255 0.293506 0.298246 0.199546 0.348718 0.196023 0.0434783 0.14876 0.267898 0 
0.191003 0.101157 0.19908 0.119353 0.269338 0.234077 0.484307 0.372657 0.202132 0.242385 0.294485 0.0981829 0.225277 0.385583 0.517203 0.727661 0.902808 0.923117 0.730065 0.407427 0.483874 0.688375 0.762107 0.832394 0.721619 0.60337 0.55447 0.397489 0.339996 0.407372 0.237929 0.181982 0.153838 0.0586116 0.358188 0.580948 0.489394 0.204222 0.0662028 0.340632 0.420382 0.35641 0.217768 0.226875 0.239266 0.0999726 0.215502 0.38844 0.377587 0.0812121 0.253984 0.149786 0.267532 0.219298 0.0929705 0.179487 0.286932 0.361556 0.603306 0.385681 0 
0.15708 0.363052 0.323587 0.0879696 0.266295 0.416286 0.42316 0.454465 0.476825 0.486772 0.431164 0.499267 0.552181 0.45973 0.518106 0.652453 0.836908 0.841662 0.825794 0.834439 0.789102 0.850424 0.962064 1 0.934119 0.934905 0.902301 0.701935 0.626623 0.538404 0.329046 0.229499 0.128216 0.326232 0.352971 0.226915 0.225454 0.225954 0.160342 0.198584 0.314302 0.333211 0.0398293 0.159495 0.263577 0.2404 0.1954 0.218029 0.122161 0.231515 0.158367 0.233951 0.483117 0.730994 0.303855 0.310256 0.321023 0.20595 0.030303 0.0692841 1 
0.100295 0.134591 0.191853 0.235854 0.277961 0.438592 0.445346 0.23462 0.120539 0.156156 0.0791153 0.187866 0.305312 0.259874 0.338349 0.44423 0.683971 0.876052 0.911004 0.736943 0.655987 0.70821 0.823567 0.764471 0.691906 0.619231 0.478937 0.477769 0.491883 0.37797 0.125232 0 0.0168014 0.291468 0.346323 0.18004 0.0136672 0.115837 0.214421 0.202941 0.325999 0.283639 0.221906 0.20085 0.221211 0.0578716 0.0892792 0.142558 0.11055 0.0715152 0.0856574 0.0756063 0.025974 0.216374 0.276644 0.128205 0.0227273 0.0366133 0.0606061 0.12933 0 
0.103982 0.0874411 0.0877135 0.127913 0.100178 0.18194 0.36039 0.159868 0.142603 0.207922 0.310081 0.373242 0.390384 0.276684 0.316782 0.176064 0.143094 0.192312 0.203345 0.266802 0.378373 0.366936 0.45915 0.620121 0.745799 0.778059 0.877088 0.991252 0.921165 0.678385 0.619619 0.52404 0.361651 0.351033 0.20047 0.11744 0.135688 0.12925 0.209256 0.257734 0.240533 0.324664 0.15311 0.14906 0.205999 0.258228 0.353857 0.44684 0.257951 0.187879 0.188247 0.202568 0.142857 0.210526 0.192744 0.0871795 0.150568 0.121281 0.129477 0.0415704 1 
0.130531 0.257608 0.119251 0.170233 0.335024 0.190003 0.144751 0.0361632 0.142455 0.153439 0.134411 0.200029 0.480207 0.433742 0.374962 0.569815 0.629676 0.666494 0.700926 0.514769 0.515072 0.628054 0.772067 0.770106 0.567623 0.434079 0.388696 0.223652 0.0580357 0 0.145395 0.459335 0.577444 0.378696 0.232382 0.57369 0.929477 0.834564 0.337234 0.32854 0.664273 0.771917 0.350317 0.182814 0.17913 0.176632 0.143064 0.248278 0.262494 0.261818 0.358566 0.46077 0.327273 0.321637 0.231293 0.0512821 0.119318 0.0778032 0.305785 0.159353 0 
0.157817 0.155594 0.00821288 0.0753685 0.0984022 0.362806 0.589286 0.249835 0.0999556 0.217074 0.343116 0.457503 0.562401 0.425596 0.547096 0.717586 0.806963 0.915325 1 0.937714 0.90683 0.933442 0.73339 0.502715 0.396107 0.277784 0.682845 0.867538 0.899858 0.788431 0.42485 0.102786 0.129371 0.240806 0.288534 0.225 0.107916 0.173963 0.221695 0.291176 0.14476 0 0.0453899 0.1479 0.189224 0.0378497 0.138175 0.188979 0.155982 0.290909 0.114542 0.0798859 0.0441558 0.327485 0.328798 0.133333 0.0653409 0.0594966 0.283747 0.362587 0 
0.239676 0.265324 0.120237 0.0473134 0.0948516 0.248589 0.339286 0.39581 0.380868 0.572573 0.70268 0.748095 0.772996 0.37558 0.292808 0.296458 0.276863 0.243532 0.520619 0.778682 0.86836 0.863715 0.693441 0.683537 0.722029 0.866946 1 0.981062 0.896916 0.578992 0.485232 0.557965 0.431482 0.285745 0.0563568 0.218649 0.136781 0.371738 0.605735 0.553268 0.227099 0.52674 0.491013 0.556815 0.695479 0.260697 0.170228 0.408506 0.457345 0.174545 0.327689 0.189729 0.0363636 0.166667 0.210884 0.0974359 0.153409 0.10984 0.0881543 0.120092 1 
0.510324 0.534076 0.470434 0.37708 0.412376 0.199409 0.184524 0.196692 0.223308 0.162162 0.290798 0.223916 0.302289 0.29308 0.47086 0.547629 0.521915 0.350234 0.430149 0.567744 0.732715 0.759125 0.545512 0.616535 0.661373 0.683996 0.744406 0.802079 0.845475 0.924257 0.984305 0.85273 0.40796 0.406571 0.483686 0.164516 0.360923 0.351461 0.260384 0.0337691 0.57568 0.842002 0.554507 0.394615 0.829542 0.780581 0.476277 0.358191 0.496214 0.453333 0.289841 0.211127 0.498701 0.365497 0.274376 0.34359 0.369318 0.292906 0.421488 0.489607 1 
0.0575221 0.11273 0.0663601 0.0668093 0.0603601 0.287557 0.383387 0.128556 0.0984748 0.178321 0.261307 0.513189 0.511588 0.247499 0.230916 0.529717 0.72148 0.756779 0.607721 0.40015 0.402403 0.419896 0.527816 0.729536 0.85543 0.888644 0.939069 0.938349 0.936993 0.848194 0.741362 0.707257 0.742413 0.907366 0.991715 0.992137 0.991472 0.83238 0.657179 0.511874 0.29612 0.209158 0.146903 0.0903118 0.224339 0.265771 0.20029 0.207547 0.088844 0.248485 0.307769 0.291013 0.223377 0.134503 0.181406 0.225641 0.190341 0.258581 0.162534 0.240185 0 
0.162242 0.0917274 0.0499343 0.108892 0.172204 0.273851 0.331439 0.366483 0.444099 0.441298 0.376719 0.329426 0.334821 0.15809 0.13863 0.290759 0.340483 0.364883 0.261519 0.167273 0.117201 0.114917 0.157147 0.363897 0.566701 0.729596 0.832545 0.850453 0.902192 1 0.998801 0.843406 0.623228 0.611977 0.676281 0.775302 0.845506 0.732349 0.624499 0.609041 0.471685 0.403541 0.490754 0.637722 0.621695 0.329676 0.204274 0.495358 0.470974 0.272727 0.213147 0.303852 0.381818 0.21345 0.117914 0.0487179 0.153409 0.112128 0.0716253 0.034642 1 
0.787611 0.456065 0.0795007 0.185212 0.172711 0.274926 0.889881 1 0.807197 0.83698 0.711045 0.295281 0.319275 0.249149 0.663557 0.658457 0.137291 0.048 0.40364 0.8628 0.788364 0.357121 0.120801 0.140559 0.189139 0.212138 0.181742 0.6021 0.574574 0.672419 0.36436 0.437991 0.768035 0.899947 1 0.920565 0.987864 0.927524 0.731921 0.50915 0.2 0.239316 0.215828 0.370008 0.621837 0.424712 0.285766 0.165618 0.168602 0.253333 0.171315 0.245364 0.272727 0.654971 0.612245 0.0717949 0.230114 0.272311 0.22314 0.316397 1 
0.172566 0.0484355 0.086071 0.166904 0.29191 0.385918 0.313582 0.258875 0.30268 0.345774 0.363817 0.399326 0.454441 0.413942 0.519009 0.602992 0.713605 0.74826 0.760783 0.796447 0.894077 0.923014 0.932712 0.98494 0.977049 1 0.989074 0.904899 0.726664 0.548098 0.43455 0.372388 0.168224 0.0787493 0.0271044 0.133669 0.24087 0.173755 0.131035 0.230392 0.163636 0.273138 0.326005 0.188611 0.0956781 0.132337 0.270192 0.337826 0.23372 0.233939 0.139442 0.0271041 0.163636 0.409357 0.0136054 0.330769 0.127841 0.551487 0.209366 0.157044 1 
0.351032 0.117017 0.189553 0.28816 0.432412 0.485353 0.590909 0.157222 0.173404 0.273845 0.0932936 0.331331 0.291493 0.30133 0.331929 0.321698 0.251891 0.27013 0.258153 0.114833 0.290051 0.369594 0.313659 0.529761 0.511066 0.391453 0.510453 0.518629 0.381798 0.302866 0.393351 0.475736 0.535861 0.584526 0.627186 0.754335 0.716379 0.602371 0.527936 0.599673 0.711986 0.578877 0.483124 0.361247 0.281774 0.334339 0.323977 0.510931 0.384654 0.288485 0.266932 0.104137 0.322078 0.44152 0.129252 0.294872 0.542614 0.313501 0.911846 1 1 
0.0258112 0.00471496 0.0837714 0.0932002 0.22597 0.195646 0.228896 0.256891 0.281653 0.310167 0.316461 0.475967 0.449834 0.241415 0.175644 0.192652 0.201948 0.329351 0.602146 0.707299 0.825675 0.822922 0.826852 0.93935 0.949795 0.978081 0.997269 1 0.902192 0.61745 0.367847 0.281285 0.164129 0.152729 0.158126 0.106855 0.0425323 0.0580223 0.0263546 0.0336601 0.0245512 0.123565 0.246864 0.287168 0.313193 0.310614 0.319812 0.328541 0.281676 0.172121 0.27988 0.223966 0.132468 0 0.047619 0.148718 0.0596591 0.1373 0.0440771 0.0508083 1 
0.620206 0.192027 0.120565 0.0344746 0.0806493 0.116098 0.570076 0.673649 0.409003 0.377234 0.342833 0.104045 0.12034 0.437867 0.672685 0.665276 0.69599 0.546182 0.346202 0.220997 0.504321 0.764544 0.856204 0.928696 0.935656 0.586628 0.582309 0.671676 0.497463 0.549909 0.465613 0.224219 0.241731 0.189189 0.519791 0.73881 0.811721 0.420193 0.110162 0.36939 0.47736 0.50696 0.394931 0.287941 0.371197 0.383708 0.433176 0.605271 0.669359 0.433939 0.12749 0.233951 0.345455 0.201754 0.0702948 0.120513 0.724432 0.226545 0.0991736 0.0715935 0 
0.430678 0.2006 0.158673 0.0782216 0.243216 0.180328 0.221861 0.0864388 0.150896 0.034034 0.183326 0.26187 0.299986 0.263587 0.379978 0.458274 0.65672 0.859429 0.932779 0.932256 0.909781 0.914324 0.92699 0.856982 0.726127 0.533319 0.3867 0.394092 0.406047 0.270161 0.267466 0.310604 0.280584 0.415474 0.385701 0.414819 0.45714 0.419673 0.460257 0.361002 0.328199 0.40464 0.322385 0.341407 0.248507 0.127811 0.0959797 0.0242588 0.17264 0.166061 0.0278884 0.00713267 0 0.634503 0.460317 0.197436 0.323864 0.254005 0.305785 0.21709 1 
0.0855457 0.163309 0.103154 0.00475511 0.165864 0.332975 0.431006 0.407277 0.375389 0.44044 0.45073 0.513189 0.413272 0.170465 0.135821 0.199471 0.249611 0.436468 0.630444 0.69542 0.790261 0.787752 0.872099 1 0.986168 0.942064 0.944742 0.929498 0.830154 0.59657 0.358583 0.271624 0.164339 0.209645 0.204562 0.125706 0.0185874 0.0244359 0.110162 0.146296 0.0562826 0.121978 0.211949 0.246844 0.296417 0.320214 0.355668 0.389338 0.319536 0.221818 0.136454 0.202568 0.184416 0.0643275 0.0702948 0.171795 0.105114 0.01373 0.0385675 0.182448 1 
0.143068 0.109301 0.0344941 0.168806 0.252853 0.42408 0.807089 0.750827 0.479639 0.573717 0.518077 0.160903 0.638837 1 0.913432 0.827397 0.68853 0.774026 0.872607 0.839576 0.886172 0.94612 1 0.89499 0.775205 0.815068 0.632524 0.438864 0.465503 0.295941 0.246866 0.0644799 0 0.126232 0.164774 0.208468 0.10059 0.158989 0.318364 0.362418 0.232658 0.139072 0.344627 0.33329 0.198038 0.148519 0.250453 0.395627 0.539626 0.393939 0.314741 0.0699001 0.4 0.219298 0.829932 0.248718 0.352273 0.652174 0.352617 0.039261 1 
0.234513 0.092156 0.0837714 0.100571 0.155212 0.236227 0.219156 0.246307 0.101288 0.115401 0.168155 0.0419109 0.13459 0.0718779 0.114655 0.154285 0.133976 0.0862338 0 0.0950342 0.313343 0.605971 0.909505 0.934843 0.864447 0.864743 0.847988 0.879889 1 0.818472 0.666921 0.572343 0.550142 0.704505 0.675258 0.510282 0.2623 0.101383 0.124394 0.27549 0.18923 0.223077 0.355102 0.212703 0.0817458 0.0953099 0.108294 0.136568 0.0106007 0.0824242 0.0358566 0.0199715 0.0701299 0.146199 0.108844 0.151282 0.397727 0.295195 0.137741 0.0808314 0 
0.249263 0.303043 0.102168 0.0508797 0.076845 0.185434 0.284091 0.139361 0.0330224 0.109681 0.111867 0.10888 0.297395 0.262555 0.207443 0.109709 0.139882 0.0585974 0.0628024 0.0806935 0.0796796 0.299765 0.0918724 0.207458 0.565164 0.766054 0.701439 0.588102 0.551847 0.605305 0.782234 0.958886 0.835766 0.698993 0.834305 1 1 0.778101 0.556188 0.36634 0.257672 0.274481 0.381223 0.433265 0.428917 0.300741 0.238319 0.322851 0.282181 0.0424242 0.0976096 0.221113 0.615584 0.0964912 0.444444 0.266667 0.0965909 0.212815 0.253444 0.108545 0 
0.741888 0.353193 0.184625 0.135283 0.144053 0.329481 0.258387 0.381918 0.166445 0.179608 0.31476 0.350967 0.37599 0.278849 0.380379 0.301954 0.373744 0.178494 0.286556 0.287778 0.281619 0.272774 0.322878 0.238398 0.396107 0.40423 0.44553 0.719844 0.75558 0.63556 0.766431 0.703437 0.46477 0.609433 0.647336 0.396573 0.0915154 0.297598 0.288425 0.134749 0.549971 0.968498 0.972068 0.709611 0.832812 1 1 1 0.811711 0.575758 1 1 0.81039 0.874269 0.557823 0.212821 0.494318 0.482838 0.62259 0.230947 1 
0.183628 0.0278611 0.107424 0.17475 0.247527 0.183015 0.374459 0.247189 0.0559751 0.118976 0.119524 0.0885111 0.0767238 0.174796 0.261009 0.410035 0.4871 0.658286 0.781401 0.826734 0.869203 0.940906 1 0.992931 0.956455 0.850975 0.707427 0.567826 0.489042 0.455204 0.392044 0.22905 0.135567 0.239534 0.337015 0.371169 0.279685 0.200478 0.294856 0.374401 0.391546 0.535653 0.421699 0.252899 0.122832 0.231487 0.360558 0.36448 0.317012 0.391515 0.251992 0.293866 0.667532 0.488304 0.0702948 0.164103 0.335227 0.169336 0.212121 0.138568 1 
0.132743 0.058294 0.0545335 0.0827389 0.0821709 0.0395055 0.232413 0.202426 0.113283 0.154154 0.174819 0.159144 0.179934 0.100134 0.0623934 0.0740892 0.0908714 0.152831 0.356196 0.321276 0.188132 0.244454 0.384656 0.574634 0.553586 0.498623 0.450783 0.68063 0.979403 1 0.987902 0.947091 0.754489 0.671436 0.534315 0.45494 0.473212 0.166788 0.0345773 0.149891 0.156688 0.195116 0.336221 0.495491 0.533693 0.331048 0.195038 0.067086 0.0782433 0.226667 0.124502 0.0285307 0.161039 0.321637 0.0136054 0.0461538 0.15625 0.0892449 0.181818 0.0138568 0 
0.222714 0.407201 0.429041 0.32097 0.407558 0.432142 0.188853 0.296803 0.297349 0.4862 0.21225 0.0618406 0.0473586 0.358771 0.540475 0.537146 0.497461 0.403844 0.160951 0.382812 0.760013 0.972907 0.935361 0.545026 0.515164 0.650402 0.549638 0.529539 0.20627 0.163631 0.580817 0.664907 0.261262 0.176047 0.280863 0.512399 0.634376 0.405532 0.538478 0.655338 0.539317 0.283394 0.253071 0.225329 0.185385 0.0818705 0.203549 0.313567 0.255931 0.192727 0.194223 0.275321 0.631169 0.353801 0.145125 0.34359 0.252841 0.320366 0.0964187 0.224018 0 
0.957227 1 1 1 1 0.45391 0.492424 0 0.274545 0.302874 0.37119 0.296454 0.424932 0.312365 0.364028 0.386118 0.418299 0.446234 0.500842 0.329516 0.182441 0.179327 0.399915 0.644709 0.494877 0.206521 0.386805 0.583162 0.517248 0.379781 0.352262 0.221411 0.0405334 0.129836 0.273397 0.453327 0.368904 0.310804 0.361796 0.442702 0.375565 0.324176 0.213759 0.251353 0.39963 0.308009 0.347881 0.449236 0.335689 0.233939 0.155378 0.504993 0.532468 0.421053 0.394558 0.0230769 0.292614 0.283753 0.487603 0.51963 1 
0.140855 0.0540077 0.170171 0.121493 0.147096 0.357431 0.354708 0.437927 0.221531 0.20878 0.288955 0.226993 0.190442 0.169434 0.203631 0.218298 0.208372 0.096 0.349043 0.556721 0.420004 0.476127 1 0.864256 0.458811 0.486838 0.600483 0.705949 0.554079 0.331842 0.217875 0.170411 0.0954531 0.329942 0.272067 0.317339 0.246665 0.172299 0.213472 0.130937 0.0374059 0.0339438 0.0925902 0.125741 0.111885 0.0715853 0.0905469 0.0691824 0.11156 0.174545 0.305777 0.53923 0.368831 0.0233918 0.213152 0.235897 0.210227 0.405034 0.297521 0.147806 0 
0.20354 0.168881 0.248357 0.178554 0.115141 0.255039 0.030303 0.136494 0.180512 0.147719 0.0925847 0.0817702 0.0097884 0.0946685 0.101715 0.192143 0.125065 0.240519 0.346097 0.360445 0.311762 0.120233 0.068348 0.265137 0.129098 0.187796 0.418847 0.744751 0.902192 0.766912 0.466921 0.233543 0.514019 0.643031 0.35021 0.452823 0.656899 0.633358 0.5428 0.341612 0.223741 0.0728938 0 0 0 0 0 0 0 0 0 0.0684736 0.602597 0.567251 0.0997732 0.341026 0.457386 0.17849 0.380165 0.242494 0 
0.141593 0.226747 0.104796 0.180694 0.170682 0.0596614 0.239448 0.223815 0.218866 0.160303 0.213668 0.227286 0.153016 0.237599 0.334938 0.389579 0.134494 0.196468 0.286661 0.502997 0.805965 1 0.86235 0.681283 0.620799 0.530565 0.549007 0.585838 0.421774 0.153936 0.0564578 0.207032 0.192271 0.399046 0.316457 0.165927 0.117866 0.185609 0.168248 0.22037 0.383787 0.240171 0.100608 0.11917 0.339494 0.466264 0.469757 0.330039 0.459869 0.56 0.170319 0.0356633 0.116883 0.526316 0.219955 0.3 0.110795 0.199085 0.190083 0.214781 1 
0.0766962 0.246892 0.199737 0.128864 0.337307 0.478635 0.375812 0.306946 0.0610099 0.107393 0.262867 0.510551 0.357133 0.189749 0.107533 0.0991248 0.164232 0.391377 0.292973 0.595676 0.733137 0.762396 0.773975 0.821022 1 0.942835 0.741464 0.589131 0.537033 0.508576 0.559891 0.532128 0.588785 0.573291 0.586376 0.604637 0.511043 0.254341 0.0111744 0.293464 0.354603 0.621612 0.565369 0.318217 0.242821 0.184174 0.151757 0.226116 0.153458 0.089697 0.0687251 0.0242511 0.254545 0.187135 0.265306 0.166667 0.207386 0.160183 0.0798898 0.30485 0 
0.516224 0.361337 0.187911 0.0380409 0.201623 0.456598 0.50947 0.405954 0.427218 0.58244 0.649085 0.734613 0.831294 0.678767 0.856856 0.972522 0.864574 0.866078 0.889964 0.991652 0.892496 0.811676 0.827594 0.748079 0.579201 0.503029 0.542284 0.527172 0.470678 0.407585 0.350518 0.243765 0.105114 0.162268 0.102895 0.152016 0.158758 0.109494 0.136622 0.273747 0.217024 0.144444 0.112376 0.269518 0.213108 0.0927043 0.162803 0.277628 0.332155 0.104242 0.215139 0.206847 0.301299 0.251462 0.430839 0.0974359 0.178977 0.21968 0.225895 0.272517 1 
0.182153 0.246892 0.35611 0.243699 0.230028 0.585327 0.64881 0.819405 0.817859 0.869584 0.85694 1 0.771556 0.52047 0.646805 0.688887 0.66418 0.745558 0.887334 0.852205 0.786467 0.666394 0.395253 0.349247 0.521619 0.164335 0.482088 0.849012 0.597808 0.841696 0.875204 0.521344 0.145437 0.264653 0.410044 0.29869 0.63033 0.662681 0.527514 0.501307 0.496468 0.309035 0.275314 0.286266 0.300114 0.024136 0.244114 0.222821 0.0656234 0.128485 0.0328685 0.319544 0.418182 0.248538 0.394558 0.615385 0.889205 0.368421 0.258953 0.166282 0 
0.144543 0.0522932 0 0.0932002 0.163327 0.392636 0.401786 0.253804 0.235599 0.176176 0.0703247 0.019197 0.150137 0.241415 0.426221 0.606554 0.734224 0.805714 0.895434 0.957513 0.911678 0.912074 0.772279 0.501486 0.327766 0.260932 0.219561 0.350041 0.570312 0.59412 0.450245 0.360705 0.41552 0.387069 0.293546 0.20746 0.0832058 0.104294 0.121442 0.0957516 0.148697 0.225397 0.169792 0.228807 0.284333 0.104909 0.131655 0.224319 0.226653 0.162424 0.173307 0.155492 0.0467532 0.108187 0.0975057 0.0692308 0.0596591 0.0823799 0.137741 0.0207852 1 
0.153392 0.158165 0.154074 0.0991441 0.147096 0.131416 0.194805 0.00948181 0.0901821 0.196482 0.122926 0.207796 0.525263 0.34289 0.168723 0.0991248 0 0.355429 0.726594 0.991973 0.979132 0.886515 0.651584 0.414609 0.321107 0.70988 0.959134 0.727563 0.478084 0.104506 0.275204 0.414738 0.282789 0.327822 0.325765 0.212298 0.230921 0.243631 0.137993 0.291394 0.254545 0.205617 0.274279 0.141587 0.140034 0.174301 0.264216 0.348607 0.392226 0.532121 0.060757 0.195435 0.319481 0.394737 0.117914 0.115385 0.176136 0.20595 0.15978 0.0369515 0 
0.29056 0.177883 0.183311 0.0171184 0.0294192 0.246439 0.276245 0.223815 0.329779 0.306878 0.295477 0.452374 0.524399 0.47097 0.680209 0.752392 0.950471 0.981922 0.881233 0.81464 0.742938 0.817708 0.678605 0.635693 0.687295 0.781253 0.585356 0.596953 0.886059 0.846277 0.553787 0.280049 0.331933 0.484791 0.274624 0.0825605 0.184999 0.137673 0.00379507 0.127342 0.141401 0.260684 0.219966 0.125097 0.315183 0.374657 0.33937 0.318059 0.335689 0.490909 0.11255 0.0285307 0.0805195 0.277778 0.258503 0.212821 0.164773 0.132723 0.0798898 0.166282 0 
0.159292 0.147878 0.00492773 0.0584879 0.068983 0.203709 0.46131 0.285777 0.146305 0.033462 0.0405501 0.167937 0.300849 0.388264 0.520815 0.680338 0.743135 0.767273 0.758889 0.853061 1 0.884777 0.794108 0.872964 0.904303 0.937218 0.878769 0.639769 0.286729 0.19282 0.273569 0.211301 0.189016 0.139587 0.0832566 0.0274194 0.0789416 0.102943 0.101202 0.145643 0.0874349 0.0468864 0.0985387 0.177918 0.11814 0.0896873 0.152843 0.178197 0.250883 0.379394 0.153386 0.1398 0.238961 0.0350877 0.104308 0.174359 0.150568 0.0800915 0.115702 0.0554273 0 
0.136431 0.156451 0.135677 0.0354256 0.224956 0.237571 0.407468 0.340904 0.449282 0.285714 0.187154 0.197245 0.295667 0.0383624 0.0630956 0.214838 0.285048 0.272623 0.482222 0.443172 0.555544 0.496064 0.398962 0.544104 0.663012 0.605133 0.695766 0.802388 0.674412 0.345584 0.0899183 0.247135 0.487661 0.777424 0.850363 0.849496 0.693309 0.594156 0.481973 0.286166 0.0173712 0.339194 0.365317 0.548312 0.375462 0.190071 0.19033 0.402216 0.193337 0.392727 0.231076 0.0271041 0.155844 0.435673 0.14966 0.417949 0.502841 0.185355 0.245179 0.0600462 0 
0.264012 0.117874 0.0712878 0.0397052 0.0284048 0.169578 0.218615 0.215215 0.13594 0.0985271 0.180774 0.341295 0.351231 0.093431 0.056776 0.142581 0.196042 0.33361 0.136545 0.278253 0.586741 0.692056 0.829501 0.851757 0.765369 0.583104 0.552054 0.423837 0.396916 0.404602 0.506594 0.624691 0.713536 0.670588 0.580853 0.535585 0.497048 0.384527 0.397849 0.641176 0.791662 0.803053 0.813009 0.52654 0.456639 0.34531 0.268381 0.295897 0.16002 0.326061 0.0657371 0 0.103896 0.0409357 0 0.176923 0.264205 0.116705 0.231405 0.124711 0 
0.109145 0.0822975 0.0614323 0.0779838 0.173726 0.360656 0.393398 0.315105 0.350511 0.387387 0.482348 0.514947 0.538794 0.312983 0.105728 0.0994301 0.320899 0.526338 0.628656 0.708476 0.778035 0.822513 0.861926 0.778301 0.706967 0.526159 0.254964 0.447921 0.635653 0.723554 0.826921 0.900472 1 0.988235 0.668099 0.385585 0.098185 0.337527 0.63093 0.871351 0.84586 0.654579 0.338032 0.221979 0.400057 0.379046 0.359471 0.449835 0.615346 0.597576 0.0268924 0.0984308 0.0545455 0.0614035 0.174603 0.0410256 0.230114 0.240275 0.225895 0.0623557 1 
0.0582596 0.140163 0.0955979 0.0756063 0.311692 0.454985 0.507576 0.36097 0.265808 0.230516 0.274918 0.420574 0.57003 0.503661 0.53546 0.503257 0.63123 0.722182 0.806859 0.877568 0.988512 1 0.867543 0.859748 0.905123 0.853949 0.763631 0.650062 0.555093 0.362523 0.201526 0.0853741 0.0648955 0.0232114 0.0405032 0.189113 0.193418 0.297286 0.393316 0.307407 0.179618 0.200977 0.130609 0.194795 0.202872 0.150439 0.212423 0.291105 0.354871 0.340606 0.215139 0.206847 0.277922 0.675439 0.358277 0.130769 0.213068 0.118993 0.247934 0.140878 1 
0.188053 0.0672953 0.107096 0.0449358 0.191479 0.310132 0.349026 0.337155 0.287576 0.287287 0.272366 0.31697 0.400173 0.390636 0.507975 0.544474 0.649052 0.667948 0.633915 0.65625 0.769288 0.833248 0.890749 0.985247 1 0.933363 0.886228 0.804961 0.678166 0.528284 0.41624 0.329701 0.163604 0.0621092 0.0599366 0.145665 0.248743 0.215556 0.169618 0.25 0.23729 0.225275 0.268589 0.227648 0.159084 0.106829 0.24339 0.287511 0.301868 0.4 0.196215 0.258203 0.516883 0.219298 0.0839002 0.225641 0.383523 0.208238 0.286501 0.200924 1 
0.0597345 0.170596 0.21912 0.149786 0.207963 0.223058 0.249459 0.459757 0.365911 0.405977 0.529704 0.719812 0.678998 0.397443 0.355502 0.334317 0.281732 0.267013 0.405744 0.707192 0.804701 0.806053 0.646604 0.688352 0.769262 0.855491 1 0.993928 0.877537 0.625226 0.587902 0.674455 0.472015 0.269528 0.00787563 0.330242 0.307894 0.389934 0.623023 0.529412 0.260915 0.566667 0.621492 0.633986 0.75263 0.303895 0.253712 0.565439 0.478041 0.162424 0.308765 0.326676 0.18961 0.391813 0.371882 0.0205128 0.301136 0.0755149 0.115702 0.0277136 1 
0.233038 0.17874 0.150788 0.180694 0.194776 0.175759 0.0922619 0.199779 0.0700429 0.01144 0.0862045 0.219519 0.252195 0.260905 0.329221 0.494403 0.622837 0.698286 0.824637 0.864084 0.796901 0.745118 0.73784 0.723184 0.608299 0.443331 0.425465 0.392651 0.446023 0.374028 0.289591 0.313413 0.337604 0.377742 0.434285 0.473488 0.477258 0.445149 0.371284 0.450763 0.428952 0.446398 0.499547 0.360989 0.1824 0.153182 0.235965 0.235699 0.220091 0.271515 0.13247 0.0998573 0.438961 0.48538 0.0725624 0.320513 0.178977 0.0938215 0.366391 0.198614 1 
0.0818584 0.0612945 0.20565 0.398003 0.633528 0.660306 0.78842 0.894157 0.726788 0.830402 0.785907 0.759525 0.761192 0.519852 0.496539 0.694382 0.823024 0.775481 0.812224 0.931828 1 0.920663 0.771008 0.535908 0.442828 0.550832 0.521799 0.379477 0.0748782 0.188772 0.165995 0.0205572 0.217053 0.190461 0.0108418 0.147883 0.0941395 0.214516 0.295172 0.335294 0.311639 0.0952381 0.163714 0.177918 0.161501 0.0707625 0.0132198 0.0832585 0.187784 0.146667 0.15239 0.119829 0.0779221 0.25731 0.260771 0.00512821 0.505682 0.208238 0.316804 0.13164 0 
0.520649 0.672096 0.360381 0.244175 0.151915 0.456329 0.290855 0.603969 0.197394 0.0975261 0.318304 0.539859 0.459335 0.137878 0.186378 0.320171 0.20029 0.187221 0.142962 0.48277 0.509064 0.621511 0.834375 0.667657 0.572234 0.574953 0.874882 0.83275 0.377942 0.472782 0.542016 0.431027 0.110994 0.502173 0.691419 0.708569 0.579051 0.46657 0.542273 0.470153 0.5663 0.734921 0.679038 0.175084 0.606767 0.609161 0.397139 0.269542 0.605755 0.761212 0.233068 0.429387 0.316883 0.210526 0.623583 0.289744 0.252841 0.329519 0.429752 0.284065 1 
0.137906 0.042006 0.10184 0.0430338 0.187674 0.383499 0.303301 0.12194 0.183918 0.179751 0.0785481 0.00483587 0.154023 0.285965 0.557027 0.794932 0.828101 0.79813 0.854408 0.868258 0.938132 0.938963 0.937374 1 0.971824 0.92389 0.931821 0.723858 0.433949 0.280281 0.400981 0.47259 0.373202 0.295495 0.2287 0.127823 0.239449 0.194655 0.129349 0.14902 0.0561668 0.0626374 0.110565 0.162587 0.163918 0.0781679 0.077146 0.127284 0.118627 0.00727273 0.187251 0.169757 0.197403 0.166667 0.0839002 0.15641 0.130682 0.116705 0.198347 0.110855 0 
0.0678466 0.191599 0.0900131 0.15573 0.255643 0.246439 0.425595 0.455127 0.442174 0.403689 0.399121 0.4682 0.327048 0.166443 0.115659 0.195196 0.247332 0.301195 0.194614 0.0646404 0.00674536 0.104488 0.283565 0.421883 0.56291 0.760436 0.92142 0.932997 0.933847 1 0.961962 0.906987 0.748504 0.723688 0.748287 0.797379 0.800569 0.579391 0.459625 0.514488 0.460915 0.475946 0.625501 0.692991 0.637617 0.366703 0.279066 0.407008 0.475013 0.316364 0.0786853 0.222539 0.298701 0.30117 0.0340136 0.238462 0.196023 0.130435 0.0440771 0.0692841 1 
0.108407 0.0150021 0.0735874 0.0910604 0.142785 0.220102 0.361201 0.225579 0.218718 0.238238 0.265844 0.341735 0.418166 0.366711 0.437556 0.52646 0.585121 0.660052 0.716916 0.795805 0.888385 0.966057 1 0.989038 0.936066 0.888864 0.914277 0.910251 0.777902 0.575796 0.35782 0.32532 0.189331 0 0.0914391 0.172177 0.22108 0.255797 0.197133 0.283007 0.347771 0.304029 0.241433 0.278279 0.181689 0.105321 0.19377 0.283318 0.32105 0.275152 0.12749 0.235378 0.337662 0.304094 0.126984 0.392308 0.241477 0.0755149 0.143251 0.0554273 1 
0.165929 0.0908701 0.101511 0.121493 0.0667005 0.110454 0.233766 0.145094 0.0731527 0.039468 0.233234 0.322098 0.391824 0.24059 0.379175 0.492062 0.276241 0.340779 0.662424 0.711794 0.478605 0.431653 0.680725 0.808729 0.772643 0.883577 0.887488 0.888123 0.858969 0.793651 0.551281 0.229387 0.313137 0.148702 0.229518 0.552823 0.473431 0.0619736 0.127662 0.0690632 0.342907 0.450427 0.344756 0.138882 0.201592 0.231349 0.133647 0.189877 0.0726906 0.273939 0.060757 0.219686 0.366234 0.24269 0.240363 0.230769 0.144886 0.0366133 0.179063 0.039261 0 
0.212389 0.148736 0.156045 0.130766 0.0253614 0.336469 0.387446 0.235502 0.276914 0.320463 0.369914 0.377491 0.200662 0 0.0643996 0.13047 0.178323 0.235844 0.245529 0.389234 0.545215 0.692261 0.70817 0.756377 0.922336 1 0.997794 0.824722 0.698864 0.69543 0.698747 0.511907 0.221254 0.0802332 0.0565613 0.028629 0.133501 0.149735 0.103099 0.0797386 0.0152866 0.160073 0.200698 0.199433 0.187518 0.13508 0.227816 0.285714 0.246845 0.292121 0.0418327 0.11127 0.106494 0.339181 0.0680272 0.0794872 0.0880682 0.173913 0.0964187 0.0969977 1 
0.118732 0.071153 0.159658 0.0539705 0.0494547 0.0669175 0.0890152 0.105843 0.0270991 0.0516231 0.0336027 0.237104 0.123219 0.0696092 0.088374 0.155302 0.126308 0 0.0864717 0.153039 0.1543 0.0743278 0.148564 0.102756 0.0385246 0.134376 0.437126 0.636785 0.628653 0.585278 0.715422 0.558526 0.573034 0.87239 0.946916 0.970262 0.810737 0.616616 0.5681 0.656972 0.589461 0.58083 0.44045 0.246844 0.161217 0.0877674 0.164976 0.293501 0.2842 0.226667 0.0876494 0.0485021 0.441558 0.47076 0.165533 0.117949 0.309659 0.402746 0.807163 0.13164 0 
0.235988 0.054865 0.223719 0.266762 0.0712655 0.289707 0.518128 0.342227 0.438472 0.609038 0.743513 0.811108 0.98431 0.700629 0.735881 0.735701 0.857217 0.943688 0.87187 0.776648 0.55312 0.290563 0 0 0.23709 0.434079 0.477571 0.423837 0.274249 0.126132 0.335477 0.350258 0.298645 0.307366 0.349289 0.0679435 0.162147 0.149423 0.152224 0.160784 0.0250145 0.109646 0.140437 0.104612 0.111459 0.0667855 0.0795002 0.175502 0.186774 0.224242 0.300797 0.336662 0.58961 0.24269 0.346939 0.484615 0.0823864 0.855835 0.344353 0.34642 1 
0.0744838 0.316331 0.115637 0.0397052 0.00228253 0.119054 0.291396 0.223594 0.241818 0.308594 0.40862 0.387749 0.355981 0.209756 0.186378 0.165785 0.201948 0.347013 0.602672 0.706764 0.782251 0.800123 0.795168 0.915275 0.931045 0.951757 1 0.981268 0.866477 0.614467 0.383106 0.318805 0.247611 0.23328 0.214585 0.118952 0.0373934 0.0330664 0.112587 0.14793 0.00903301 0.0504274 0.19087 0.224427 0.221069 0.226413 0.213872 0.215633 0.162039 0.0678788 0.201195 0.189729 0.254545 0.263158 0.0634921 0.0564103 0.0965909 0.0938215 0.15427 0.0669746 1 
0.300885 0.135019 0.227989 0.0118878 0.254375 0.234077 0.251082 0.279603 0.353473 0.369369 0.44279 0.594373 0.503527 0.378158 0.294312 0.30633 0.256554 0.277922 0.201347 0.509846 0.662943 0.62376 0.557486 0.672677 0.588525 0.825091 0.99065 0.916324 0.797585 0.649835 0.561308 0.778252 0.583955 0.25045 0.0128874 0.173286 0.293899 0.455132 0.567679 0.450654 0.542675 0.869719 0.796974 0.72958 0.817316 0.492732 0.457443 0.688529 0.641595 0.431515 0.365538 0.239658 0.0779221 0.24269 0.260771 0.182051 0.150568 0.0411899 0.115702 0.0254042 1 
