sonar 61 103
0.264012 0.117874 0.0712878 0.0397052 0.0284048 0.169578 0.218615 0.215215 0.13594 0.0985271 0.180774 0.341295 0.351231 0.093431 0.056776 0.142581 0.196042 0.33361 0.136545 0.278253 0.586741 0.692056 0.829501 0.851757 0.765369 0.583104 0.552054 0.423837 0.396916 0.404602 0.506594 0.624691 0.713536 0.670588 0.580853 0.535585 0.497048 0.384527 0.397849 0.641176 0.791662 0.803053 0.813009 0.52654 0.456639 0.34531 0.268381 0.295897 0.16002 0.326061 0.0657371 0 0.103896 0.0409357 0 0.176923 0.264205 0.116705 0.231405 0.124711 0 
0.0744838 0.316331 0.115637 0.0397052 0.00228253 0.119054 0.291396 0.223594 0.241818 0.308594 0.40862 0.387749 0.355981 0.209756 0.186378 0.165785 0.201948 0.347013 0.602672 0.706764 0.782251 0.800123 0.795168 0.915275 0.931045 0.951757 1 0.981268 0.866477 0.614467 0.383106 0.318805 0.247611 0.23328 0.214585 0.118952 0.0373934 0.0330664 0.112587 0.14793 0.00903301 0.0504274 0.19087 0.224427 0.221069 0.226413 0.213872 0.215633 0.162039 0.0678788 0.201195 0.189729 0.254545 0.263158 0.0634921 0.0564103 0.0965909 0.0938215 0.15427 0.0669746 1 
0.267699 0.133733 0.134034 0.0694246 0.436216 0.411986 0.231061 0.168026 0.252332 0.27742 0.403516 0.422333 0.504102 0.372486 0.583709 0.784246 0.972956 1 0.983484 0.851241 0.835898 0.903998 0.559924 0.38869 0.584631 0.646767 0.620653 0.485591 0.551339 0.449345 0.462888 0.327342 0.366691 0.390249 0.213869 0.096371 0.105073 0.0500156 0.23171 0.333551 0.265084 0.324542 0.221518 0.0752383 0.174865 0.3017 0.398044 0.321653 0.213529 0.196364 0.0926295 0.0542083 0.101299 0.19883 0.217687 0.15641 0.164773 0.135011 0.115702 0.108545 0 
0.0752212 0.0270039 0.086728 0.124822 0.215065 0.313088 0.417749 0.412789 0.338516 0.294008 0.126329 0.0759086 0.373974 0.35939 0.507774 0.654386 0.696508 0.743584 0.827162 0.849422 0.959422 0.983437 0.862774 0.631493 0.49457 0.492786 0.677907 0.844277 0.818689 0.569831 0.268992 0.264435 0.252861 0.178166 0.125089 0.0882056 0.0587142 0.0471041 0.0551339 0.155773 0.226752 0.264835 0.133842 0.221721 0.28675 0.245063 0.201376 0.119197 0.153963 0.101818 0.0388446 0.064194 0.0623377 0.0292398 0.015873 0.0641026 0.0482955 0.135011 0.0688705 0.106236 1 
0.165929 0.0908701 0.101511 0.121493 0.0667005 0.110454 0.233766 0.145094 0.0731527 0.039468 0.233234 0.322098 0.391824 0.24059 0.379175 0.492062 0.276241 0.340779 0.662424 0.711794 0.478605 0.431653 0.680725 0.808729 0.772643 0.883577 0.887488 0.888123 0.858969 0.793651 0.551281 0.229387 0.313137 0.148702 0.229518 0.552823 0.473431 0.0619736 0.127662 0.0690632 0.342907 0.450427 0.344756 0.138882 0.201592 0.231349 0.133647 0.189877 0.0726906 0.273939 0.060757 0.219686 0.366234 0.24269 0.240363 0.230769 0.144886 0.0366133 0.179063 0.039261 0 
0.300885 0.135019 0.227989 0.0118878 0.254375 0.234077 0.251082 0.279603 0.353473 0.369369 0.44279 0.594373 0.503527 0.378158 0.294312 0.30633 0.256554 0.277922 0.201347 0.509846 0.662943 0.62376 0.557486 0.672677 0.588525 0.825091 0.99065 0.916324 0.797585 0.649835 0.561308 0.778252 0.583955 0.25045 0.0128874 0.173286 0.293899 0.455132 0.567679 0.450654 0.542675 0.869719 0.796974 0.72958 0.817316 0.492732 0.457443 0.688529 0.641595 0.431515 0.365538 0.239658 0.0779221 0.24269 0.260771 0.182051 0.150568 0.0411899 0.115702 0.0254042 1 
0.164454 0.133733 0.133706 0.0810747 0.182856 0.178447 0.229437 0.239912 0.224937 0.276705 0.335035 0.419695 0.316252 0.16964 0.140335 0.160085 0.148378 0.257351 0.477803 0.589683 0.748735 0.808302 0.766133 0.875832 0.878381 0.941624 1 0.973137 0.84233 0.589965 0.416349 0.310155 0.251181 0.191309 0.100542 0.019254 0.0250383 0.0914006 0.0738984 0.10512 0 0.139316 0.26652 0.264623 0.266989 0.280719 0.310757 0.320156 0.240787 0.206061 0.185259 0.125535 0.171429 0.216374 0.0725624 0.0564103 0.0710227 0.0228833 0.0936639 0.124711 1 
0.327434 0.184741 0.109067 0.0946267 0 0.211771 0.477543 0.371775 0.225529 0.185185 0.340848 0.442995 0.627753 0.568423 0.445381 0.210564 0.188063 0.29361 0.254681 0.383027 0.416105 0.220939 0.620112 0.894068 0.889139 0.727833 0.667822 0.834294 1 0.825503 0.538965 0.468771 0.797018 0.716587 0.377621 0.148992 0.136344 0.184881 0.506747 0.50817 0.229763 0.432601 0.360145 0.232801 0.0500426 0.0648656 0.0583122 0.122192 0.0822817 0.106667 0.120518 0.0841655 0.0701299 0.289474 0.358277 0.376923 0.190341 0.187643 0.319559 0.115473 0 
0.235988 0.054865 0.223719 0.266762 0.0712655 0.289707 0.518128 0.342227 0.438472 0.609038 0.743513 0.811108 0.98431 0.700629 0.735881 0.735701 0.857217 0.943688 0.87187 0.776648 0.55312 0.290563 0 0 0.23709 0.434079 0.477571 0.423837 0.274249 0.126132 0.335477 0.350258 0.298645 0.307366 0.349289 0.0679435 0.162147 0.149423 0.152224 0.160784 0.0250145 0.109646 0.140437 0.104612 0.111459 0.0667855 0.0795002 0.175502 0.186774 0.224242 0.300797 0.336662 0.58961 0.24269 0.346939 0.484615 0.0823864 0.855835 0.344353 0.34642 1 
0.180678 0.0797257 0.0785151 0.000713267 0.07228 0.160978 0.332792 0.22602 0.214423 0.216931 0.105062 0.285903 0.19548 0.243065 0.291805 0.286587 0.0362657 0.106597 0.262571 0.34878 0.325253 0.22329 0.386246 0.55691 0.599795 0.594999 0.637462 0.760498 1 0.836263 0.547902 0.453831 0.492702 0.429889 0.161501 0.0716734 0.0201181 0.158365 0.230867 0.221786 0.278981 0.340049 0.224104 0.104999 0.0476258 0.127948 0.184353 0.0925427 0.104997 0.385455 0.131474 0.156919 0.298701 0.119883 0.145125 0.0282051 0.0909091 0.0114416 0.118457 0.163972 0 
0.0818584 0.0612945 0.20565 0.398003 0.633528 0.660306 0.78842 0.894157 0.726788 0.830402 0.785907 0.759525 0.761192 0.519852 0.496539 0.694382 0.823024 0.775481 0.812224 0.931828 1 0.920663 0.771008 0.535908 0.442828 0.550832 0.521799 0.379477 0.0748782 0.188772 0.165995 0.0205572 0.217053 0.190461 0.0108418 0.147883 0.0941395 0.214516 0.295172 0.335294 0.311639 0.0952381 0.163714 0.177918 0.161501 0.0707625 0.0132198 0.0832585 0.187784 0.146667 0.15239 0.119829 0.0779221 0.25731 0.260771 0.00512821 0.505682 0.208238 0.316804 0.13164 0 
0.550885 0.282898 0.153088 0.0798859 0.13264 0.147003 0.318182 0.531863 0.516659 0.621479 0.54771 0.544549 0.586152 0.398268 0.451098 0.525544 0.720858 0.604468 0.161793 0.425942 0.383221 0.41642 0.547526 0.528634 0.299283 0.150237 0.684316 1 0.7222 0.437946 0.503651 0.56785 0.252441 0.081505 0.176741 0.413407 0.465012 0.294686 0.259013 0.251961 0.187493 0.291575 0.238847 0.108348 0.0983793 0.0724081 0.0646505 0.0254567 0.116103 0.0557576 0.155378 0.0328103 0.127273 0.277778 0.235828 0.0282051 0.196023 0.102975 0.292011 0.203233 0 
0.0855457 0.0265752 0.0962549 0.0601522 0.00456505 0.178715 0.199675 0.128997 0.0964016 0.112684 0.0653623 0.0890973 0.149993 0.138806 0.229311 0.282109 0.329189 0.340987 0.286871 0.260809 0.376476 0.415704 0.43446 0.585698 0.687295 0.822227 0.881815 0.629889 0.321023 0.299563 0.483706 0.470456 0.268508 0.440276 0.506495 0.508266 0.480538 0.469897 0.446131 0.473094 0.444239 0.343956 0.296909 0.122262 0.0135058 0.072271 0.0693589 0.0320455 0.0545179 0.0933333 0.108566 0.0770328 0.0597403 0.0877193 0.156463 0.0897436 0.142045 0.0228833 0.140496 0.039261 0 
0.188053 0.0672953 0.107096 0.0449358 0.191479 0.310132 0.349026 0.337155 0.287576 0.287287 0.272366 0.31697 0.400173 0.390636 0.507975 0.544474 0.649052 0.667948 0.633915 0.65625 0.769288 0.833248 0.890749 0.985247 1 0.933363 0.886228 0.804961 0.678166 0.528284 0.41624 0.329701 0.163604 0.0621092 0.0599366 0.145665 0.248743 0.215556 0.169618 0.25 0.23729 0.225275 0.268589 0.227648 0.159084 0.106829 0.24339 0.287511 0.301868 0.4 0.196215 0.258203 0.516883 0.219298 0.0839002 0.225641 0.383523 0.208238 0.286501 0.200924 1 
0.260324 0.117017 0.0289093 0.12078 0.175501 0.155066 0.253517 0.312679 0.309344 0.347633 0.375301 0.395516 0.355981 0.300505 0.277159 0.2414 0.168998 0.161455 0.245319 0.277076 0.315346 0.317452 0.387199 0.464604 0.468033 0.59522 0.824982 0.944216 1 0.832215 0.549537 0.49326 0.495957 0.398092 0.175616 0.14506 0.181391 0.140688 0.0693654 0.231699 0.388767 0.536386 0.509375 0.261531 0.285755 0.299918 0.333213 0.442348 0.490156 0.271515 0.150398 0.138374 0.0493506 0.0233918 0.115646 0.225641 0.0170455 0.189931 0.300275 0.106236 1 
0.141593 0.226747 0.104796 0.180694 0.170682 0.0596614 0.239448 0.223815 0.218866 0.160303 0.213668 0.227286 0.153016 0.237599 0.334938 0.389579 0.134494 0.196468 0.286661 0.502997 0.805965 1 0.86235 0.681283 0.620799 0.530565 0.549007 0.585838 0.421774 0.153936 0.0564578 0.207032 0.192271 0.399046 0.316457 0.165927 0.117866 0.185609 0.168248 0.22037 0.383787 0.240171 0.100608 0.11917 0.339494 0.466264 0.469757 0.330039 0.459869 0.56 0.170319 0.0356633 0.116883 0.526316 0.219955 0.3 0.110795 0.199085 0.190083 0.214781 1 
0.14823 0.0895842 0.0847569 0.0192582 0.0735481 0.183553 0.236201 0.188093 0.159337 0.12298 0.12959 0.126905 0.145099 0.153553 0.236634 0.201099 0.163714 0.144416 0.0265096 0.0651755 0.157357 0.138227 0.216382 0.527303 0.840164 1 0.86175 0.664677 0.547179 0.428784 0.340817 0.185464 0.120025 0.199258 0.294262 0.228226 0.0773016 0 0.0165507 0.127887 0.217834 0.226984 0.205224 0.12136 0.11942 0.0918815 0.0619341 0.140461 0.180212 0.164848 0.0816733 0.188302 0.101299 0.122807 0.151927 0.0435897 0.125 0.0480549 0.0220386 0.0254042 0 
0.0420354 0.00900129 0.0243101 0.000713267 0.0895257 0.205052 0.310877 0.208159 0.281505 0.315315 0.309514 0.387456 0.279545 0.0448592 0.116662 0.269286 0.401202 0.509506 0.56417 0.588292 0.657778 0.782538 0.891279 0.982379 1 0.830378 0.585566 0.283244 0 0.203792 0.419946 0.507077 0.517904 0.609327 0.513961 0.372681 0.220643 0.139025 0.158866 0.341285 0.256514 0.289011 0.349929 0.299279 0.245095 0.199808 0.212785 0.259958 0.19788 0.158788 0.0916335 0.0998573 0.171429 0.207602 0.0634921 0.153846 0.0965909 0.0755149 0.030303 0.0715935 1 
0.528024 0.53279 0.54205 0.341893 0.348973 0.717012 0.682359 0.36538 0.0579002 0.143143 0.205586 0.428488 0.441198 0.195009 0.200622 0.246082 0.149933 0.212675 0.327688 0.123502 0.220489 0.649525 0.971813 0.975105 0.803176 0.616808 0.465805 0.522746 0.761465 0.493981 0.503433 0.428555 0.386748 0.179544 0 0.417238 0.562541 0.218363 0.175311 0.284532 0.286856 0.538095 0.410966 0.103968 0.169463 0.292649 0.586925 0.882001 0.744069 0.255758 0.359562 0.621969 0.584416 0.818713 0.306122 0.402564 0.494318 0.437071 0.567493 0.117783 1 
0.175516 0.343763 0.161629 0.0442225 0.420238 1 1 0.777949 0.496668 0.298012 0.335177 0.43772 0.777026 0.685057 0.79366 0.711378 0.327738 0.169662 0.229539 0.389876 0.50253 0.334322 0.0918724 0.534167 0.624795 0.74799 0.667822 0.795698 0.804485 0.819964 0.79673 0.521793 0.0982884 0.2708 0.497187 0.474496 0.109884 0.199231 0.254902 0.404793 0.297973 0.134188 0.220484 0.16671 0.129229 0.109709 0.10268 0.0592992 0.0575467 0.18303 0.0846614 0.242511 0.176623 0.201754 0.0725624 0.287179 0.0852273 0.0823799 0.220386 0.108545 0 
0.471239 0.275611 0.237188 0.25535 0.612478 0.3104 0.477273 0.205954 0.353176 0.473187 0.26074 0.167204 0.553908 0.558008 0.237436 0.424283 0.580769 0.560727 0.808121 0.875321 0.499157 0.629179 0.827805 0.661817 0.770082 0.86232 0.82141 0.680527 0.327516 0.617024 0.72545 0.875983 0.648955 0.534393 0.279943 0.0629032 0.0676799 0.36997 0.596353 0.370806 0.412739 0.58022 0.595112 0.53646 0.773102 0.774685 0.578595 0.743935 0.655729 1 0.242032 0.28816 0.924675 0.669591 1 1 1 1 0.666667 0.212471 1 
0.143068 0.079297 0.130092 0.0625297 0.16003 0.396936 0.380141 0.297023 0.440249 0.543544 0.455834 0.503077 0.541097 0.313293 0.331026 0.289029 0.204642 0.104519 0.310961 0.403682 0.461425 0.353543 0.404366 0.473824 0.611373 0.697764 0.645341 0.762145 0.79515 0.848407 0.958147 0.741968 0.459309 0.338845 0.120998 0.10756 0.118303 0.149423 0.340923 0.589542 0.651766 0.613065 0.712789 0.647642 1 0.809654 0.736871 0.826894 0.799596 0.618182 0.0537849 0.0998573 0.509091 0.274854 0.0748299 0.0692308 0.167614 0.19222 0.190083 0.0831409 1 
0.0553097 0.0240034 0.0781866 0.102473 0.286584 0.399624 0.367695 0.205513 0.130312 0.254826 0.227846 0.338658 0.55981 0.279984 0.287892 0.525544 0.380582 0.12426 0.266148 0.347924 0.319351 0.431346 0.620006 0.44688 0.591086 0.855711 0.826137 0.760086 0.500913 0.426867 0.533842 0.558414 0.353565 0.359194 0.734274 0.774294 0.383446 0.029531 0.349252 0.653268 0.364794 0.275458 0.283848 0.393069 0.275377 0.215304 0.0867439 0.161126 0.0737002 0.0824242 0.186255 0.0727532 0.233766 0.538012 0.1678 0.379487 0.440341 0.114416 0.517906 0.221709 0 
0.137168 0.00857265 0.0404074 0.000951022 0.0167385 0.0131685 0.137446 0.0341786 0.0636754 0.140712 0.0782646 0.103458 0.146826 0.0151593 0 0 0.0284945 0.182026 0.309489 0.337864 0.349178 0.464676 0.609304 0.746235 0.864242 0.866505 0.779494 0.830897 0.962561 0.959412 0.954114 0.954729 0.969337 1 0.784392 0.526915 0.258802 0.163253 0.105735 0.32549 0.397221 0.494383 0.433855 0.386241 0.390674 0.277564 0.188881 0.135669 0.170116 0.147879 0.0717131 0.142653 0.168831 0.154971 0.0544218 0.0179487 0.0113636 0.0480549 0.15427 0.0877598 0 
0.0471976 0.0342906 0.0131406 0.0456491 0.0702511 0.119323 0.133929 0.199118 0.138309 0.161161 0.114561 0.143464 0.24327 0.320718 0.320594 0.260635 0.372397 0.629299 0.712918 0.857984 0.965641 0.984357 0.944898 0.798791 0.675512 0.464258 0.274083 0.0564018 0.393162 0.184404 0.155095 0.0933498 0.130211 0.226709 0.231768 0.359778 0.331402 0.125403 0.0651486 0.105882 0.0790967 0.0956044 0.179878 0.105514 0.096389 0.0909216 0.217675 0.207248 0.0767289 0.322424 0.173307 0.239658 0.316883 0.22807 0.208617 0.0384615 0.159091 0.125858 0.15978 0.0600462 0 
0.079646 0.00685812 0.0594612 0.0351878 0.0286584 0.104811 0 0.075634 0.106027 0.0517661 0.122359 0.0416178 0.145099 0.172218 0.181463 0.194891 0.166511 0.13039 0.0761624 0.0386344 0.0887437 0.300378 0.432553 0.580576 0.669672 0.792819 0.852295 0.920543 0.836343 0.705763 0.633243 0.536621 0.435997 0.534499 0.503631 0.388004 0.101465 0.00291151 0.0514442 0.110458 0.109554 0.207692 0.342429 0.251868 0.0932613 0.0795392 0.0577689 0.0901468 0.137304 0.089697 0.148406 0.166904 0.335065 0.0467836 0.0725624 0.0358974 0.3125 0.125858 0.126722 0.150115 0 
0.0899705 0.124732 0.03318 0.00570613 0.0441288 0.0405805 0.0665584 0.016538 0.0613061 0.108823 0.114987 0.124267 0.130992 0.0773435 0.0571772 0.0757175 0.099886 0.247584 0.333053 0.493686 0.55839 0.609549 0.562891 0.450773 0.531148 0.70999 0.904297 1 0.822139 0.514328 0.31248 0.0531341 0.117925 0.419396 0.64979 0.736895 0.832276 0.739316 0.677209 0.500654 0.231036 0.201221 0.352774 0.517392 0.586437 0.475864 0.496016 0.536089 0.465422 0.334545 0.168327 0.104137 0.0909091 0.0438596 0.0680272 0.138462 0.181818 0.0732265 0.115702 0.0623557 1 
0.0855457 0.163309 0.103154 0.00475511 0.165864 0.332975 0.431006 0.407277 0.375389 0.44044 0.45073 0.513189 0.413272 0.170465 0.135821 0.199471 0.249611 0.436468 0.630444 0.69542 0.790261 0.787752 0.872099 1 0.986168 0.942064 0.944742 0.929498 0.830154 0.59657 0.358583 0.271624 0.164339 0.209645 0.204562 0.125706 0.0185874 0.0244359 0.110162 0.146296 0.0562826 0.121978 0.211949 0.246844 0.296417 0.320214 0.355668 0.389338 0.319536 0.221818 0.136454 0.202568 0.184416 0.0643275 0.0702948 0.171795 0.105114 0.01373 0.0385675 0.182448 1 
0.702802 0.349336 0.201708 0.130766 0.139488 0.296963 0.246483 0.919074 0.839479 0.702417 0.453566 0.214537 0.272348 0.290193 0.420604 0.52412 0.216247 0.156779 0.148748 0.820312 1 0.394336 0.0420685 0.173036 0.223258 0.316004 0.253388 0.325957 0.368608 0.490039 0.199891 0.329252 0.451958 0.625755 0.662985 0.735383 0.765909 0.770407 0.676471 0.560131 0.27817 0.181807 0.261089 0.287426 0.600085 0.420598 0.240674 0.404013 0.533569 0.604848 0.205179 0.0927247 0.197403 0.856725 0.417234 0.533333 0.349432 0.453089 0.575758 0.0808314 1 
0.143068 0.116588 0.0328515 0.0920114 0.091301 0.178447 0.385552 0.303197 0.269362 0.24882 0.206862 0.193435 0.18598 0.113953 0.256094 0.37299 0.459538 0.517922 0.599411 0.776541 0.922428 1 0.902511 0.73722 0.544775 0.247935 0.0855132 0.0323178 0.261567 0.319911 0.306376 0.5 0.363226 0.173079 0.0121714 0.242843 0.38115 0.325569 0.24067 0.178976 0.143486 0.0989011 0.0762964 0.104741 0.069946 0.057186 0.0896414 0.109913 0.0580515 0.14303 0.13247 0.125535 0.0233766 0.114035 0.0748299 0.0641026 0.213068 0.100686 0.0550964 0.0115473 1 
0.571534 0.300471 0.11071 0.380884 0.320314 0.0333244 0.199675 0.57839 0.827632 0.928929 0.668226 0.343933 0.211026 0.42013 0.449794 0.449522 0.31261 0.376623 0.508205 0.89405 0.993571 0.354769 0.0475787 0.000922037 0.21291 0.337042 0.186784 0.510807 0.685268 0.820603 0.418965 0.37486 0.554342 0.829995 0.791654 0.715121 0.733107 0.807424 0.762176 0.644553 0.485698 0.570574 0.579077 0.479516 0.667188 0.526467 0.13908 0.439353 0.392226 0.568485 0.192231 0.413695 1 0.830409 0.38322 0.628205 0.392045 0.160183 0.0661157 0.2194 1 
0.221239 0.105444 0.0499343 0.100095 0.211768 0.256651 0.268128 0.254465 0.172664 0.20306 0.26074 0.337046 0.360155 0.260905 0.186077 0.134643 0.187649 0.212156 0.262466 0.28735 0.345067 0.382067 0.494755 0.683741 0.781557 0.81683 0.915853 1 0.897524 0.622457 0.59782 0.443833 0.264622 0.220668 0.168047 0.084879 0.161601 0.141416 0.219376 0.249455 0.249913 0.381929 0.217897 0.0869621 0.16861 0.251371 0.340094 0.333633 0.156487 0.173333 0.13745 0.142653 0.148052 0.0994152 0.14966 0.00769231 0.144886 0.0732265 0 0.113164 1 
0.109145 0.0822975 0.0614323 0.0779838 0.173726 0.360656 0.393398 0.315105 0.350511 0.387387 0.482348 0.514947 0.538794 0.312983 0.105728 0.0994301 0.320899 0.526338 0.628656 0.708476 0.778035 0.822513 0.861926 0.778301 0.706967 0.526159 0.254964 0.447921 0.635653 0.723554 0.826921 0.900472 1 0.988235 0.668099 0.385585 0.098185 0.337527 0.63093 0.871351 0.84586 0.654579 0.338032 0.221979 0.400057 0.379046 0.359471 0.449835 0.615346 0.597576 0.0268924 0.0984308 0.0545455 0.0614035 0.174603 0.0410256 0.230114 0.240275 0.225895 0.0623557 1 
0.180678 0.153022 0.0397503 0.0508797 0.0372813 0.0634238 0.16829 0.296582 0.26181 0.320463 0.344676 0.323271 0.213186 0.00649685 0.127495 0.157338 0.18941 0.290909 0.338733 0.416952 0.546796 0.733872 0.794638 0.880852 0.941803 1 0.934342 0.753294 0.708097 0.825077 0.778202 0.467648 0.130001 0.141706 0.145034 0.180343 0.251913 0.138297 0.0619861 0.070915 0.0563984 0.246642 0.323936 0.239887 0.204578 0.201591 0.179464 0.0122791 0.0777385 0.140606 0.180279 0.196862 0.322078 0.108187 0.0748299 0.146154 0.105114 0.0755149 0.165289 0.251732 1 
0.371681 0.232319 0.271682 0.0620542 0.276693 0.220371 0.268939 0.123043 0.205834 0.389675 0.356302 0.417644 0.355981 0.363824 0.56124 0.428862 0.235002 0.0856104 0.650326 0.936002 0.771501 0.524793 0.661863 0.915378 0.75543 0.803943 0.8815 0.597674 0.286425 0.0521999 0.0911172 0.0247135 0.0538696 0.40212 0.352153 0.0977823 0.171004 0.368826 0.412924 0.264597 0.0916039 0.261294 0.242985 0.185133 0.30509 0.323642 0.203731 0.0760707 0.143867 0.215758 0.0517928 0.104137 0.298701 0.102339 0.260771 0.238462 0.232955 0.100686 0.129477 0.108545 0 
0.0597345 0.170596 0.21912 0.149786 0.207963 0.223058 0.249459 0.459757 0.365911 0.405977 0.529704 0.719812 0.678998 0.397443 0.355502 0.334317 0.281732 0.267013 0.405744 0.707192 0.804701 0.806053 0.646604 0.688352 0.769262 0.855491 1 0.993928 0.877537 0.625226 0.587902 0.674455 0.472015 0.269528 0.00787563 0.330242 0.307894 0.389934 0.623023 0.529412 0.260915 0.566667 0.621492 0.633986 0.75263 0.303895 0.253712 0.565439 0.478041 0.162424 0.308765 0.326676 0.18961 0.391813 0.371882 0.0205128 0.301136 0.0755149 0.115702 0.0277136 1 
0.140855 0.0540077 0.170171 0.121493 0.147096 0.357431 0.354708 0.437927 0.221531 0.20878 0.288955 0.226993 0.190442 0.169434 0.203631 0.218298 0.208372 0.096 0.349043 0.556721 0.420004 0.476127 1 0.864256 0.458811 0.486838 0.600483 0.705949 0.554079 0.331842 0.217875 0.170411 0.0954531 0.329942 0.272067 0.317339 0.246665 0.172299 0.213472 0.130937 0.0374059 0.0339438 0.0925902 0.125741 0.111885 0.0715853 0.0905469 0.0691824 0.11156 0.174545 0.305777 0.53923 0.368831 0.0233918 0.213152 0.235897 0.210227 0.405034 0.297521 0.147806 0 
0.379794 0.376768 0.651117 0.605326 0.800913 0.576458 0.158009 0.492172 0.129572 0.0896611 0.187296 0.291618 0.362603 0.318862 0.424817 0.405251 0.549788 0.680104 0.847149 0.918022 0.912626 1 0.950408 0.907899 0.829611 0.675405 0.635886 0.432174 0.234984 0.149888 0.105068 0.0662772 0.108474 0.231055 0.430705 0.498286 0.44719 0.435479 0.374868 0.303159 0.352982 0.602442 0.469675 0.178691 0.2559 0.17814 0.0947121 0.244684 0.236749 0.138182 0.297809 0.336662 0.503896 0.722222 0.172336 0.376923 0.477273 0.327231 0.366391 0.115473 1 
0.376844 0.238748 0.395532 0.272943 0.0453969 0.247245 0.136905 0.0846748 0.32815 0.217217 0.319722 0.376758 0.406938 0.318449 0.300231 0.216059 0.265361 0.0977662 0.0691142 0.294092 0.532251 0.629792 0.634736 0.731995 0.644877 0.49587 0.671919 0.724681 0.769278 0.811335 0.905177 0.977758 0.653996 0.623211 0.744809 0.473286 0.143779 0.350005 0.35895 0.216667 0.639954 0.680342 0.333247 0.675728 0.874183 0.702551 0.613003 0.448937 0.275618 0.327273 0.378486 0.472183 0.374026 0.950292 0.839002 0.435897 0.366477 0.228833 1 0.466513 1 
0.279499 0.177454 0.14159 0.117214 0.134415 0.353131 0.249729 0.164719 0.228491 0.349635 0.395435 0.464244 0.462934 0.379293 0.333133 0.212701 0.179981 0.194597 0.303808 0.419735 0.628373 0.663429 0.682844 0.75607 0.768955 0.643904 0.724026 0.777069 0.961343 1 0.828774 0.578971 0.517904 0.5062 0.29508 0.283972 0.206976 0.0599979 0.201982 0.338889 0.358309 0.467155 0.418984 0.119299 0.166761 0.0776193 0.138718 0.290207 0.29682 0.0606061 0.11753 0.196862 0.0909091 0.304094 0.0589569 0.148718 0.278409 0.148741 0.143251 0.187067 1 
0.0390855 0.096871 0.163601 0.0917737 0.0461577 0.143779 0.105249 0.237045 0.271879 0.337766 0.186729 0.100528 0.318699 0.303908 0.427726 0.253409 0.0328463 0.110857 0.197665 0.207513 0.20879 0.376649 0.616827 0.798894 0.695287 0.655689 0.684526 0.851585 1 0.959625 0.927956 0.805549 0.674682 0.58018 0.426818 0.450202 0.285152 0.125195 0.138098 0.078976 0.0941517 0.207326 0.352774 0.21966 0.0275803 0.0292101 0.0641072 0.125786 0.046946 0.247273 0.198207 0.235378 0.41039 0.131579 0.0884354 0.164103 0.107955 0.112128 0.53168 0.228637 0 
0.162242 0.0917274 0.0499343 0.108892 0.172204 0.273851 0.331439 0.366483 0.444099 0.441298 0.376719 0.329426 0.334821 0.15809 0.13863 0.290759 0.340483 0.364883 0.261519 0.167273 0.117201 0.114917 0.157147 0.363897 0.566701 0.729596 0.832545 0.850453 0.902192 1 0.998801 0.843406 0.623228 0.611977 0.676281 0.775302 0.845506 0.732349 0.624499 0.609041 0.471685 0.403541 0.490754 0.637722 0.621695 0.329676 0.204274 0.495358 0.470974 0.272727 0.213147 0.303852 0.381818 0.21345 0.117914 0.0487179 0.153409 0.112128 0.0716253 0.034642 1 
0.520649 0.672096 0.360381 0.244175 0.151915 0.456329 0.290855 0.603969 0.197394 0.0975261 0.318304 0.539859 0.459335 0.137878 0.186378 0.320171 0.20029 0.187221 0.142962 0.48277 0.509064 0.621511 0.834375 0.667657 0.572234 0.574953 0.874882 0.83275 0.377942 0.472782 0.542016 0.431027 0.110994 0.502173 0.691419 0.708569 0.579051 0.46657 0.542273 0.470153 0.5663 0.734921 0.679038 0.175084 0.606767 0.609161 0.397139 0.269542 0.605755 0.761212 0.233068 0.429387 0.316883 0.210526 0.623583 0.289744 0.252841 0.329519 0.429752 0.284065 1 
0.0154867 0.0308616 0.0252957 0.0782216 0.117423 0.294276 0.327381 0.214112 0.172368 0.110825 0.0918758 0.14786 0.203685 0.130865 0.182064 0.15978 0.116879 0.142649 0.101094 0.09878 0.183917 0.179532 0.297234 0.572585 0.846824 1 0.837903 0.652532 0.549919 0.352828 0.299837 0.185352 0.151528 0.213567 0.299069 0.220565 0.0485458 0.0379536 0.0838077 0.201743 0.26161 0.299267 0.256433 0.122133 0.132357 0.132337 0.0689967 0.130279 0.169611 0.0666667 0.0786853 0.158345 0.12987 0.0730994 0.0680272 0 0.0426136 0.105263 0.0633609 0.0230947 0 
1 0.522932 0.450066 0.339039 0.433426 0.356356 0.470779 0.464388 0.230268 0.279422 0.562597 0.76905 1 0.694029 0.676698 0.791472 0.935965 0.888312 0.910162 0.767979 0.784992 0.793784 0.757974 0.653212 0.473361 0.512281 0.442904 0.551256 0.443689 0.293598 0.24 0.217367 0.270398 0.297191 0.258771 0.096875 0.153728 0.288344 0.340713 0.285294 0.108975 0.293284 0.440191 0.225844 0.0965311 0.145639 0.116443 0.159329 0.268046 0.329697 0.170319 0.156919 0.322078 0.976608 0.133787 0.161538 0.0539773 0.173913 0.399449 0.103926 1 
0.153392 0.158165 0.154074 0.0991441 0.147096 0.131416 0.194805 0.00948181 0.0901821 0.196482 0.122926 0.207796 0.525263 0.34289 0.168723 0.0991248 0 0.355429 0.726594 0.991973 0.979132 0.886515 0.651584 0.414609 0.321107 0.70988 0.959134 0.727563 0.478084 0.104506 0.275204 0.414738 0.282789 0.327822 0.325765 0.212298 0.230921 0.243631 0.137993 0.291394 0.254545 0.205617 0.274279 0.141587 0.140034 0.174301 0.264216 0.348607 0.392226 0.532121 0.060757 0.195435 0.319481 0.394737 0.117914 0.115385 0.176136 0.20595 0.15978 0.0369515 0 
0.184366 0.186027 0.0400788 0.00618165 0.0603601 0.0902983 0.0833333 0.159868 0.113875 0.0952381 0.00538778 0.267292 0.248165 0.0816747 0.143043 0.210666 0.178323 0.0758442 0.0614349 0.0544735 0.180438 0.0480523 0.158631 0.219752 0.0680328 0.149466 0.566341 0.84119 0.84446 0.752743 0.825395 0.65783 0.637194 0.90461 0.988238 0.934274 0.722611 0.556307 0.579907 0.713072 0.612739 0.633822 0.4764 0.257279 0.214956 0.0696654 0.168598 0.2941 0.264513 0.227879 0.0996016 0.042796 0.472727 0.426901 0.14059 0.238462 0.198864 0.17849 0.23416 0.205543 0 
0.187316 0.161595 0.160972 0.154303 0.316003 0.537759 0.603355 0.544432 0.52125 0.829687 0.90543 0.797626 0.71844 0.315665 0.197713 0.274171 0.268159 0.316779 0.573848 0.735231 0.890282 0.810551 0.693653 0.73138 0.713217 0.807688 0.886228 0.981474 0.815239 0.451156 0.296567 0.266345 0.200042 0.286063 0.148512 0.310081 0.165974 0.312779 0.592663 0.436492 0.0950782 0.43895 0.601966 0.615434 0.5 0.126166 0.222202 0.534591 0.547703 0.363636 0.344622 0.226819 0.503896 0.394737 0.170068 0.105128 0.113636 0.0549199 0.14876 0.117783 1 
0.14233 0.0771539 0.0381078 0.0363766 0.137712 0.137329 0.156656 0.0994487 0.135347 0.14014 0.109741 0.138189 0.159349 0.135918 0.165413 0.17871 0.131178 0.132156 0.0949926 0.0824058 0.202045 0.265515 0.394935 0.635591 0.903791 1 0.799034 0.600556 0.519075 0.326409 0.246757 0.0691979 0.0905177 0.145204 0.176844 0.172077 0.00852832 0.0741395 0.146637 0.257516 0.323104 0.349695 0.245959 0.0896676 0.107762 0.124794 0.0798624 0.0730758 0.133771 0.115152 0.139442 0.0941512 0.150649 0.207602 0.183673 0.102564 0.0710227 0.0366133 0.132231 0.039261 0 
0.0383481 0.0385769 0.00295664 0 0.0329698 0.138672 0.107955 0.197574 0.112691 0.152581 0.0976889 0.0986225 0.067943 0.0329999 0.0803491 0.11551 0.175008 0.356987 0.416263 0.48887 0.569035 0.648911 0.608774 0.590001 0.483402 0.520542 0.674966 0.846953 1 0.911154 0.784087 0.648506 0.5241 0.562162 0.535952 0.547883 0.460311 0.320578 0.317626 0.298039 0.24806 0.193529 0.207552 0.19209 0.188513 0.0942128 0.109018 0.168014 0.154467 0.186667 0.0288845 0.0570613 0.0467532 0.0292398 0.0770975 0.0384615 0.0880682 0.0709382 0.137741 0.0577367 0 
0.0626844 0.0805829 0.0459921 0.102473 0.19579 0.243752 0.431277 0.444542 0.388124 0.411411 0.418687 0.487837 0.542248 0.508198 0.694352 0.845308 1 0.924987 0.843257 0.787029 0.804174 0.879869 0.714104 0.601168 0.708914 0.830158 0.6133 0.465624 0.623681 0.696602 0.601962 0.430353 0.381077 0.400636 0.154137 0.191028 0.220752 0.0994073 0.127767 0.330501 0.186219 0.243956 0.16449 0.145452 0.276656 0.301015 0.349511 0.448637 0.390207 0.237576 0.121514 0.174037 0.176623 0.195906 0.156463 0.14359 0.21875 0.0366133 0.143251 0.0300231 0 
0.0412979 0.0415774 0.0394218 0.103661 0.0471722 0.189196 0.180736 0.150606 0.00621946 0.112255 0 0.193142 0.180366 0.078581 0.139733 0.108386 0.0562636 0.173714 0.0350305 0.0928938 0.265493 0.14201 0.0110205 0.121606 0.0158811 0.0806256 0.306545 0.470461 0.513596 0.521466 0.612534 0.627387 0.660191 0.920509 1 0.95131 0.886508 0.695643 0.666878 0.676362 0.54916 0.501221 0.364154 0.21966 0.202019 0.13316 0.159181 0.258461 0.179202 0.282424 0.250996 0.0499287 0.111688 0.192982 0.267574 0.258974 0.144886 0.0663616 0.198347 0.13164 0 
0.0575221 0.11273 0.0663601 0.0668093 0.0603601 0.287557 0.383387 0.128556 0.0984748 0.178321 0.261307 0.513189 0.511588 0.247499 0.230916 0.529717 0.72148 0.756779 0.607721 0.40015 0.402403 0.419896 0.527816 0.729536 0.85543 0.888644 0.939069 0.938349 0.936993 0.848194 0.741362 0.707257 0.742413 0.907366 0.991715 0.992137 0.991472 0.83238 0.657179 0.511874 0.29612 0.209158 0.146903 0.0903118 0.224339 0.265771 0.20029 0.207547 0.088844 0.248485 0.307769 0.291013 0.223377 0.134503 0.181406 0.225641 0.190341 0.258581 0.162534 0.240185 0 
0.138643 0.0492928 0.119908 0.0166429 0.119199 0.207471 0.267316 0.175744 0.157115 0.233662 0.270665 0.364156 0.276522 0.149943 0.201525 0.165276 0.100404 0.195844 0.196087 0.262307 0.357715 0.34884 0.449931 0.644606 0.77582 0.823218 0.913856 0.976225 0.892147 0.682753 0.655913 0.52404 0.359761 0.296449 0.137261 0.0912298 0.202165 0.193408 0.249315 0.221678 0.240649 0.378266 0.273115 0.127673 0.084447 0.266045 0.350779 0.324049 0.169611 0.214545 0.208167 0.179743 0.231169 0.108187 0.0884354 0.0974359 0.0710227 0.0755149 0.0330579 0.0230947 1 
0.0862832 0.0317188 0.0568331 0.0197337 0.0935836 0.15211 0.155844 0.0167585 0.12202 0.115687 0.163902 0.181565 0.273931 0.23564 0.258 0.185528 0.211895 0.286649 0.37692 0.414491 0.461741 0.556896 0.600932 0.66612 0.823975 0.87036 0.915537 0.893475 0.751319 0.652285 0.65188 0.517075 0.334558 0.221092 0.116498 0.205948 0.223486 0.23812 0.262914 0.211656 0.150434 0.314652 0.330014 0.2185 0.208558 0.176358 0.167693 0.214435 0.164059 0.312727 0.135458 0.0513552 0.0597403 0.0321637 0.0362812 0.112821 0.383523 0.313501 0.0743802 0.133949 0 
0.205015 0.159451 0.0795007 0.000951022 0.0159777 0.13706 0.233225 0.231974 0.132978 0.0912341 0.0338863 0.142585 0.227292 0.182118 0.270438 0.219723 0.241115 0.26587 0.294656 0.455265 0.515388 0.617319 0.663664 0.746645 0.846721 0.883027 0.992436 0.910869 0.703734 0.607755 0.61515 0.475623 0.243621 0.159936 0.147489 0.250101 0.26066 0.293855 0.24805 0.192048 0.138043 0.301099 0.274279 0.232028 0.209411 0.09339 0.197573 0.275232 0.200404 0.112727 0.0756972 0.0813124 0.174026 0.28655 0.102041 0.251282 0.107955 0.118993 0.134986 0.187067 0 
0.234513 0.092156 0.0837714 0.100571 0.155212 0.236227 0.219156 0.246307 0.101288 0.115401 0.168155 0.0419109 0.13459 0.0718779 0.114655 0.154285 0.133976 0.0862338 0 0.0950342 0.313343 0.605971 0.909505 0.934843 0.864447 0.864743 0.847988 0.879889 1 0.818472 0.666921 0.572343 0.550142 0.704505 0.675258 0.510282 0.2623 0.101383 0.124394 0.27549 0.18923 0.223077 0.355102 0.212703 0.0817458 0.0953099 0.108294 0.136568 0.0106007 0.0824242 0.0358566 0.0199715 0.0701299 0.146199 0.108844 0.151282 0.397727 0.295195 0.137741 0.0808314 0 
0.122419 0.0600086 0.00361367 0.0197337 0.0897794 0.0997044 0.0887446 0.151268 0.195913 0.133276 0.0871969 0.0637456 0.117029 0.0807466 0.031598 0.108793 0.132318 0.340468 0.291185 0.250321 0.168318 0.192721 0.16128 0.209302 0.0519467 0.115431 0.378716 0.627933 0.794034 0.734526 0.548774 0.203325 0.440512 0.452252 0.212131 0.318044 0.451454 0.540501 0.648218 0.570479 0.245281 0.270085 0.231217 0.115692 0.0762013 0.0512891 0.179283 0.286313 0.16002 0.172121 0.0756972 0.306705 0.649351 0.394737 0.514739 0.0948718 0.0426136 0.102975 0.242424 0.182448 0 
0.137168 0.17874 0.17707 0.172373 0.140249 0.206665 0.316017 0.584785 0.167481 0.023738 0.278179 0.348623 0.2283 0.354336 0.4516 0.548646 0.44213 0.355532 0.310961 0.215004 0.198461 0.092833 0.21119 0.505071 0.362602 0.348166 0.511818 0.497324 0.446429 0.388303 0.369155 0.397102 0.439357 0.398728 0.201596 0.175 0.0734747 0.17937 0.303816 0.389978 0.295541 0.360684 0.331437 0.248261 0.293148 0.240126 0.1523 0.309973 0.323574 0.185455 0.0806773 0.261056 0.45974 0.438596 0.643991 0.220513 0.678977 0.505721 0.520661 0.207852 1 
0.264749 0.248607 0.20138 0.113172 0.0476794 0.354743 0.551677 0.590739 0.443507 0.355212 0.452857 0.551436 0.631927 0.585439 0.791754 0.825361 0.801782 0.893714 0.981906 0.891053 0.88301 0.935283 0.906962 0.788546 0.66373 0.594449 0.460553 0.319473 0.475649 0.341856 0.282616 0.0969445 0.0279324 0.137573 0.172139 0.175101 0.14848 0.0585422 0.259119 0.314706 0.143833 0.174237 0.371783 0.263721 0.151265 0.191306 0.192865 0.157832 0.199394 0.221818 0.351594 0.156919 0.150649 0.663743 0.0589569 0.212821 0.34375 0.251716 0.267218 0.277136 1 
0.0766962 0.246892 0.199737 0.128864 0.337307 0.478635 0.375812 0.306946 0.0610099 0.107393 0.262867 0.510551 0.357133 0.189749 0.107533 0.0991248 0.164232 0.391377 0.292973 0.595676 0.733137 0.762396 0.773975 0.821022 1 0.942835 0.741464 0.589131 0.537033 0.508576 0.559891 0.532128 0.588785 0.573291 0.586376 0.604637 0.511043 0.254341 0.0111744 0.293464 0.354603 0.621612 0.565369 0.318217 0.242821 0.184174 0.151757 0.226116 0.153458 0.089697 0.0687251 0.0242511 0.254545 0.187135 0.265306 0.166667 0.207386 0.160183 0.0798898 0.30485 0 
0.0626844 0.115302 0.0574901 0.0744175 0.0885113 0.0266058 0.0760281 0.131422 0.269658 0.365365 0.437686 0.446366 0.323593 0.102609 0.125088 0.435477 0.66791 0.69361 0.78603 0.935895 0.984928 0.815254 0.553778 0.630571 0.697029 0.655799 0.378191 0.157163 0.194805 0.351976 0.360654 0.184004 0.183766 0.331638 0.384678 0.50373 0.566696 0.308724 0.247944 0.235403 0.19502 0.235653 0.107979 0.11698 0.19619 0.267142 0.219305 0.252471 0.297325 0.299394 0.11753 0.114123 0.257143 0.0760234 0.185941 0.110256 0.323864 0.0389016 0.247934 0.120092 0 
0.0678466 0.191599 0.0900131 0.15573 0.255643 0.246439 0.425595 0.455127 0.442174 0.403689 0.399121 0.4682 0.327048 0.166443 0.115659 0.195196 0.247332 0.301195 0.194614 0.0646404 0.00674536 0.104488 0.283565 0.421883 0.56291 0.760436 0.92142 0.932997 0.933847 1 0.961962 0.906987 0.748504 0.723688 0.748287 0.797379 0.800569 0.579391 0.459625 0.514488 0.460915 0.475946 0.625501 0.692991 0.637617 0.366703 0.279066 0.407008 0.475013 0.316364 0.0786853 0.222539 0.298701 0.30117 0.0340136 0.238462 0.196023 0.130435 0.0440771 0.0692841 1 
0.143805 0.0492928 0.0617608 0.232525 0.407811 0.0849234 0.186688 0.170452 0.0620465 0.0819391 0.118531 0.220545 0.36361 0.290193 0.355502 0.492164 0.586675 0.633247 0.796655 0.893836 0.884696 0.932318 1 0.908001 0.845902 0.765062 0.757117 0.76513 0.621347 0.392884 0.173842 0.0891934 0.124226 0.255008 0.3722 0.390927 0.31675 0.199542 0.3035 0.425381 0.461378 0.48254 0.435795 0.324401 0.298692 0.161958 0.208258 0.16472 0.147905 0.221818 0.103586 0.155492 0.249351 0.149123 0.0566893 0.24359 0.21875 0.237986 0.440771 0.293303 1 
0.137168 0.0681526 0.108081 0.0646695 0.0836926 0.091642 0.176136 0.18699 0.246409 0.351494 0.374592 0.420868 0.492155 0.281427 0.269536 0.187767 0.150451 0.193143 0.323375 0.517551 0.705839 0.828034 0.879623 0.950825 0.962807 1 0.965648 0.862495 0.786526 0.610632 0.530681 0.410245 0.219049 0.284261 0.344175 0.425 0.48349 0.42976 0.35779 0.319608 0.180776 0.137729 0.256563 0.202267 0.09383 0.177455 0.144332 0.0155735 0.117617 0.184242 0.124502 0.0656205 0.135065 0.371345 0.23356 0.0794872 0.150568 0.23341 0.22314 0.0692841 1 
0.510324 0.534076 0.470434 0.37708 0.412376 0.199409 0.184524 0.196692 0.223308 0.162162 0.290798 0.223916 0.302289 0.29308 0.47086 0.547629 0.521915 0.350234 0.430149 0.567744 0.732715 0.759125 0.545512 0.616535 0.661373 0.683996 0.744406 0.802079 0.845475 0.924257 0.984305 0.85273 0.40796 0.406571 0.483686 0.164516 0.360923 0.351461 0.260384 0.0337691 0.57568 0.842002 0.554507 0.394615 0.829542 0.780581 0.476277 0.358191 0.496214 0.453333 0.289841 0.211127 0.498701 0.365497 0.274376 0.34359 0.369318 0.292906 0.421488 0.489607 1 
0.231563 0.0900129 0.121879 0.135283 0.276693 0.370868 0.546807 0.341786 0.363838 0.365937 0.392315 0.428634 0.306607 0.185006 0.177851 0.269286 0.422132 0.578909 0.642436 0.555223 0.424431 0.467232 0.538625 0.516545 0.704406 1 0.954197 0.597571 0.504058 0.360818 0 0.16266 0.17946 0.12973 0.156899 0.135887 0.141373 0.281377 0.345456 0.471024 0.405211 0.33663 0.160093 0.122778 0.170742 0.113138 0.111916 0.0422282 0.0545179 0.150303 0.103586 0.124108 0.379221 0.143275 0.0204082 0.125641 0.0369318 0.0892449 0.143251 0.157044 1 
0.0744838 0.0741535 0.142576 0.24679 0.468171 0.220908 0.19697 0.228666 0.100992 0.127699 0.313484 0.549824 0.521808 0.461999 0.615307 0.64136 0.795254 0.917714 0.982327 0.96083 0.857293 0.82875 0.817315 0.79582 0.600615 0.433087 0.406976 0.414059 0.431717 0.343028 0.277929 0.295552 0.285624 0.220456 0.195152 0.228528 0.311612 0.423417 0.346194 0.283007 0.160625 0.210623 0.284366 0.136047 0.0814615 0.0421009 0.0429192 0.140761 0.0514891 0.0690909 0.0308765 0.221113 0.244156 0.216374 0.598639 0.7 0.267045 0.116705 0.404959 0.198614 1 
0.0523599 0.0895842 0.0745729 0.0920114 0.152168 0.17979 0.126082 0.187652 0.170887 0.153296 0.0689068 0.126758 0.123507 0.0598123 0.0426322 0.116222 0.242566 0.267221 0.334 0.459332 0.607399 0.812085 0.919148 0.867841 0.80041 0.862981 1 0.985385 0.941863 0.799084 0.708992 0.719614 0.642025 0.714573 0.722819 0.665323 0.608572 0.469585 0.323424 0.244989 0.157035 0.11685 0.099056 0.108864 0.0369633 0.0456665 0.0371242 0.0925427 0.0509844 0.115152 0.0468127 0.0912981 0.127273 0.0350877 0.0226757 0.0641026 0.15625 0.107551 0.0633609 0.0554273 0 
0.235988 0.108015 0.125821 0.121731 0.11717 0.265789 0.453463 0.359206 0.265067 0.364221 0.411031 0.486079 0.422053 0.174487 0.175444 0.267861 0.261216 0.373403 0.537029 0.672089 0.78594 0.739495 0.809579 0.924291 0.878074 0.869369 0.926568 0.995368 0.855519 0.581229 0.37624 0.231409 0.12265 0.0983572 0.0749719 0 0.0383774 0.0575023 0.0551339 0.110022 0.0594094 0.117705 0.253976 0.290647 0.25789 0.275919 0.305686 0.310572 0.252903 0.164848 0.129482 0.159772 0.0883117 0.125731 0.126984 0.107692 0.119318 0.0434783 0.0110193 0.0577367 1 
0.292773 0.483926 0.165243 0.0413695 0.146843 0.274657 0.474567 0.518633 0.386051 0.278135 0.178222 0.356829 0.425651 0.271321 0.351088 0.500407 0.444514 0.154182 0.418683 0.366331 0.515177 0.466926 0.399385 0.601783 0.497029 0.405882 0.710369 0.895739 0.880885 0.914882 0.819946 0.63233 0.17253 0.281293 0.38969 0.274496 0.299147 0.329313 0.22918 0.143246 0.637985 0.778388 0.753395 0.552177 0.695763 0.792238 0.78142 0.790656 0.905603 0.935758 0.794821 0.524964 0.358442 0.766082 0.274376 0.415385 0.261364 0.508009 0.267218 0.182448 1 
0.143068 0.109301 0.0344941 0.168806 0.252853 0.42408 0.807089 0.750827 0.479639 0.573717 0.518077 0.160903 0.638837 1 0.913432 0.827397 0.68853 0.774026 0.872607 0.839576 0.886172 0.94612 1 0.89499 0.775205 0.815068 0.632524 0.438864 0.465503 0.295941 0.246866 0.0644799 0 0.126232 0.164774 0.208468 0.10059 0.158989 0.318364 0.362418 0.232658 0.139072 0.344627 0.33329 0.198038 0.148519 0.250453 0.395627 0.539626 0.393939 0.314741 0.0699001 0.4 0.219298 0.829932 0.248718 0.352273 0.652174 0.352617 0.039261 1 
0.218289 0.207887 0.222405 0.183785 0.00304337 0.026337 0.256494 0.211907 0.288761 0.0935221 0.209556 0.33983 0.378293 0.252552 0.320594 0.335945 0.522847 0.782961 0.901536 0.86098 0.754637 0.27993 0.379888 0.594611 0.301025 0.28208 0.596386 0.799197 0.623478 0.467242 0.582888 0.702763 0.382968 0.111076 0.231564 0.463306 0.550077 0.28772 0.18638 0.188562 0.15275 0.277411 0.131256 0.0918578 0.0874325 0.106829 0.137812 0.25307 0.298839 0.0824242 0.0886454 0.112696 0.0701299 0.350877 0.412698 0.248718 0.642045 0.409611 0.123967 0.073903 0 
0.239676 0.265324 0.120237 0.0473134 0.0948516 0.248589 0.339286 0.39581 0.380868 0.572573 0.70268 0.748095 0.772996 0.37558 0.292808 0.296458 0.276863 0.243532 0.520619 0.778682 0.86836 0.863715 0.693441 0.683537 0.722029 0.866946 1 0.981062 0.896916 0.578992 0.485232 0.557965 0.431482 0.285745 0.0563568 0.218649 0.136781 0.371738 0.605735 0.553268 0.227099 0.52674 0.491013 0.556815 0.695479 0.260697 0.170228 0.408506 0.457345 0.174545 0.327689 0.189729 0.0363636 0.166667 0.210884 0.0974359 0.153409 0.10984 0.0881543 0.120092 1 
0.160767 0.166309 0.131735 0.116262 0.234847 0.379737 0.443994 0.321499 0.24404 0.280995 0.134694 0 0.228444 0.29308 0.497442 0.66609 0.75702 0.842597 0.979487 1 1 0.999182 0.901134 0.672472 0.498258 0.417998 0.472634 0.608481 0.712967 0.607542 0.334823 0.280049 0.403129 0.379332 0.224813 0.0870968 0 0.0479359 0.0068522 0.110349 0.195136 0.22967 0.107849 0.193507 0.238129 0.145091 0.201195 0.254268 0.300858 0.243636 0.0707171 0.136947 0.148052 0.0467836 0.0430839 0.146154 0.0994318 0.224256 0.212121 0 1 
0.0803835 0.183026 0.193495 0.0929624 0.134415 0.0679925 0.13474 0.0635061 0.144676 0.287001 0.19155 0.243992 0.409097 0.180056 0.0562745 0.226745 0.342762 0.356779 0.571744 0.603917 0.557441 0.445251 0.411783 0.353652 0.635861 0.883247 0.892636 0.483326 0.323559 0.185043 0.11673 0.366435 0.405649 0.304187 0.286489 0.406149 0.563088 0.389519 0.540586 0.533878 0.321019 0.335287 0.304022 0.296058 0.164202 0.0992869 0.112459 0.0952381 0.227158 0.202424 0.0776892 0.10699 0.135065 0.479532 0.412698 0.128205 0.315341 0.441648 0.402204 0.12933 0 
0.516224 0.361337 0.187911 0.0380409 0.201623 0.456598 0.50947 0.405954 0.427218 0.58244 0.649085 0.734613 0.831294 0.678767 0.856856 0.972522 0.864574 0.866078 0.889964 0.991652 0.892496 0.811676 0.827594 0.748079 0.579201 0.503029 0.542284 0.527172 0.470678 0.407585 0.350518 0.243765 0.105114 0.162268 0.102895 0.152016 0.158758 0.109494 0.136622 0.273747 0.217024 0.144444 0.112376 0.269518 0.213108 0.0927043 0.162803 0.277628 0.332155 0.104242 0.215139 0.206847 0.301299 0.251462 0.430839 0.0974359 0.178977 0.21968 0.225895 0.272517 1 
0.137168 0.0737248 0.0850854 0.0413695 0.166624 0.196453 0.324405 0.27409 0.297645 0.372801 0.269247 0.410463 0.399453 0.184181 0.0877721 0.147364 0.150347 0.187532 0.161161 0.0909675 0.000948567 0.196708 0.399491 0.584366 0.685041 0.73301 0.872571 0.903252 0.850649 0.902738 1 1 0.76625 0.681611 0.652654 0.685887 0.720206 0.576999 0.569576 0.665142 0.634742 0.54591 0.63507 0.742334 0.712681 0.554306 0.565556 0.668464 0.547703 0.501818 0.251992 0.175464 0.114286 0.274854 0.217687 0.225641 0.227273 0.0389016 0.129477 0.0692841 1 
0.189528 0.159451 0.155388 0.187827 0.268831 0.269014 0.356061 0.503197 0.449874 0.555413 0.517794 0.450322 0.394703 0.153346 0.171331 0.191431 0.180189 0.239273 0.204082 0.126605 0.241358 0.608629 0.789658 0.827169 0.840164 0.834123 0.912596 1 0.786526 0.506871 0.652861 0.685352 0.47065 0.208055 0.0784494 0.0356855 0.148371 0.165956 0.159077 0.107952 0.155414 0.064591 0.0825036 0.179206 0.0907023 0.0796764 0.116081 0.312668 0.36951 0.333333 0.145418 0.118402 0.103896 0.0964912 0.0839002 0.241026 0.144886 0.10984 0.176309 0.224018 1 
0.20354 0.168881 0.248357 0.178554 0.115141 0.255039 0.030303 0.136494 0.180512 0.147719 0.0925847 0.0817702 0.0097884 0.0946685 0.101715 0.192143 0.125065 0.240519 0.346097 0.360445 0.311762 0.120233 0.068348 0.265137 0.129098 0.187796 0.418847 0.744751 0.902192 0.766912 0.466921 0.233543 0.514019 0.643031 0.35021 0.452823 0.656899 0.633358 0.5428 0.341612 0.223741 0.0728938 0 0 0 0 0 0 0 0 0 0.0684736 0.602597 0.567251 0.0997732 0.341026 0.457386 0.17849 0.380165 0.242494 0 
0.137906 0.042006 0.10184 0.0430338 0.187674 0.383499 0.303301 0.12194 0.183918 0.179751 0.0785481 0.00483587 0.154023 0.285965 0.557027 0.794932 0.828101 0.79813 0.854408 0.868258 0.938132 0.938963 0.937374 1 0.971824 0.92389 0.931821 0.723858 0.433949 0.280281 0.400981 0.47259 0.373202 0.295495 0.2287 0.127823 0.239449 0.194655 0.129349 0.14902 0.0561668 0.0626374 0.110565 0.162587 0.163918 0.0781679 0.077146 0.127284 0.118627 0.00727273 0.187251 0.169757 0.197403 0.166667 0.0839002 0.15641 0.130682 0.116705 0.198347 0.110855 0 
0.118732 0.071153 0.159658 0.0539705 0.0494547 0.0669175 0.0890152 0.105843 0.0270991 0.0516231 0.0336027 0.237104 0.123219 0.0696092 0.088374 0.155302 0.126308 0 0.0864717 0.153039 0.1543 0.0743278 0.148564 0.102756 0.0385246 0.134376 0.437126 0.636785 0.628653 0.585278 0.715422 0.558526 0.573034 0.87239 0.946916 0.970262 0.810737 0.616616 0.5681 0.656972 0.589461 0.58083 0.44045 0.246844 0.161217 0.0877674 0.164976 0.293501 0.2842 0.226667 0.0876494 0.0485021 0.441558 0.47076 0.165533 0.117949 0.309659 0.402746 0.807163 0.13164 0 
0.109882 0.266181 0.237516 0.130766 0.0420999 0.254233 0.353084 0.129879 0.214275 0.0953811 0.212959 0.358294 0.230891 0.0789935 0.195506 0.31264 0.352191 0.229714 0.335157 0.305223 0.536889 0.512422 0.519869 0.687942 0.62623 0.642802 0.842315 0.796727 0.651278 0.849899 0.672807 0.55774 0.277329 0.376365 0.26368 0.0801411 0.324513 0.400749 0.150748 0.394989 0.494152 0.190232 0.322514 0.412523 0.322007 0.157159 0.0862007 0.28242 0.415952 0.207273 0.243028 0.356633 0.358442 0.631579 0.410431 0.464103 0.303977 0.208238 0.212121 0.244804 1 
0.430678 0.2006 0.158673 0.0782216 0.243216 0.180328 0.221861 0.0864388 0.150896 0.034034 0.183326 0.26187 0.299986 0.263587 0.379978 0.458274 0.65672 0.859429 0.932779 0.932256 0.909781 0.914324 0.92699 0.856982 0.726127 0.533319 0.3867 0.394092 0.406047 0.270161 0.267466 0.310604 0.280584 0.415474 0.385701 0.414819 0.45714 0.419673 0.460257 0.361002 0.328199 0.40464 0.322385 0.341407 0.248507 0.127811 0.0959797 0.0242588 0.17264 0.166061 0.0278884 0.00713267 0 0.634503 0.460317 0.197436 0.323864 0.254005 0.305785 0.21709 1 
0.129056 0.0137162 0.205979 0.0936757 0.0674613 0.158022 0.234848 0.30849 0.0984748 0.033748 0.165887 0.474355 0.433712 0.262968 0.013542 0.041726 0.188063 0.435117 0.349779 0.531999 0.629427 0.717309 0.813712 0.873579 1 0.843815 0.638933 0.494339 0.474127 0.417279 0.440218 0.463716 0.515384 0.540117 0.525008 0.523286 0.4274 0.213476 0.087919 0.4061 0.433932 0.611844 0.545196 0.319376 0.225476 0.154142 0.117892 0.236298 0.164059 0.0848485 0.0258964 0.121255 0.293506 0.298246 0.199546 0.348718 0.196023 0.0434783 0.14876 0.267898 0 
0.0737463 0.0617231 0.0397503 0.0042796 0.0365204 0.25692 0.267857 0.0848953 0.126758 0.0888031 0.0639444 0.0565651 0.125378 0.0938435 0.169526 0.246489 0.298726 0.35761 0.394382 0.3811 0.414945 0.394234 0.290664 0.386538 0.432992 0.47329 0.74283 0.948847 1 0.902418 0.850245 0.8051 0.712486 0.629571 0.558147 0.572278 0.543735 0.341999 0.136833 0.0815904 0.033121 0.224054 0.346955 0.37194 0.332812 0.228744 0.18381 0.357892 0.355376 0.202424 0.106574 0.118402 0.0285714 0.216374 0.131519 0.0564103 0.0738636 0.0778032 0.190083 0.0808314 0 
0.260324 0.170167 0.0992116 0.0558726 0.190971 0.333244 0.305195 0.134068 0.0118466 0.0561991 0.0874805 0.338365 0.184252 0.103022 0.119571 0.153369 0.111387 0.0945455 0.143383 0.0513699 0.164102 0 0.194659 0.236451 0 0.110365 0.448787 0.69154 0.677861 0.621072 0.717275 0.558189 0.643075 0.900477 0.950701 0.960181 0.804833 0.664344 0.638836 0.719281 0.657209 0.622589 0.491659 0.293481 0.216378 0.109846 0.145599 0.225217 0.285714 0.212121 0.0577689 0.118402 0.402597 0.438596 0.170068 0.169231 0.375 0.146453 0.212121 0.143187 0 
0.162242 0.12216 0.24113 0.109605 0.0405782 0.196721 0.174242 0.429327 0.414779 0.509224 0.380689 0.0880715 0.24874 0.491595 0.634066 0.675962 0.741478 0.646234 0.422365 0.247003 0.369625 0.672222 0.81954 1 0.819672 0.682234 0.761109 0.60107 0.486201 0.53638 0.48218 0.159065 0.140082 0.0948596 0.44799 0.662298 0.663897 0.185401 0.166561 0.526144 0.528662 0.486569 0.310617 0.179335 0.252914 0.266868 0.312025 0.455825 0.468955 0.21697 0.241036 0.10699 0.0831169 0.248538 0.22449 0.0666667 0.366477 0.148741 0.294766 0.193995 0 
0.236726 0.123446 0.151445 0.11436 0.184377 0.188659 0.298431 0.258655 0.171776 0.104247 0.00964129 0.0663834 0.218943 0.307724 0.458521 0.617036 0.723034 0.775896 0.788344 0.813891 1 0.980984 0.959733 0.959123 0.909631 0.899328 0.782645 0.575648 0.337865 0.385853 0.452425 0.337677 0.249081 0.279279 0.155365 0.0472782 0.0919528 0.0801705 0.0510226 0.184532 0.10469 0.0907204 0.0488814 0.16336 0.159937 0.069254 0.171858 0.202755 0.130742 0.206061 0.0328685 0.202568 0.275325 0.0643275 0.0657596 0.423077 0.380682 0.02746 0.187328 0.103926 0 
0.457227 0.301329 0.14389 0.0653828 0.0299265 0.311207 0.265693 0.410805 0.486747 0.541542 0.621721 0.790739 0.766086 0.419717 0.303039 0.338897 0.375712 0.363636 0.503471 0.700128 0.757799 0.85298 0.860973 0.921729 1 0.962771 0.981301 0.728283 0.407265 0.245552 0.304959 0.369131 0.312192 0.280975 0.065562 0.367339 0.469932 0.322866 0.152435 0.111656 0.0995947 0.313187 0.576878 0.608864 0.46389 0.195145 0.0706266 0.121593 0.156991 0.104242 0.153386 0.0570613 0.0519481 0.225146 0.14966 0.233333 0.235795 0.187643 0.107438 0.103926 1 
0.126844 0.145735 0.0502628 0.0282929 0.0826782 0.410642 0.539773 0.361411 0.333629 0.367653 0.399688 0.395223 0.300993 0.0743529 0.17755 0.207409 0.246917 0.25839 0.162003 0.11601 0.381324 0.680912 0.800784 0.841512 0.889242 0.922899 0.998634 1 0.80763 0.595078 0.605886 0.577735 0.386748 0.133545 0.0640278 0.0532258 0.0675705 0.106894 0.137571 0.117974 0.0973943 0.119658 0.255658 0.172507 0.128234 0.148793 0.275444 0.408206 0.433115 0.351515 0.202191 0.154066 0.241558 0.552632 0.0612245 0.248718 0.176136 0.256293 0.528926 0.34873 1 
0.741888 0.353193 0.184625 0.135283 0.144053 0.329481 0.258387 0.381918 0.166445 0.179608 0.31476 0.350967 0.37599 0.278849 0.380379 0.301954 0.373744 0.178494 0.286556 0.287778 0.281619 0.272774 0.322878 0.238398 0.396107 0.40423 0.44553 0.719844 0.75558 0.63556 0.766431 0.703437 0.46477 0.609433 0.647336 0.396573 0.0915154 0.297598 0.288425 0.134749 0.549971 0.968498 0.972068 0.709611 0.832812 1 1 1 0.811711 0.575758 1 1 0.81039 0.874269 0.557823 0.212821 0.494318 0.482838 0.62259 0.230947 1 
0.0693215 0.037291 0.0348226 0.0760818 0.155212 0.204515 0.262716 0.134289 0.128239 0.131989 0.0968382 0.0388335 0.196056 0.322883 0.478784 0.652147 0.76562 0.774234 0.805596 0.799765 0.82051 0.85022 0.880259 0.886692 0.895492 0.963322 1 0.910869 0.671469 0.431022 0.262997 0.287014 0.133256 0.201378 0.239951 0.221371 0.196589 0.126651 0 0 0.0148234 0.0283272 0.0772016 0.0555269 0.0524595 0.00342841 0.0592177 0.0769692 0.0918728 0.130909 0.123506 0.0984308 0.0467532 0.312865 0.106576 0.187179 0.207386 0.121281 0.14876 0.0762125 0 
0.0582596 0.140163 0.0955979 0.0756063 0.311692 0.454985 0.507576 0.36097 0.265808 0.230516 0.274918 0.420574 0.57003 0.503661 0.53546 0.503257 0.63123 0.722182 0.806859 0.877568 0.988512 1 0.867543 0.859748 0.905123 0.853949 0.763631 0.650062 0.555093 0.362523 0.201526 0.0853741 0.0648955 0.0232114 0.0405032 0.189113 0.193418 0.297286 0.393316 0.307407 0.179618 0.200977 0.130609 0.194795 0.202872 0.150439 0.212423 0.291105 0.354871 0.340606 0.215139 0.206847 0.277922 0.675439 0.358277 0.130769 0.213068 0.118993 0.247934 0.140878 1 
0.314897 0.201886 0.0111695 0.124346 0.0535126 0.154797 0.441288 0.316428 0.133126 0.165165 0.116263 0.313453 0.262415 0.192534 0.108135 0.190719 0.219563 0.655273 0.825899 0.812928 0.790999 0.895921 0.964395 0.847864 0.654303 0.255535 0.165248 0.55424 0.566356 0.454245 0.768392 0.808358 0.494382 0.414202 0.545873 0.553327 0.107697 0.358532 0.446974 0.458932 0.254314 0.172161 0.451183 0.342566 0.134205 0.187877 0.24339 0.124588 0.362948 0.772121 0.209163 0.279601 0.548052 0.365497 0.111111 0.176923 0.21875 0.23341 0.15978 0.228637 0 
0.514012 0.383626 0.414258 0.34213 0.308648 0.285676 0.338745 0.359206 0.259884 0.288002 0.368921 0.549385 0.632215 0.572136 0.501154 0.179931 0.231064 0.291117 0.236798 0.591824 0.890177 0.738473 0.490092 0.263498 0.15707 0.62628 0.745351 0.497942 0.462358 0.518376 0.421253 0.0979555 0.0387483 0.0757817 0.00920528 0.0925403 0.156353 0.125091 0.277251 0.227778 0.126809 0.346642 0.414199 0.18217 0.0894228 0.100658 0.145781 0.18209 0.285209 0.346667 0.153386 0.208274 0.392208 0.128655 0.0544218 0.112821 0.238636 0.224256 0.258953 0.143187 1 
0.159292 0.132447 0.0509198 0.0399429 0.0869896 0.00376243 0.0514069 0.16538 0.339109 0.335764 0.277329 0.188159 0.22283 0.29143 0.436252 0.552921 0.6705 0.601455 0.663686 0.832513 0.991674 1 0.786267 0.5314 0.380328 0.468994 0.543019 0.283862 0.176238 0.356557 0.196621 0.35273 0.389583 0.231691 0.166104 0.370968 0.435163 0.337215 0.226439 0.190959 0.0794441 0.278755 0.257468 0.141716 0.097242 0.0415524 0.122057 0.2351 0.229682 0.298182 0.150398 0.166904 0.0805195 0.330409 0.0839002 0.282051 0.139205 0.201373 0.0192837 0.198614 1 
0.130531 0.257608 0.119251 0.170233 0.335024 0.190003 0.144751 0.0361632 0.142455 0.153439 0.134411 0.200029 0.480207 0.433742 0.374962 0.569815 0.629676 0.666494 0.700926 0.514769 0.515072 0.628054 0.772067 0.770106 0.567623 0.434079 0.388696 0.223652 0.0580357 0 0.145395 0.459335 0.577444 0.378696 0.232382 0.57369 0.929477 0.834564 0.337234 0.32854 0.664273 0.771917 0.350317 0.182814 0.17913 0.176632 0.143064 0.248278 0.262494 0.261818 0.358566 0.46077 0.327273 0.321637 0.231293 0.0512821 0.119318 0.0778032 0.305785 0.159353 0 
0.0626844 0.0707244 0.199737 0.0349501 0.0349987 0.0714862 0.288149 0.269239 0.0774471 0.164593 0.0839359 0.257327 0 0.205012 0.170328 0.200387 0.035644 0.198026 0.375131 0.354987 0.234928 0.354872 0.529088 0.47198 0.297131 0.486067 0.501628 0.230136 0.197443 0.313838 0.629755 0.779151 0.592565 0.348172 0.381508 0.295565 0.552919 0.876677 1 0.985839 0.667169 0.604396 0.415104 0.412523 0.610606 0.501097 0.480804 0.471998 0.343766 0.356364 0.24004 0.161198 0.0805195 0.409357 0.179138 0.176923 0.133523 0.0938215 0.107438 0.256351 0 
0.957227 1 1 1 1 0.45391 0.492424 0 0.274545 0.302874 0.37119 0.296454 0.424932 0.312365 0.364028 0.386118 0.418299 0.446234 0.500842 0.329516 0.182441 0.179327 0.399915 0.644709 0.494877 0.206521 0.386805 0.583162 0.517248 0.379781 0.352262 0.221411 0.0405334 0.129836 0.273397 0.453327 0.368904 0.310804 0.361796 0.442702 0.375565 0.324176 0.213759 0.251353 0.39963 0.308009 0.347881 0.449236 0.335689 0.233939 0.155378 0.504993 0.532468 0.421053 0.394558 0.0230769 0.292614 0.283753 0.487603 0.51963 1 
0.275074 0.136305 0.221091 0.199715 0.304337 0.379737 0.568452 0.564057 0.408263 0.372515 0.475826 0.541911 0.526702 0.454161 0.534958 0.474354 0.464822 0.570078 0.745319 0.678617 0.675169 0.860239 0.905372 0.932999 0.783197 0.844146 0.922366 0.699465 0.571733 0.490252 0.438474 0.306111 0.101964 0.0883943 0.163343 0.14506 0.0728187 0.109702 0.170251 0.209368 0.280023 0.344689 0.172119 0.146869 0.186238 0.196517 0.113003 0.0299491 0.04947 0.158788 0.151394 0.352354 0.171429 0.739766 0.165533 0.274359 0.295455 0.148741 0.264463 0.140878 1 
0.0176991 0.0244321 0.0450066 0.0660961 0.0616282 0.0489116 0.0982143 0.0478501 0.0367244 0.048477 0.0287821 0.111372 0.178494 0.0949778 0.0598856 0.0758193 0.0857942 0.109506 0.0766884 0.0479452 0.140704 0.357428 0.404684 0.560189 0.657172 0.721996 0.753546 0.851276 0.971591 0.917013 0.765123 0.764435 0.764465 0.61929 0.490744 0.445464 0.393177 0.405324 0.427577 0.395643 0.186682 0.0555556 0.102548 0.163489 0.217941 0.0946242 0.0727997 0.159928 0.115093 0.0884848 0.061753 0.0770328 0.298701 0.122807 0.113379 0.228205 0.110795 0 0.143251 0.0692841 0 
0.0575221 0.0767252 0.0134691 0.00142653 0.0489475 0.0956732 0.118236 0.000441014 0.0518288 0.0753611 0.0849284 0.199736 0.195336 0.257296 0.215167 0.26837 0.325562 0.254442 0.208815 0.251391 0.399241 0.456497 0.419307 0.490421 0.612398 0.622315 0.646181 0.724269 0.851258 1 0.868229 0.668389 0.612307 0.635824 0.690703 0.583468 0.496173 0.343142 0.17626 0.147277 0.215402 0.170085 0.192681 0.156016 0.162639 0.108475 0.0660992 0.0455226 0.0429076 0.145455 0.0219124 0.0870185 0.153247 0.347953 0.244898 0.128205 0.244318 0.107551 0.157025 0.0438799 0 
