sonar 61 103
0.510324 0.534076 0.470434 0.37708 0.412376 0.199409 0.184524 0.196692 0.223308 0.162162 0.290798 0.223916 0.302289 0.29308 0.47086 0.547629 0.521915 0.350234 0.430149 0.567744 0.732715 0.759125 0.545512 0.616535 0.661373 0.683996 0.744406 0.802079 0.845475 0.924257 0.984305 0.85273 0.40796 0.406571 0.483686 0.164516 0.360923 0.351461 0.260384 0.0337691 0.57568 0.842002 0.554507 0.394615 0.829542 0.780581 0.476277 0.358191 0.496214 0.453333 0.289841 0.211127 0.498701 0.365497 0.274376 0.34359 0.369318 0.292906 0.421488 0.489607 1 
0.0390855 0.096871 0.163601 0.0917737 0.0461577 0.143779 0.105249 0.237045 0.271879 0.337766 0.186729 0.100528 0.318699 0.303908 0.427726 0.253409 0.0328463 0.110857 0.197665 0.207513 0.20879 0.376649 0.616827 0.798894 0.695287 0.655689 0.684526 0.851585 1 0.959625 0.927956 0.805549 0.674682 0.58018 0.426818 0.450202 0.285152 0.125195 0.138098 0.078976 0.0941517 0.207326 0.352774 0.21966 0.0275803 0.0292101 0.0641072 0.125786 0.046946 0.247273 0.198207 0.235378 0.41039 0.131579 0.0884354 0.164103 0.107955 0.112128 0.53168 0.228637 0 
0.0884956 0.0167167 0.0118265 0.0549215 0.125285 0.222252 0.270022 0.18258 0.225233 0.256685 0.182476 0.12837 0.145818 0.0929153 0.13883 0.208935 0.23925 0.242909 0.354303 0.541631 0.662416 0.871894 1 0.892224 0.838115 0.909021 0.927198 0.902223 0.820211 0.678918 0.582997 0.507751 0.429066 0.524324 0.557124 0.524597 0.524054 0.349277 0.201455 0.117211 0.084308 0.0457875 0.138368 0.0751095 0.00653966 0.0648656 0.0738863 0.0868524 0.0969207 0.113939 0.0249004 0.0413695 0.205195 0.269006 0.204082 0.0512821 0.0965909 0.0572082 0.0798898 0.0554273 0 
0.119469 0.126018 0.0896846 0.0798859 0.142785 0.113948 0.177219 0.127453 0.0812972 0.0715001 0.197221 0.474795 0.630056 0.506858 0.629652 0.716365 0.497772 0.357714 0.226173 0.287778 0.45879 0.65525 0.723323 0.919373 1 0.752175 0.537031 0.606011 0.861506 0.636945 0.467357 0.514379 0.29959 0.303551 0.271351 0.216331 0.0484365 0.0228762 0.0714738 0.053268 0.135495 0.113187 0.212466 0.244911 0.157378 0.262891 0.265665 0.1174 0.179707 0.327273 0.167331 0.134094 0.303896 0.0994152 0.156463 0.307692 0.272727 0.12357 0.0853994 0.0300231 0 
0.164454 0.133733 0.133706 0.0810747 0.182856 0.178447 0.229437 0.239912 0.224937 0.276705 0.335035 0.419695 0.316252 0.16964 0.140335 0.160085 0.148378 0.257351 0.477803 0.589683 0.748735 0.808302 0.766133 0.875832 0.878381 0.941624 1 0.973137 0.84233 0.589965 0.416349 0.310155 0.251181 0.191309 0.100542 0.019254 0.0250383 0.0914006 0.0738984 0.10512 0 0.139316 0.26652 0.264623 0.266989 0.280719 0.310757 0.320156 0.240787 0.206061 0.185259 0.125535 0.171429 0.216374 0.0725624 0.0564103 0.0710227 0.0228833 0.0936639 0.124711 1 
0.183628 0.0278611 0.107424 0.17475 0.247527 0.183015 0.374459 0.247189 0.0559751 0.118976 0.119524 0.0885111 0.0767238 0.174796 0.261009 0.410035 0.4871 0.658286 0.781401 0.826734 0.869203 0.940906 1 0.992931 0.956455 0.850975 0.707427 0.567826 0.489042 0.455204 0.392044 0.22905 0.135567 0.239534 0.337015 0.371169 0.279685 0.200478 0.294856 0.374401 0.391546 0.535653 0.421699 0.252899 0.122832 0.231487 0.360558 0.36448 0.317012 0.391515 0.251992 0.293866 0.667532 0.488304 0.0702948 0.164103 0.335227 0.169336 0.212121 0.138568 1 
0.100295 0.134591 0.191853 0.235854 0.277961 0.438592 0.445346 0.23462 0.120539 0.156156 0.0791153 0.187866 0.305312 0.259874 0.338349 0.44423 0.683971 0.876052 0.911004 0.736943 0.655987 0.70821 0.823567 0.764471 0.691906 0.619231 0.478937 0.477769 0.491883 0.37797 0.125232 0 0.0168014 0.291468 0.346323 0.18004 0.0136672 0.115837 0.214421 0.202941 0.325999 0.283639 0.221906 0.20085 0.221211 0.0578716 0.0892792 0.142558 0.11055 0.0715152 0.0856574 0.0756063 0.025974 0.216374 0.276644 0.128205 0.0227273 0.0366133 0.0606061 0.12933 0 
0.478614 0.243892 0.271682 0.0746553 0.0991631 0.17979 0.199675 0.237045 0.337332 0.246675 0.365802 0.570487 0.498489 0.176446 0.281773 0.394565 0.568646 0.666701 0.58826 0.4497 0.288153 0.183417 0.160962 0.148243 0.229918 0.199912 0.262948 0.449876 0.694602 0.730904 0.814605 0.851157 0.655046 0.713302 0.738161 0.815423 0.936038 1 0.883618 0.756427 0.746149 0.713309 0.597181 0.468822 0.212113 0.166758 0.236509 0.35879 0.291772 0.284848 0.134462 0.189729 0.480519 0.0964912 0.0680272 0.0564103 0.0596591 0.363844 0.297521 0.168591 0 
0.0840708 0.0578654 0.0965834 0.0753685 0.17753 0.18409 0.170184 0.232194 0.252036 0.304876 0.303701 0.424678 0.435008 0.272662 0.22249 0.222369 0.185887 0.26639 0.463286 0.585509 0.739777 0.766691 0.72788 0.864051 0.929098 0.981936 1 0.958316 0.870333 0.665708 0.481635 0.323073 0.277014 0.186222 0.0814156 0.0238911 0.0442817 0.0544868 0.0732659 0.137582 0.0353214 0.17326 0.31941 0.359186 0.385129 0.313083 0.329229 0.354897 0.275618 0.265455 0.203187 0.165478 0.228571 0.181287 0.0294785 0.0589744 0.144886 0.0320366 0.0633609 0.0531178 1 
0.452802 0.453922 0.496386 0.278412 0.347451 0.292395 0.230249 0.187872 0.300903 0.498212 0.734014 0.728165 0.71153 0.528205 0.65473 0.869428 0.977826 0.930909 0.780875 0.719927 0.674115 0.37123 0.0114443 0.026944 0.253791 0.211257 0.184158 0.167456 0.0267857 0.204325 0.163161 0.167041 0.205397 0.184844 0.249974 0.127016 0.0789416 0.170531 0.150011 0.0119826 0.110365 0.20989 0.20031 0.209482 0.100654 0.0176906 0.14397 0.228212 0.0590611 0.0739394 0.255976 0.115549 0.667532 0.28655 0.29932 0.469231 0.644886 0.12357 0.30854 0.288684 1 
0.079646 0.129876 0.0505913 0.0606277 0.0738017 0 0.0403139 0.115546 0.155042 0.103246 0.036722 0.0895369 0.26515 0.235537 0.184472 0.190311 0.115428 0.257039 0.560699 0.756849 0.773609 0.848175 0.503232 0.349759 0.587398 0.810001 1 0.863421 0.624696 0.423778 0.376894 0.24399 0.245721 0.257446 0.25918 0.263911 0.398316 0.435999 0.376239 0.261983 0.164679 0.158486 0.066727 0.0434166 0.127097 0.118075 0.157914 0.133273 0.0676426 0.26303 0.187251 0.178317 0.675325 0.625731 0.154195 0.292308 0.0653409 0.203661 0.0220386 0.0877598 0 
0.0560472 0.088727 0.0627464 0.106277 0.149632 0.18624 0.253517 0.180154 0.098919 0.103532 0.182901 0.0970106 0.0179934 0.163246 0.294714 0.190311 0.0948088 0.132987 0.122765 0.153574 0.189503 0.433596 0.643319 0.68579 0.760553 0.802401 0.689988 0.748868 0.742898 0.615106 0.47564 0.328466 0.512339 0.903975 0.854045 0.669153 0.338399 0.28772 0.245731 0.270261 0.275854 0.43199 0.566662 0.316929 0.107762 0.0256445 0.144332 0.224019 0.18526 0.187879 0.298805 0.148359 0.277922 0.269006 0.0453515 0.238462 0.269886 0.0915332 0.192837 0.235566 0 
0.134218 0.166309 0.121222 0.0042796 0.046665 0.141629 0.193182 0.115325 0.189842 0.226226 0.204877 0.327374 0.425651 0.311849 0.273648 0.192754 0.08424 0.156779 0.30465 0.349957 0.397344 0.531541 0.623609 0.7155 0.78002 0.777949 0.878874 0.956978 0.897524 0.662405 0.613188 0.570209 0.481046 0.451934 0.222768 0.133569 0.155368 0.141312 0.311512 0.425272 0.306775 0.24652 0.155955 0.0328524 0.0423657 0.0947614 0.141434 0.232704 0.18627 0.0690909 0.0906375 0.179743 0.238961 0.0935673 0.117914 0.174359 0.107955 0.0961098 0.126722 0.110855 1 
0.278024 0.0437205 0.0827858 0.0473134 0.0869896 0.104542 0.275974 0.360529 0.300607 0.337194 0.339005 0.412222 0.385634 0.208415 0.113753 0.19998 0.177495 0.191896 0.288975 0.393193 0.480502 0.585318 0.690368 0.758324 0.885041 0.968168 0.987394 0.98065 0.945617 0.844679 0.651226 0.336217 0.351885 0.317117 0.113327 0.0362903 0.0965449 0.171259 0.135041 0.100871 0.0817603 0.250794 0.312557 0.210126 0.109326 0.0991498 0.165158 0.243187 0.250379 0.122424 0.0886454 0.10699 0.194805 0.0467836 0.165533 0.0974359 0.193182 0.0938215 0.0578512 0.0184758 1 
0.0545723 0.114874 0.076544 0.0425583 0.0398174 0.199678 0.393669 0.257773 0.221235 0.286858 0.384801 0.418816 0.36836 0.234506 0.184472 0.131284 0.114807 0.213403 0.290869 0.323523 0.299642 0.294551 0.355092 0.516443 0.63207 0.747439 0.869104 1 0.980317 0.677107 0.489482 0.518535 0.512654 0.384738 0.166206 0.107762 0.133282 0.0964958 0.127767 0.273856 0.317661 0.544078 0.489461 0.163489 0.207421 0.149753 0.268924 0.414795 0.361434 0.213333 0.198207 0.125535 0.254545 0.24269 0.0430839 0.102564 0.0511364 0.15103 0.162534 0.0277136 1 
0.0848083 0 0.0239816 0.0946267 0.116155 0.181672 0.242965 0.195369 0.242263 0.19591 0.176237 0.126612 0.101627 0.0993091 0.116963 0.100041 0.185266 0.255896 0.330949 0.510916 0.649347 0.793375 0.922963 0.900318 0.917213 1 0.981196 0.906546 0.815747 0.676361 0.590518 0.566502 0.489867 0.548702 0.542907 0.528024 0.489285 0.354268 0.153911 0.177887 0.15275 0.0754579 0.0787534 0.0483123 0.0757748 0.038124 0.0324158 0.034142 0.0368501 0.140606 0.0916335 0.0998573 0.0935065 0.00877193 0.0113379 0.105128 0.102273 0.0434783 0.0606061 0.0230947 0 
0.217552 0.092156 0.137319 0.0316215 0.227492 0.463585 0.290314 0.363175 0.404117 0.617618 0.699419 0.787661 0.747805 0.389296 0.222088 0.165072 0.201844 0.243636 0.496003 0.668022 0.810497 0.875268 0.745682 0.755763 0.708197 0.701289 0.86196 0.949465 0.832386 0.545116 0.422997 0.436419 0.395149 0.31203 0.108827 0.140827 0.187076 0.209733 0.50622 0.550218 0.130979 0.287057 0.441614 0.578974 0.657378 0.27441 0.140348 0.368973 0.395255 0.107879 0.248008 0.279601 0.14026 0.125731 0.165533 0.0846154 0.0340909 0.121281 0.181818 0.110855 1 
0.181416 0.111444 0.0683311 0.164289 0.328937 0.379199 0.347132 0.352591 0.264919 0.2717 0.368779 0.500293 0.478768 0.332268 0.430735 0.532872 0.610092 0.675429 0.71902 0.79741 0.830944 0.860137 0.867225 0.959738 0.970902 0.903183 0.850404 0.876287 0.768669 0.543092 0.412207 0.275893 0.276909 0.196502 0.0963486 0.0105847 0.10398 0.218051 0.13346 0.107407 0.206601 0.241392 0.244019 0.176501 0.195621 0.0421009 0.067548 0.181491 0.201413 0.204848 0.134462 0.305278 0.441558 0.342105 0.0362812 0.307692 0.144886 0.0411899 0.0743802 0.039261 1 
0.520649 0.672096 0.360381 0.244175 0.151915 0.456329 0.290855 0.603969 0.197394 0.0975261 0.318304 0.539859 0.459335 0.137878 0.186378 0.320171 0.20029 0.187221 0.142962 0.48277 0.509064 0.621511 0.834375 0.667657 0.572234 0.574953 0.874882 0.83275 0.377942 0.472782 0.542016 0.431027 0.110994 0.502173 0.691419 0.708569 0.579051 0.46657 0.542273 0.470153 0.5663 0.734921 0.679038 0.175084 0.606767 0.609161 0.397139 0.269542 0.605755 0.761212 0.233068 0.429387 0.316883 0.210526 0.623583 0.289744 0.252841 0.329519 0.429752 0.284065 1 
0.14823 0.0505787 0.0522339 0.022349 0.137205 0.24832 0.299242 0.181257 0.160669 0.107679 0.180774 0.0797186 0.117029 0.066206 0.0632962 0.0989212 0.14413 0.228364 0.294551 0.348245 0.519182 0.602801 0.684434 0.755148 0.792316 0.901421 0.874672 0.788905 0.796063 0.699585 0.645777 0.663671 0.572509 0.631267 0.641812 0.67379 0.645309 0.492253 0.370968 0.343791 0.248871 0.179976 0.171085 0.213476 0.172732 0.13412 0.0818544 0.081761 0.0903584 0.111515 0.0179283 0.0627675 0.114286 0.251462 0.290249 0.302564 0.125 0.0343249 0.0137741 0.039261 0 
0.0766962 0.246892 0.199737 0.128864 0.337307 0.478635 0.375812 0.306946 0.0610099 0.107393 0.262867 0.510551 0.357133 0.189749 0.107533 0.0991248 0.164232 0.391377 0.292973 0.595676 0.733137 0.762396 0.773975 0.821022 1 0.942835 0.741464 0.589131 0.537033 0.508576 0.559891 0.532128 0.588785 0.573291 0.586376 0.604637 0.511043 0.254341 0.0111744 0.293464 0.354603 0.621612 0.565369 0.318217 0.242821 0.184174 0.151757 0.226116 0.153458 0.089697 0.0687251 0.0242511 0.254545 0.187135 0.265306 0.166667 0.207386 0.160183 0.0798898 0.30485 0 
0.0553097 0.0240034 0.0781866 0.102473 0.286584 0.399624 0.367695 0.205513 0.130312 0.254826 0.227846 0.338658 0.55981 0.279984 0.287892 0.525544 0.380582 0.12426 0.266148 0.347924 0.319351 0.431346 0.620006 0.44688 0.591086 0.855711 0.826137 0.760086 0.500913 0.426867 0.533842 0.558414 0.353565 0.359194 0.734274 0.774294 0.383446 0.029531 0.349252 0.653268 0.364794 0.275458 0.283848 0.393069 0.275377 0.215304 0.0867439 0.161126 0.0737002 0.0824242 0.186255 0.0727532 0.233766 0.538012 0.1678 0.379487 0.440341 0.114416 0.517906 0.221709 0 
0.315634 0.188598 0.0722733 0.225868 0.554147 0.674281 0.548701 0.355678 0.25559 0.42471 0.496952 0.751465 0.862099 0.780551 0.8387 0.901079 1 0.886857 0.86882 0.773759 0.700253 0.752684 0.615556 0.304375 0.188115 0.149576 0.29709 0.263792 0.183137 0.112709 0.0591826 0.107616 0.18219 0.0966614 0.148716 0.0966734 0.241745 0.233025 0.196606 0.115795 0.0860452 0.338828 0.308418 0.0328524 0.279642 0.203374 0.0785947 0.187781 0.25896 0.573333 0.247012 0.379458 0.519481 0.383041 0.405896 0.130769 0.119318 0.256293 0.415978 0.21709 1 
0.129056 0.0137162 0.205979 0.0936757 0.0674613 0.158022 0.234848 0.30849 0.0984748 0.033748 0.165887 0.474355 0.433712 0.262968 0.013542 0.041726 0.188063 0.435117 0.349779 0.531999 0.629427 0.717309 0.813712 0.873579 1 0.843815 0.638933 0.494339 0.474127 0.417279 0.440218 0.463716 0.515384 0.540117 0.525008 0.523286 0.4274 0.213476 0.087919 0.4061 0.433932 0.611844 0.545196 0.319376 0.225476 0.154142 0.117892 0.236298 0.164059 0.0848485 0.0258964 0.121255 0.293506 0.298246 0.199546 0.348718 0.196023 0.0434783 0.14876 0.267898 0 
0.159292 0.147878 0.00492773 0.0584879 0.068983 0.203709 0.46131 0.285777 0.146305 0.033462 0.0405501 0.167937 0.300849 0.388264 0.520815 0.680338 0.743135 0.767273 0.758889 0.853061 1 0.884777 0.794108 0.872964 0.904303 0.937218 0.878769 0.639769 0.286729 0.19282 0.273569 0.211301 0.189016 0.139587 0.0832566 0.0274194 0.0789416 0.102943 0.101202 0.145643 0.0874349 0.0468864 0.0985387 0.177918 0.11814 0.0896873 0.152843 0.178197 0.250883 0.379394 0.153386 0.1398 0.238961 0.0350877 0.104308 0.174359 0.150568 0.0800915 0.115702 0.0554273 0 
0.0685841 0.0342906 0.0141261 0.0955777 0.173726 0.210965 0.265693 0.0968026 0.0587887 0.04004 0.115837 0.172333 0.290485 0.278746 0.40977 0.467332 0.522329 0.613403 0.690722 0.777183 0.946564 1 0.962382 0.941809 0.8625 0.768146 0.632419 0.4331 0.466213 0.590178 0.484687 0.313525 0.342119 0.331108 0.0847908 0.0595766 0.00306145 0.00811064 0.139469 0.223529 0.152519 0.0717949 0.0205612 0.100232 0.0928348 0.0287987 0.0921767 0.115903 0.132256 0.122424 0.160359 0.0299572 0.18961 0.304094 0.174603 0.138462 0 0.0457666 0.0688705 0.0484988 0 
0.0530973 0.0171453 0.021682 0.040894 0.131626 0.155872 0.25974 0.145976 0.0741892 0.100815 0.14547 0.238277 0.374982 0.237806 0.221587 0.244861 0.267744 0.271792 0.360825 0.431828 0.543107 0.638483 0.658154 0.751767 0.882787 0.936006 1 0.852203 0.67431 0.529882 0.399455 0.285554 0.162554 0.0504505 0.0969623 0.209375 0.203914 0.24883 0.204301 0.144553 0.133526 0.206227 0.227079 0.183458 0.129087 0.0189248 0.084933 0.143756 0.0802625 0.0545455 0.0149402 0.0627675 0.0857143 0.201754 0.244898 0.117949 0.0767045 0.139588 0.157025 0.0554273 0 
0.137168 0.0471496 0.0354796 0.0444603 0.121735 0.028487 0.232143 0.172216 0.186584 0.155298 0.206012 0.168669 0.267454 0.237909 0.259304 0.196927 0.226194 0.294857 0.403219 0.439212 0.507589 0.596871 0.649889 0.74142 0.890369 0.934464 1 0.977872 0.845069 0.748482 0.67782 0.515053 0.340334 0.210281 0.122021 0.262097 0.24918 0.282936 0.318469 0.218519 0.0938043 0.317338 0.284883 0.198531 0.208132 0.143171 0.22184 0.223121 0.24735 0.271515 0.0318725 0.0970043 0.103896 0.134503 0.156463 0.0846154 0.119318 0.0594966 0.0192837 0.0277136 0 
0.20944 0.292327 0.320959 0.228959 0.185899 0.141629 0.0262446 0.167144 0.249667 0.126555 0.0331774 0.0978898 0.355693 0.29143 0.349985 0.379605 0.374365 0.215481 0.195771 0.255672 0.27403 0.457929 0.526756 0.439811 0.432787 0.412931 0.43492 0.689996 0.759131 0.683072 0.752044 0.791058 0.782316 0.531532 0.38294 0.298589 0.104745 0.210565 0.148535 0.161329 0.613434 0.779853 0.548429 0.588379 0.81888 0.725864 0.595255 0.384247 0.352347 0.404848 0.340637 0.643367 0.706494 0.473684 0.183673 0.107692 0.568182 0.290618 0.31405 0.0207852 1 
0.126844 0.145735 0.0502628 0.0282929 0.0826782 0.410642 0.539773 0.361411 0.333629 0.367653 0.399688 0.395223 0.300993 0.0743529 0.17755 0.207409 0.246917 0.25839 0.162003 0.11601 0.381324 0.680912 0.800784 0.841512 0.889242 0.922899 0.998634 1 0.80763 0.595078 0.605886 0.577735 0.386748 0.133545 0.0640278 0.0532258 0.0675705 0.106894 0.137571 0.117974 0.0973943 0.119658 0.255658 0.172507 0.128234 0.148793 0.275444 0.408206 0.433115 0.351515 0.202191 0.154066 0.241558 0.552632 0.0612245 0.248718 0.176136 0.256293 0.528926 0.34873 1 
0.120944 0.0557222 0.129106 0.136709 0.134162 0.189734 0.556548 0.751929 0.770176 0.836837 0.845739 0.625879 0.50511 0.267196 0.160899 0.0264604 0.148793 0.417558 0.67915 0.79634 0.847175 0.868827 0.851754 0.918144 0.869775 0.788964 0.862801 0.836455 0.573153 0.334612 0.327302 0.475736 0.631944 0.708956 0.556715 0.514919 0.51487 0.364147 0.357474 0.394444 0.259988 0.187424 0.242467 0.292064 0.224197 0.166072 0.159906 0.254567 0.179202 0.265455 0.0856574 0.164051 0.142857 0.517544 0.238095 0.312821 0.221591 0.347826 0.438017 0.182448 1 
0.157817 0.155594 0.00821288 0.0753685 0.0984022 0.362806 0.589286 0.249835 0.0999556 0.217074 0.343116 0.457503 0.562401 0.425596 0.547096 0.717586 0.806963 0.915325 1 0.937714 0.90683 0.933442 0.73339 0.502715 0.396107 0.277784 0.682845 0.867538 0.899858 0.788431 0.42485 0.102786 0.129371 0.240806 0.288534 0.225 0.107916 0.173963 0.221695 0.291176 0.14476 0 0.0453899 0.1479 0.189224 0.0378497 0.138175 0.188979 0.155982 0.290909 0.114542 0.0798859 0.0441558 0.327485 0.328798 0.133333 0.0653409 0.0594966 0.283747 0.362587 0 
0.0420354 0.00900129 0.0243101 0.000713267 0.0895257 0.205052 0.310877 0.208159 0.281505 0.315315 0.309514 0.387456 0.279545 0.0448592 0.116662 0.269286 0.401202 0.509506 0.56417 0.588292 0.657778 0.782538 0.891279 0.982379 1 0.830378 0.585566 0.283244 0 0.203792 0.419946 0.507077 0.517904 0.609327 0.513961 0.372681 0.220643 0.139025 0.158866 0.341285 0.256514 0.289011 0.349929 0.299279 0.245095 0.199808 0.212785 0.259958 0.19788 0.158788 0.0916335 0.0998573 0.171429 0.207602 0.0634921 0.153846 0.0965909 0.0755149 0.030303 0.0715935 1 
0.187316 0.161595 0.160972 0.154303 0.316003 0.537759 0.603355 0.544432 0.52125 0.829687 0.90543 0.797626 0.71844 0.315665 0.197713 0.274171 0.268159 0.316779 0.573848 0.735231 0.890282 0.810551 0.693653 0.73138 0.713217 0.807688 0.886228 0.981474 0.815239 0.451156 0.296567 0.266345 0.200042 0.286063 0.148512 0.310081 0.165974 0.312779 0.592663 0.436492 0.0950782 0.43895 0.601966 0.615434 0.5 0.126166 0.222202 0.534591 0.547703 0.363636 0.344622 0.226819 0.503896 0.394737 0.170068 0.105128 0.113636 0.0549199 0.14876 0.117783 1 
0.260324 0.170167 0.0992116 0.0558726 0.190971 0.333244 0.305195 0.134068 0.0118466 0.0561991 0.0874805 0.338365 0.184252 0.103022 0.119571 0.153369 0.111387 0.0945455 0.143383 0.0513699 0.164102 0 0.194659 0.236451 0 0.110365 0.448787 0.69154 0.677861 0.621072 0.717275 0.558189 0.643075 0.900477 0.950701 0.960181 0.804833 0.664344 0.638836 0.719281 0.657209 0.622589 0.491659 0.293481 0.216378 0.109846 0.145599 0.225217 0.285714 0.212121 0.0577689 0.118402 0.402597 0.438596 0.170068 0.169231 0.375 0.146453 0.212121 0.143187 0 
0.128319 0.129447 0.0597898 0.134094 0.00329698 0.184628 0.380682 0.307828 0.253813 0.344487 0.328654 0.509086 0.535771 0.247396 0.269335 0.40922 0.687908 0.556675 0.182201 0.211366 0.733664 0.720172 0.299883 0.264829 0.595594 0.548078 0.471268 0.857555 0.831473 0.369767 0.194659 0.15064 0.00315027 0.14584 0.288125 0.12994 0.137109 0.174483 0.0382669 0.00925926 0.148002 0.186447 0.236648 0.242979 0.143304 0.0909216 0.0331402 0.120994 0.0545179 0.173333 0.0906375 0.042796 0.236364 0.385965 0.417234 0.348718 0.272727 0.203661 0.140496 0.159353 0 
0.137168 0.0737248 0.0850854 0.0413695 0.166624 0.196453 0.324405 0.27409 0.297645 0.372801 0.269247 0.410463 0.399453 0.184181 0.0877721 0.147364 0.150347 0.187532 0.161161 0.0909675 0.000948567 0.196708 0.399491 0.584366 0.685041 0.73301 0.872571 0.903252 0.850649 0.902738 1 1 0.76625 0.681611 0.652654 0.685887 0.720206 0.576999 0.569576 0.665142 0.634742 0.54591 0.63507 0.742334 0.712681 0.554306 0.565556 0.668464 0.547703 0.501818 0.251992 0.175464 0.114286 0.274854 0.217687 0.225641 0.227273 0.0389016 0.129477 0.0692841 1 
0.0383481 0.0385769 0.00295664 0 0.0329698 0.138672 0.107955 0.197574 0.112691 0.152581 0.0976889 0.0986225 0.067943 0.0329999 0.0803491 0.11551 0.175008 0.356987 0.416263 0.48887 0.569035 0.648911 0.608774 0.590001 0.483402 0.520542 0.674966 0.846953 1 0.911154 0.784087 0.648506 0.5241 0.562162 0.535952 0.547883 0.460311 0.320578 0.317626 0.298039 0.24806 0.193529 0.207552 0.19209 0.188513 0.0942128 0.109018 0.168014 0.154467 0.186667 0.0288845 0.0570613 0.0467532 0.0292398 0.0770975 0.0384615 0.0880682 0.0709382 0.137741 0.0577367 0 
0.351032 0.117017 0.189553 0.28816 0.432412 0.485353 0.590909 0.157222 0.173404 0.273845 0.0932936 0.331331 0.291493 0.30133 0.331929 0.321698 0.251891 0.27013 0.258153 0.114833 0.290051 0.369594 0.313659 0.529761 0.511066 0.391453 0.510453 0.518629 0.381798 0.302866 0.393351 0.475736 0.535861 0.584526 0.627186 0.754335 0.716379 0.602371 0.527936 0.599673 0.711986 0.578877 0.483124 0.361247 0.281774 0.334339 0.323977 0.510931 0.384654 0.288485 0.266932 0.104137 0.322078 0.44152 0.129252 0.294872 0.542614 0.313501 0.911846 1 1 
0.137906 0.042006 0.10184 0.0430338 0.187674 0.383499 0.303301 0.12194 0.183918 0.179751 0.0785481 0.00483587 0.154023 0.285965 0.557027 0.794932 0.828101 0.79813 0.854408 0.868258 0.938132 0.938963 0.937374 1 0.971824 0.92389 0.931821 0.723858 0.433949 0.280281 0.400981 0.47259 0.373202 0.295495 0.2287 0.127823 0.239449 0.194655 0.129349 0.14902 0.0561668 0.0626374 0.110565 0.162587 0.163918 0.0781679 0.077146 0.127284 0.118627 0.00727273 0.187251 0.169757 0.197403 0.166667 0.0839002 0.15641 0.130682 0.116705 0.198347 0.110855 0 
0.260324 0.117017 0.0289093 0.12078 0.175501 0.155066 0.253517 0.312679 0.309344 0.347633 0.375301 0.395516 0.355981 0.300505 0.277159 0.2414 0.168998 0.161455 0.245319 0.277076 0.315346 0.317452 0.387199 0.464604 0.468033 0.59522 0.824982 0.944216 1 0.832215 0.549537 0.49326 0.495957 0.398092 0.175616 0.14506 0.181391 0.140688 0.0693654 0.231699 0.388767 0.536386 0.509375 0.261531 0.285755 0.299918 0.333213 0.442348 0.490156 0.271515 0.150398 0.138374 0.0493506 0.0233918 0.115646 0.225641 0.0170455 0.189931 0.300275 0.106236 1 
0.236726 0.123446 0.151445 0.11436 0.184377 0.188659 0.298431 0.258655 0.171776 0.104247 0.00964129 0.0663834 0.218943 0.307724 0.458521 0.617036 0.723034 0.775896 0.788344 0.813891 1 0.980984 0.959733 0.959123 0.909631 0.899328 0.782645 0.575648 0.337865 0.385853 0.452425 0.337677 0.249081 0.279279 0.155365 0.0472782 0.0919528 0.0801705 0.0510226 0.184532 0.10469 0.0907204 0.0488814 0.16336 0.159937 0.069254 0.171858 0.202755 0.130742 0.206061 0.0328685 0.202568 0.275325 0.0643275 0.0657596 0.423077 0.380682 0.02746 0.187328 0.103926 0 
0.165929 0.0908701 0.101511 0.121493 0.0667005 0.110454 0.233766 0.145094 0.0731527 0.039468 0.233234 0.322098 0.391824 0.24059 0.379175 0.492062 0.276241 0.340779 0.662424 0.711794 0.478605 0.431653 0.680725 0.808729 0.772643 0.883577 0.887488 0.888123 0.858969 0.793651 0.551281 0.229387 0.313137 0.148702 0.229518 0.552823 0.473431 0.0619736 0.127662 0.0690632 0.342907 0.450427 0.344756 0.138882 0.201592 0.231349 0.133647 0.189877 0.0726906 0.273939 0.060757 0.219686 0.366234 0.24269 0.240363 0.230769 0.144886 0.0366133 0.179063 0.039261 0 
0.292035 0.116159 0.193495 0.111032 0.107025 0.0760548 0.156385 0.234179 0.172072 0.312741 0.153268 0.161049 0.281129 0.129215 0.0746314 0.105231 0.0574034 0.0326234 0.165895 0.248181 0.244941 0.320417 0.32415 0.303555 0.329098 0.290891 0.358336 0.652326 0.92431 1 0.876948 0.661986 0.501208 0.402756 0.273908 0.194254 0.328559 0.459187 0.608897 0.667647 0.534221 0.419536 0.344239 0.404148 0.608757 0.584476 0.63582 0.736149 0.635538 0.396364 0.180279 0.298146 0.0857143 0.0263158 0.133787 0.328205 0.298295 0.107551 0.231405 0.0877598 1 
0.079646 0.00685812 0.0594612 0.0351878 0.0286584 0.104811 0 0.075634 0.106027 0.0517661 0.122359 0.0416178 0.145099 0.172218 0.181463 0.194891 0.166511 0.13039 0.0761624 0.0386344 0.0887437 0.300378 0.432553 0.580576 0.669672 0.792819 0.852295 0.920543 0.836343 0.705763 0.633243 0.536621 0.435997 0.534499 0.503631 0.388004 0.101465 0.00291151 0.0514442 0.110458 0.109554 0.207692 0.342429 0.251868 0.0932613 0.0795392 0.0577689 0.0901468 0.137304 0.089697 0.148406 0.166904 0.335065 0.0467836 0.0725624 0.0358974 0.3125 0.125858 0.126722 0.150115 0 
0.235988 0.054865 0.223719 0.266762 0.0712655 0.289707 0.518128 0.342227 0.438472 0.609038 0.743513 0.811108 0.98431 0.700629 0.735881 0.735701 0.857217 0.943688 0.87187 0.776648 0.55312 0.290563 0 0 0.23709 0.434079 0.477571 0.423837 0.274249 0.126132 0.335477 0.350258 0.298645 0.307366 0.349289 0.0679435 0.162147 0.149423 0.152224 0.160784 0.0250145 0.109646 0.140437 0.104612 0.111459 0.0667855 0.0795002 0.175502 0.186774 0.224242 0.300797 0.336662 0.58961 0.24269 0.346939 0.484615 0.0823864 0.855835 0.344353 0.34642 1 
0.516224 0.361337 0.187911 0.0380409 0.201623 0.456598 0.50947 0.405954 0.427218 0.58244 0.649085 0.734613 0.831294 0.678767 0.856856 0.972522 0.864574 0.866078 0.889964 0.991652 0.892496 0.811676 0.827594 0.748079 0.579201 0.503029 0.542284 0.527172 0.470678 0.407585 0.350518 0.243765 0.105114 0.162268 0.102895 0.152016 0.158758 0.109494 0.136622 0.273747 0.217024 0.144444 0.112376 0.269518 0.213108 0.0927043 0.162803 0.277628 0.332155 0.104242 0.215139 0.206847 0.301299 0.251462 0.430839 0.0974359 0.178977 0.21968 0.225895 0.272517 1 
0.108407 0.0150021 0.0735874 0.0910604 0.142785 0.220102 0.361201 0.225579 0.218718 0.238238 0.265844 0.341735 0.418166 0.366711 0.437556 0.52646 0.585121 0.660052 0.716916 0.795805 0.888385 0.966057 1 0.989038 0.936066 0.888864 0.914277 0.910251 0.777902 0.575796 0.35782 0.32532 0.189331 0 0.0914391 0.172177 0.22108 0.255797 0.197133 0.283007 0.347771 0.304029 0.241433 0.278279 0.181689 0.105321 0.19377 0.283318 0.32105 0.275152 0.12749 0.235378 0.337662 0.304094 0.126984 0.392308 0.241477 0.0755149 0.143251 0.0554273 1 
0.300885 0.135019 0.227989 0.0118878 0.254375 0.234077 0.251082 0.279603 0.353473 0.369369 0.44279 0.594373 0.503527 0.378158 0.294312 0.30633 0.256554 0.277922 0.201347 0.509846 0.662943 0.62376 0.557486 0.672677 0.588525 0.825091 0.99065 0.916324 0.797585 0.649835 0.561308 0.778252 0.583955 0.25045 0.0128874 0.173286 0.293899 0.455132 0.567679 0.450654 0.542675 0.869719 0.796974 0.72958 0.817316 0.492732 0.457443 0.688529 0.641595 0.431515 0.365538 0.239658 0.0779221 0.24269 0.260771 0.182051 0.150568 0.0411899 0.115702 0.0254042 1 
0.184366 0.186027 0.0400788 0.00618165 0.0603601 0.0902983 0.0833333 0.159868 0.113875 0.0952381 0.00538778 0.267292 0.248165 0.0816747 0.143043 0.210666 0.178323 0.0758442 0.0614349 0.0544735 0.180438 0.0480523 0.158631 0.219752 0.0680328 0.149466 0.566341 0.84119 0.84446 0.752743 0.825395 0.65783 0.637194 0.90461 0.988238 0.934274 0.722611 0.556307 0.579907 0.713072 0.612739 0.633822 0.4764 0.257279 0.214956 0.0696654 0.168598 0.2941 0.264513 0.227879 0.0996016 0.042796 0.472727 0.426901 0.14059 0.238462 0.198864 0.17849 0.23416 0.205543 0 
0.0619469 0.204886 0.0932983 0.0568236 0.148364 0.262026 0.630411 0.513782 0 0.252967 0.165462 0.242673 0.43069 0.110034 0.214465 0.233666 0.2321 0.250494 0.189775 0 0.0979132 0.0981495 0.117092 0.158181 0.229098 0.181628 0.0583044 0.522026 0.708198 0.604879 0.465831 0.630308 0.706815 0.638262 0.562749 0.750302 0.91417 0.922221 0.984398 1 1 0.959096 0.724169 0.365627 0.626528 0.755211 0.784317 0.870021 1 0.944242 0.394422 0.235378 0.374026 0.307018 0.444444 0.346154 0.0738636 0.359268 0.289256 0.295612 0 
0.180678 0.0797257 0.0785151 0.000713267 0.07228 0.160978 0.332792 0.22602 0.214423 0.216931 0.105062 0.285903 0.19548 0.243065 0.291805 0.286587 0.0362657 0.106597 0.262571 0.34878 0.325253 0.22329 0.386246 0.55691 0.599795 0.594999 0.637462 0.760498 1 0.836263 0.547902 0.453831 0.492702 0.429889 0.161501 0.0716734 0.0201181 0.158365 0.230867 0.221786 0.278981 0.340049 0.224104 0.104999 0.0476258 0.127948 0.184353 0.0925427 0.104997 0.385455 0.131474 0.156919 0.298701 0.119883 0.145125 0.0282051 0.0909091 0.0114416 0.118457 0.163972 0 
0.289823 0.277325 0.125493 0.129815 0.1088 0.460898 0.309794 0.213671 0.0752258 0.295009 0.30767 0.453693 0.417878 0.241312 0.321095 0.36322 0.399337 0.518338 0.690932 0.806935 0.877213 0.826091 0.746636 0.754636 0.832684 0.879392 0.753335 0.577707 0.293527 0.0223714 0.251226 0.76803 0.793342 0.830737 0.762299 0.744758 0.645309 0.140064 0.26829 0.532244 0.562826 0.582173 0.517781 0.499485 0.234717 0.0606144 0.120065 0.125187 0.239778 0.284848 0.0657371 0.0770328 0.322078 0.508772 0.142857 0.497436 0.556818 0.226545 0.190083 0.113164 0 
0.162242 0.12216 0.24113 0.109605 0.0405782 0.196721 0.174242 0.429327 0.414779 0.509224 0.380689 0.0880715 0.24874 0.491595 0.634066 0.675962 0.741478 0.646234 0.422365 0.247003 0.369625 0.672222 0.81954 1 0.819672 0.682234 0.761109 0.60107 0.486201 0.53638 0.48218 0.159065 0.140082 0.0948596 0.44799 0.662298 0.663897 0.185401 0.166561 0.526144 0.528662 0.486569 0.310617 0.179335 0.252914 0.266868 0.312025 0.455825 0.468955 0.21697 0.241036 0.10699 0.0831169 0.248538 0.22449 0.0666667 0.366477 0.148741 0.294766 0.193995 0 
0.205015 0.273468 0.123193 0.0273419 0.103728 0.191884 0.25974 0.0573319 0.0978824 0.106821 0.017723 0.0345838 0.0937095 0.0685779 0.143946 0.0658457 0.0860015 0.187429 0.297917 0.278467 0.168529 0.212964 0.296493 0.411843 0.447643 0.185593 0.0412858 0.265336 0.55418 0.823586 0.829864 0.769041 0.795023 0.97753 1 0.895161 0.564728 0.27597 0.207358 0.246732 0.342559 0.459707 0.203673 0.287039 0.224908 0.196517 0.295907 0.339323 0.286219 0.161212 0.169323 0.0385164 0.122078 0.21345 0.163265 0.182051 0.289773 0.359268 0.258953 0.0115473 0 
0.0752212 0.0270039 0.086728 0.124822 0.215065 0.313088 0.417749 0.412789 0.338516 0.294008 0.126329 0.0759086 0.373974 0.35939 0.507774 0.654386 0.696508 0.743584 0.827162 0.849422 0.959422 0.983437 0.862774 0.631493 0.49457 0.492786 0.677907 0.844277 0.818689 0.569831 0.268992 0.264435 0.252861 0.178166 0.125089 0.0882056 0.0587142 0.0471041 0.0551339 0.155773 0.226752 0.264835 0.133842 0.221721 0.28675 0.245063 0.201376 0.119197 0.153963 0.101818 0.0388446 0.064194 0.0623377 0.0292398 0.015873 0.0641026 0.0482955 0.135011 0.0688705 0.106236 1 
0.0818584 0.0612945 0.20565 0.398003 0.633528 0.660306 0.78842 0.894157 0.726788 0.830402 0.785907 0.759525 0.761192 0.519852 0.496539 0.694382 0.823024 0.775481 0.812224 0.931828 1 0.920663 0.771008 0.535908 0.442828 0.550832 0.521799 0.379477 0.0748782 0.188772 0.165995 0.0205572 0.217053 0.190461 0.0108418 0.147883 0.0941395 0.214516 0.295172 0.335294 0.311639 0.0952381 0.163714 0.177918 0.161501 0.0707625 0.0132198 0.0832585 0.187784 0.146667 0.15239 0.119829 0.0779221 0.25731 0.260771 0.00512821 0.505682 0.208238 0.316804 0.13164 0 
0.0811209 0.0625804 0.0666886 0.0278174 0.0748161 0.159635 0.227273 0.123705 0.174293 0.170027 0.0849284 0.038687 0.0639125 0.103228 0.0772394 0.0590271 0.176044 0.267532 0.283926 0.418557 0.574094 0.703609 0.811911 0.838644 0.904201 0.978191 1 0.871552 0.754769 0.639501 0.578093 0.530667 0.451433 0.506836 0.508745 0.503125 0.46206 0.324633 0.155387 0.193137 0.186103 0.120269 0.0711238 0.0633857 0.0884276 0.069254 0.0447302 0.0655885 0.0514891 0.0569697 0.0189243 0.0470756 0.179221 0.0584795 0.0997732 0.112821 0.0397727 0.0869565 0.23416 0.120092 0 
0.15708 0.0428633 0.0377792 0.1864 0.266295 0.377318 0.471591 0.207718 0.200355 0.302302 0.330639 0.421014 0.385058 0.313808 0.373558 0.44138 0.457569 0.610805 0.71639 0.861087 0.931387 0.960536 0.907386 0.942936 1 0.939971 0.875512 0.744751 0.702516 0.572387 0.367847 0.236576 0.17694 0.0801272 0.112509 0.127419 0.207632 0.297494 0.376133 0.401852 0.335611 0.439316 0.385749 0.229194 0.218226 0.164427 0.173669 0.229111 0.327612 0.379394 0.184263 0.128388 0.449351 0.195906 0.154195 0.233333 0.147727 0.0961098 0.170799 0.0762125 1 
0.132743 0.058294 0.0545335 0.0827389 0.0821709 0.0395055 0.232413 0.202426 0.113283 0.154154 0.174819 0.159144 0.179934 0.100134 0.0623934 0.0740892 0.0908714 0.152831 0.356196 0.321276 0.188132 0.244454 0.384656 0.574634 0.553586 0.498623 0.450783 0.68063 0.979403 1 0.987902 0.947091 0.754489 0.671436 0.534315 0.45494 0.473212 0.166788 0.0345773 0.149891 0.156688 0.195116 0.336221 0.495491 0.533693 0.331048 0.195038 0.067086 0.0782433 0.226667 0.124502 0.0285307 0.161039 0.321637 0.0136054 0.0461538 0.15625 0.0892449 0.181818 0.0138568 0 
0.0737463 0.0617231 0.0397503 0.0042796 0.0365204 0.25692 0.267857 0.0848953 0.126758 0.0888031 0.0639444 0.0565651 0.125378 0.0938435 0.169526 0.246489 0.298726 0.35761 0.394382 0.3811 0.414945 0.394234 0.290664 0.386538 0.432992 0.47329 0.74283 0.948847 1 0.902418 0.850245 0.8051 0.712486 0.629571 0.558147 0.572278 0.543735 0.341999 0.136833 0.0815904 0.033121 0.224054 0.346955 0.37194 0.332812 0.228744 0.18381 0.357892 0.355376 0.202424 0.106574 0.118402 0.0285714 0.216374 0.131519 0.0564103 0.0738636 0.0778032 0.190083 0.0808314 0 
0.0744838 0.316331 0.115637 0.0397052 0.00228253 0.119054 0.291396 0.223594 0.241818 0.308594 0.40862 0.387749 0.355981 0.209756 0.186378 0.165785 0.201948 0.347013 0.602672 0.706764 0.782251 0.800123 0.795168 0.915275 0.931045 0.951757 1 0.981268 0.866477 0.614467 0.383106 0.318805 0.247611 0.23328 0.214585 0.118952 0.0373934 0.0330664 0.112587 0.14793 0.00903301 0.0504274 0.19087 0.224427 0.221069 0.226413 0.213872 0.215633 0.162039 0.0678788 0.201195 0.189729 0.254545 0.263158 0.0634921 0.0564103 0.0965909 0.0938215 0.15427 0.0669746 1 
0.165192 0.0784398 0.14816 0.0908226 0.149632 0.171997 0.364448 0.230209 0.19384 0.180609 0.0920176 0.00337046 0.18929 0.265855 0.572976 0.825972 0.862087 0.805818 0.899537 0.897902 1 0.997546 0.986436 0.975515 0.898463 0.9696 0.965858 0.756381 0.435268 0.341856 0.46267 0.404741 0.304946 0.313725 0.204459 0.0658266 0.255959 0.156494 0.0359477 0.102941 0.0386798 0.0297924 0.115479 0.187967 0.191641 0.0536204 0.0988772 0.140461 0.101464 0.115152 0.154382 0.118402 0.379221 0.204678 0.0272109 0.189744 0.119318 0.0526316 0.0964187 0.0415704 0 
0.275074 0.136305 0.221091 0.199715 0.304337 0.379737 0.568452 0.564057 0.408263 0.372515 0.475826 0.541911 0.526702 0.454161 0.534958 0.474354 0.464822 0.570078 0.745319 0.678617 0.675169 0.860239 0.905372 0.932999 0.783197 0.844146 0.922366 0.699465 0.571733 0.490252 0.438474 0.306111 0.101964 0.0883943 0.163343 0.14506 0.0728187 0.109702 0.170251 0.209368 0.280023 0.344689 0.172119 0.146869 0.186238 0.196517 0.113003 0.0299491 0.04947 0.158788 0.151394 0.352354 0.171429 0.739766 0.165533 0.274359 0.295455 0.148741 0.264463 0.140878 1 
0.337758 0.215602 0.264126 0.28388 0.435202 0.797635 0.804924 0.50871 0.556049 0.521379 0.387353 0.391706 0.304736 0.117356 0.155582 0.230816 0.427417 0.580675 0.657479 0.782641 0.822829 0.776403 0.854403 0.730458 0.397746 0.184492 0.305809 0.360642 0.440747 0.603814 0.759346 0.777803 0.7589 0.811659 0.595786 0.582661 0.659742 0.717064 0.62355 0.56634 0.429531 0.211844 0.210138 0.32556 0.270543 0.225315 0.109381 0.0625936 0.220091 0.212121 0.106574 0.263909 0.293506 0.157895 0.0816327 0.128205 0.130682 0.180778 0.0743802 0.0484988 0 
0.212389 0.148736 0.156045 0.130766 0.0253614 0.336469 0.387446 0.235502 0.276914 0.320463 0.369914 0.377491 0.200662 0 0.0643996 0.13047 0.178323 0.235844 0.245529 0.389234 0.545215 0.692261 0.70817 0.756377 0.922336 1 0.997794 0.824722 0.698864 0.69543 0.698747 0.511907 0.221254 0.0802332 0.0565613 0.028629 0.133501 0.149735 0.103099 0.0797386 0.0152866 0.160073 0.200698 0.199433 0.187518 0.13508 0.227816 0.285714 0.246845 0.292121 0.0418327 0.11127 0.106494 0.339181 0.0680272 0.0794872 0.0880682 0.173913 0.0964187 0.0969977 1 
0.148968 0.143163 0.12385 0.0423205 0.257165 0.285407 0.369318 0.210364 0.158744 0.237952 0.53736 0.568142 0.545415 0.495514 0.649814 0.805109 0.981245 1 0.937618 0.834332 0.800379 0.842552 0.598601 0.571253 0.768955 0.802181 0.537872 0.278407 0.493608 0.64078 0.574496 0.410133 0.343274 0.346476 0.138795 0.135282 0.194511 0.154206 0.0666245 0.248257 0.217834 0.240904 0.0918143 0.206905 0.237276 0.233132 0.331221 0.420186 0.255427 0.271515 0.0946215 0.0328103 0.254545 0.19883 0.160998 0.230769 0.0795455 0.0617849 0.0330579 0.145497 0 
0.103982 0.0874411 0.0877135 0.127913 0.100178 0.18194 0.36039 0.159868 0.142603 0.207922 0.310081 0.373242 0.390384 0.276684 0.316782 0.176064 0.143094 0.192312 0.203345 0.266802 0.378373 0.366936 0.45915 0.620121 0.745799 0.778059 0.877088 0.991252 0.921165 0.678385 0.619619 0.52404 0.361651 0.351033 0.20047 0.11744 0.135688 0.12925 0.209256 0.257734 0.240533 0.324664 0.15311 0.14906 0.205999 0.258228 0.353857 0.44684 0.257951 0.187879 0.188247 0.202568 0.142857 0.210526 0.192744 0.0871795 0.150568 0.121281 0.129477 0.0415704 1 
0.227139 0.0407201 0.0929698 0.120304 0.175755 0.230046 0.258929 0.212348 0.141419 0.291863 0.396427 0.467321 0.403915 0.116428 0.120774 0.13963 0.160812 0.213403 0.17105 0.186109 0.290894 0.58583 0.82007 0.902162 0.988525 0.990307 0.942011 1 0.907873 0.7243 0.785722 0.7541 0.506878 0.203392 0.072108 0.122681 0.0883446 0.0876573 0.14727 0.0248366 0.139201 0.0937729 0.148584 0.218243 0.135627 0.0109709 0.143064 0.375861 0.326603 0.21697 0.0507968 0.0756063 0.228571 0.365497 0.129252 0.151282 0.0880682 0.0663616 0.168044 0.140878 1 
0.0597345 0.170596 0.21912 0.149786 0.207963 0.223058 0.249459 0.459757 0.365911 0.405977 0.529704 0.719812 0.678998 0.397443 0.355502 0.334317 0.281732 0.267013 0.405744 0.707192 0.804701 0.806053 0.646604 0.688352 0.769262 0.855491 1 0.993928 0.877537 0.625226 0.587902 0.674455 0.472015 0.269528 0.00787563 0.330242 0.307894 0.389934 0.623023 0.529412 0.260915 0.566667 0.621492 0.633986 0.75263 0.303895 0.253712 0.565439 0.478041 0.162424 0.308765 0.326676 0.18961 0.391813 0.371882 0.0205128 0.301136 0.0755149 0.115702 0.0277136 1 
0.0582596 0.0685812 0.125821 0.0715644 0.155719 0.162322 0.267045 0.184785 0.0453132 0.173745 0.143769 0.00542204 0.0662156 0.0452717 0.117665 0.0564828 0.0906642 0.205091 0.335578 0.349101 0.465114 0.876597 0.958249 0.875627 0.682889 0.662628 0.54554 0.643886 0.776989 0.741664 0.583542 0.66412 0.801323 0.935559 0.861614 0.666835 0.401924 0.206613 0.243938 0.386166 0.336653 0.261783 0.38743 0.284076 0.16534 0.0870817 0.0842086 0.126385 0.0878344 0.208485 0.133466 0.189729 0.483117 0.394737 0.133787 0.320513 0.607955 0.19222 0.209366 0.267898 0 
0.160767 0.166309 0.131735 0.116262 0.234847 0.379737 0.443994 0.321499 0.24404 0.280995 0.134694 0 0.228444 0.29308 0.497442 0.66609 0.75702 0.842597 0.979487 1 1 0.999182 0.901134 0.672472 0.498258 0.417998 0.472634 0.608481 0.712967 0.607542 0.334823 0.280049 0.403129 0.379332 0.224813 0.0870968 0 0.0479359 0.0068522 0.110349 0.195136 0.22967 0.107849 0.193507 0.238129 0.145091 0.201195 0.254268 0.300858 0.243636 0.0707171 0.136947 0.148052 0.0467836 0.0430839 0.146154 0.0994318 0.224256 0.212121 0 1 
1 0.522932 0.450066 0.339039 0.433426 0.356356 0.470779 0.464388 0.230268 0.279422 0.562597 0.76905 1 0.694029 0.676698 0.791472 0.935965 0.888312 0.910162 0.767979 0.784992 0.793784 0.757974 0.653212 0.473361 0.512281 0.442904 0.551256 0.443689 0.293598 0.24 0.217367 0.270398 0.297191 0.258771 0.096875 0.153728 0.288344 0.340713 0.285294 0.108975 0.293284 0.440191 0.225844 0.0965311 0.145639 0.116443 0.159329 0.268046 0.329697 0.170319 0.156919 0.322078 0.976608 0.133787 0.161538 0.0539773 0.173913 0.399449 0.103926 1 
0.248525 0.0471496 0.0578187 0.0977175 0.169921 0.291051 0.446429 0.327674 0.205983 0.400257 0.289097 0.29323 0.329063 0.132721 0.347076 0.320171 0.202052 0.189922 0.210288 0.371575 0.278879 0.610572 0.560665 0.323328 0.237807 0.515255 0.805127 0.685159 0.694095 0.857249 0.593787 0.36621 0.658721 0.899311 0.778766 0.753226 0.594577 0.450244 0.0928737 0.650327 0.806254 0.722955 0.443683 0.232285 0.338072 0.469556 0.417059 0.206349 0.109036 0.568485 0.424303 0.482168 0.397403 0.421053 0.23356 0.112821 0.261364 0.02746 0.198347 0.140878 0 
0.235988 0.108015 0.125821 0.121731 0.11717 0.265789 0.453463 0.359206 0.265067 0.364221 0.411031 0.486079 0.422053 0.174487 0.175444 0.267861 0.261216 0.373403 0.537029 0.672089 0.78594 0.739495 0.809579 0.924291 0.878074 0.869369 0.926568 0.995368 0.855519 0.581229 0.37624 0.231409 0.12265 0.0983572 0.0749719 0 0.0383774 0.0575023 0.0551339 0.110022 0.0594094 0.117705 0.253976 0.290647 0.25789 0.275919 0.305686 0.310572 0.252903 0.164848 0.129482 0.159772 0.0883117 0.125731 0.126984 0.107692 0.119318 0.0434783 0.0110193 0.0577367 1 
0.121681 0.187741 0.151445 0.152164 0.392594 0.210965 0.152327 0.224035 0.459055 0.401115 0.423082 0.41017 0.410105 0.238631 0.165613 0.116629 0.254274 0.430545 0.646644 0.752033 0.679595 0.426746 0.19805 0.271181 0.485041 0.798656 1 0.921573 0.849736 0.757324 0.576567 0.537632 0.666492 0.636778 0.494119 0.352621 0.378089 0.35666 0.314991 0.289107 0.380776 0.461294 0.446528 0.270033 0.146574 0.109435 0.126947 0.157532 0.121656 0.141818 0.121514 0.162625 0.283117 0.25731 0.047619 0.0538462 0.0653409 0.107551 0.198347 0.0369515 1 
0.514012 0.383626 0.414258 0.34213 0.308648 0.285676 0.338745 0.359206 0.259884 0.288002 0.368921 0.549385 0.632215 0.572136 0.501154 0.179931 0.231064 0.291117 0.236798 0.591824 0.890177 0.738473 0.490092 0.263498 0.15707 0.62628 0.745351 0.497942 0.462358 0.518376 0.421253 0.0979555 0.0387483 0.0757817 0.00920528 0.0925403 0.156353 0.125091 0.277251 0.227778 0.126809 0.346642 0.414199 0.18217 0.0894228 0.100658 0.145781 0.18209 0.285209 0.346667 0.153386 0.208274 0.392208 0.128655 0.0544218 0.112821 0.238636 0.224256 0.258953 0.143187 1 
0.379794 0.376768 0.651117 0.605326 0.800913 0.576458 0.158009 0.492172 0.129572 0.0896611 0.187296 0.291618 0.362603 0.318862 0.424817 0.405251 0.549788 0.680104 0.847149 0.918022 0.912626 1 0.950408 0.907899 0.829611 0.675405 0.635886 0.432174 0.234984 0.149888 0.105068 0.0662772 0.108474 0.231055 0.430705 0.498286 0.44719 0.435479 0.374868 0.303159 0.352982 0.602442 0.469675 0.178691 0.2559 0.17814 0.0947121 0.244684 0.236749 0.138182 0.297809 0.336662 0.503896 0.722222 0.172336 0.376923 0.477273 0.327231 0.366391 0.115473 1 
0.0744838 0.0741535 0.142576 0.24679 0.468171 0.220908 0.19697 0.228666 0.100992 0.127699 0.313484 0.549824 0.521808 0.461999 0.615307 0.64136 0.795254 0.917714 0.982327 0.96083 0.857293 0.82875 0.817315 0.79582 0.600615 0.433087 0.406976 0.414059 0.431717 0.343028 0.277929 0.295552 0.285624 0.220456 0.195152 0.228528 0.311612 0.423417 0.346194 0.283007 0.160625 0.210623 0.284366 0.136047 0.0814615 0.0421009 0.0429192 0.140761 0.0514891 0.0690909 0.0308765 0.221113 0.244156 0.216374 0.598639 0.7 0.267045 0.116705 0.404959 0.198614 1 
0.0523599 0.0895842 0.0745729 0.0920114 0.152168 0.17979 0.126082 0.187652 0.170887 0.153296 0.0689068 0.126758 0.123507 0.0598123 0.0426322 0.116222 0.242566 0.267221 0.334 0.459332 0.607399 0.812085 0.919148 0.867841 0.80041 0.862981 1 0.985385 0.941863 0.799084 0.708992 0.719614 0.642025 0.714573 0.722819 0.665323 0.608572 0.469585 0.323424 0.244989 0.157035 0.11685 0.099056 0.108864 0.0369633 0.0456665 0.0371242 0.0925427 0.0509844 0.115152 0.0468127 0.0912981 0.127273 0.0350877 0.0226757 0.0641026 0.15625 0.107551 0.0633609 0.0554273 0 
0.264012 0.117874 0.0712878 0.0397052 0.0284048 0.169578 0.218615 0.215215 0.13594 0.0985271 0.180774 0.341295 0.351231 0.093431 0.056776 0.142581 0.196042 0.33361 0.136545 0.278253 0.586741 0.692056 0.829501 0.851757 0.765369 0.583104 0.552054 0.423837 0.396916 0.404602 0.506594 0.624691 0.713536 0.670588 0.580853 0.535585 0.497048 0.384527 0.397849 0.641176 0.791662 0.803053 0.813009 0.52654 0.456639 0.34531 0.268381 0.295897 0.16002 0.326061 0.0657371 0 0.103896 0.0409357 0 0.176923 0.264205 0.116705 0.231405 0.124711 0 
0.030236 0.111873 0.0676741 0.119591 0.220391 0.28057 0.182089 0.207497 0.236636 0.249678 0.31079 0.362837 0.395854 0.243787 0.185475 0.126501 0.173972 0.232519 0.240269 0.287885 0.349705 0.386873 0.482251 0.678312 0.742828 0.762419 0.897153 1 0.887175 0.628316 0.610463 0.455965 0.259477 0.160784 0.129385 0.0726815 0.15515 0.103879 0.214316 0.210131 0.18645 0.332357 0.178068 0.0882505 0.0943986 0.228332 0.327237 0.372866 0.260475 0.0533333 0.184263 0.0912981 0.12987 0.187135 0.14059 0.205128 0.0965909 0.0480549 0.0909091 0.00230947 1 
0.0855457 0.0265752 0.0962549 0.0601522 0.00456505 0.178715 0.199675 0.128997 0.0964016 0.112684 0.0653623 0.0890973 0.149993 0.138806 0.229311 0.282109 0.329189 0.340987 0.286871 0.260809 0.376476 0.415704 0.43446 0.585698 0.687295 0.822227 0.881815 0.629889 0.321023 0.299563 0.483706 0.470456 0.268508 0.440276 0.506495 0.508266 0.480538 0.469897 0.446131 0.473094 0.444239 0.343956 0.296909 0.122262 0.0135058 0.072271 0.0693589 0.0320455 0.0545179 0.0933333 0.108566 0.0770328 0.0597403 0.0877193 0.156463 0.0897436 0.142045 0.0228833 0.140496 0.039261 0 
0.205752 0.05015 0.0335085 0.0130766 0.109054 0.240795 0.349838 0.234179 0.430772 0.48048 0.558911 0.704572 0.727364 0.425389 0.321497 0.284348 0.304321 0.296727 0.424364 0.608198 0.688449 0.827625 0.835647 0.847557 0.91168 0.998348 1 0.747221 0.4583 0.352722 0.366975 0.479667 0.395674 0.305564 0.0541066 0.282762 0.406845 0.289799 0.262703 0.274183 0.0209612 0.221978 0.447304 0.598557 0.620699 0.35395 0.238863 0.151243 0.0565371 0.0715152 0.0408367 0.0684736 0.257143 0.201754 0.0181406 0.128205 0.0340909 0.00686499 0.220386 0.0854503 1 
0.304572 0.235319 0.227661 0.133143 0.291149 0.382155 0.40855 0.0740904 0.079224 0 0.136963 0.327814 0.406938 0.358255 0.450296 0.532261 0.646462 0.700052 0.747738 0.857877 0.833052 0.792864 0.828865 0.930028 0.851947 0.577266 0.384284 0.307225 0.300731 0.206775 0.314441 0.45619 0.474955 0.519237 0.508438 0.45756 0.424557 0.414786 0.411765 0.470153 0.386798 0.399023 0.331566 0.32556 0.30381 0.245337 0.182905 0.158131 0.228672 0.14303 0.00896414 0.191155 0.451948 0.201754 0.122449 0.325641 0.244318 0.185355 0.30854 0.0993072 1 
0.0914454 0.0925847 0.0243101 0.0118878 0.0375349 0.00913733 0.169372 0.198236 0.105287 0.128986 0.137814 0.0867526 0.0444796 0.0592967 0.148761 0.125585 0.0742928 0.160831 0.262676 0.27729 0.346227 0.556078 0.733284 0.872656 0.902459 0.725851 0.669923 0.695657 0.580357 0.336636 0.187902 0.249831 0.230495 0.285639 0.179912 0.222581 0.309972 0.258709 0.268817 0.292919 0.268906 0.251038 0.195655 0.230482 0.263008 0.235464 0.162622 0.196466 0.224634 0.133333 0.0239044 0.0770328 0.174026 0.30117 0.0136054 0.0461538 0.0625 0.128146 0.104683 0.0969977 0 
0.172566 0.0484355 0.086071 0.166904 0.29191 0.385918 0.313582 0.258875 0.30268 0.345774 0.363817 0.399326 0.454441 0.413942 0.519009 0.602992 0.713605 0.74826 0.760783 0.796447 0.894077 0.923014 0.932712 0.98494 0.977049 1 0.989074 0.904899 0.726664 0.548098 0.43455 0.372388 0.168224 0.0787493 0.0271044 0.133669 0.24087 0.173755 0.131035 0.230392 0.163636 0.273138 0.326005 0.188611 0.0956781 0.132337 0.270192 0.337826 0.23372 0.233939 0.139442 0.0271041 0.163636 0.409357 0.0136054 0.330769 0.127841 0.551487 0.209366 0.157044 1 
0.129794 0.0715817 0.0906702 0.0577746 0.100431 0.158022 0.146916 0.231092 0.347697 0.432003 0.637601 0.733148 0.605873 0.326596 0.284683 0.3793 0.421822 0.365403 0.378077 0.465539 0.712374 0.937123 1 0.982686 0.993033 0.907589 0.814791 0.686805 0.445617 0.284223 0.222343 0.39991 0.386118 0.32814 0.124987 0.185786 0.312377 0.310284 0.559983 0.586928 0.332484 0.0478632 0.404888 0.436357 0.587148 0.49904 0.374683 0.257263 0.302877 0.323636 0.124502 0.0456491 0.34026 0.371345 0.376417 0.328205 0.303977 0.272311 0.311295 0.143187 1 
0.231563 0.0900129 0.121879 0.135283 0.276693 0.370868 0.546807 0.341786 0.363838 0.365937 0.392315 0.428634 0.306607 0.185006 0.177851 0.269286 0.422132 0.578909 0.642436 0.555223 0.424431 0.467232 0.538625 0.516545 0.704406 1 0.954197 0.597571 0.504058 0.360818 0 0.16266 0.17946 0.12973 0.156899 0.135887 0.141373 0.281377 0.345456 0.471024 0.405211 0.33663 0.160093 0.122778 0.170742 0.113138 0.111916 0.0422282 0.0545179 0.150303 0.103586 0.124108 0.379221 0.143275 0.0204082 0.125641 0.0369318 0.0892449 0.143251 0.157044 1 
0.19764 0.254179 0.210578 0.0406562 0.19579 0.422198 0.303301 0.229989 0.191767 0.236522 0.241883 0.385844 0.44494 0.360524 0.415087 0.496031 0.604186 0.794805 0.929834 0.935681 0.923588 0.943769 0.822825 0.771847 0.69334 0.576385 0.559828 0.429189 0.361506 0.242676 0.185613 0.146821 0.325633 0.395866 0.270431 0.233972 0.357315 0.304773 0.35758 0.506536 0.428373 0.440171 0.300013 0.186808 0.144583 0.152359 0.118616 0.081162 0.12317 0.21697 0.108566 0.198288 0.428571 0.432749 0.0907029 0.176923 0.144886 0.0686499 0.121212 0.168591 1 
0.267699 0.133733 0.134034 0.0694246 0.436216 0.411986 0.231061 0.168026 0.252332 0.27742 0.403516 0.422333 0.504102 0.372486 0.583709 0.784246 0.972956 1 0.983484 0.851241 0.835898 0.903998 0.559924 0.38869 0.584631 0.646767 0.620653 0.485591 0.551339 0.449345 0.462888 0.327342 0.366691 0.390249 0.213869 0.096371 0.105073 0.0500156 0.23171 0.333551 0.265084 0.324542 0.221518 0.0752383 0.174865 0.3017 0.398044 0.321653 0.213529 0.196364 0.0926295 0.0542083 0.101299 0.19883 0.217687 0.15641 0.164773 0.135011 0.115702 0.108545 0 
0.15708 0.363052 0.323587 0.0879696 0.266295 0.416286 0.42316 0.454465 0.476825 0.486772 0.431164 0.499267 0.552181 0.45973 0.518106 0.652453 0.836908 0.841662 0.825794 0.834439 0.789102 0.850424 0.962064 1 0.934119 0.934905 0.902301 0.701935 0.626623 0.538404 0.329046 0.229499 0.128216 0.326232 0.352971 0.226915 0.225454 0.225954 0.160342 0.198584 0.314302 0.333211 0.0398293 0.159495 0.263577 0.2404 0.1954 0.218029 0.122161 0.231515 0.158367 0.233951 0.483117 0.730994 0.303855 0.310256 0.321023 0.20595 0.030303 0.0692841 1 
0.233038 0.17874 0.150788 0.180694 0.194776 0.175759 0.0922619 0.199779 0.0700429 0.01144 0.0862045 0.219519 0.252195 0.260905 0.329221 0.494403 0.622837 0.698286 0.824637 0.864084 0.796901 0.745118 0.73784 0.723184 0.608299 0.443331 0.425465 0.392651 0.446023 0.374028 0.289591 0.313413 0.337604 0.377742 0.434285 0.473488 0.477258 0.445149 0.371284 0.450763 0.428952 0.446398 0.499547 0.360989 0.1824 0.153182 0.235965 0.235699 0.220091 0.271515 0.13247 0.0998573 0.438961 0.48538 0.0725624 0.320513 0.178977 0.0938215 0.366391 0.198614 1 
0.143068 0.079297 0.130092 0.0625297 0.16003 0.396936 0.380141 0.297023 0.440249 0.543544 0.455834 0.503077 0.541097 0.313293 0.331026 0.289029 0.204642 0.104519 0.310961 0.403682 0.461425 0.353543 0.404366 0.473824 0.611373 0.697764 0.645341 0.762145 0.79515 0.848407 0.958147 0.741968 0.459309 0.338845 0.120998 0.10756 0.118303 0.149423 0.340923 0.589542 0.651766 0.613065 0.712789 0.647642 1 0.809654 0.736871 0.826894 0.799596 0.618182 0.0537849 0.0998573 0.509091 0.274854 0.0748299 0.0692308 0.167614 0.19222 0.190083 0.0831409 1 
0.101032 0.0411487 0.0321945 0.0487399 0.00760842 0.0776673 0.222944 0.189636 0.129424 0.198913 0.229973 0.275352 0.297251 0.237187 0.167519 0.189395 0.226816 0.316052 0.371555 0.417059 0.528352 0.590124 0.560665 0.704334 0.94877 0.98436 1 0.956566 0.862216 0.694045 0.589755 0.440238 0.254122 0.162374 0.0559476 0.223488 0.230483 0.282625 0.310036 0.229085 0.0591778 0.245177 0.233803 0.209224 0.159227 0.111766 0.202282 0.284516 0.207976 0.145455 0.0478088 0.0584879 0.0935065 0.0760234 0.015873 0.107692 0.0965909 0.0183066 0.0909091 0.0623557 0 
0.239676 0.265324 0.120237 0.0473134 0.0948516 0.248589 0.339286 0.39581 0.380868 0.572573 0.70268 0.748095 0.772996 0.37558 0.292808 0.296458 0.276863 0.243532 0.520619 0.778682 0.86836 0.863715 0.693441 0.683537 0.722029 0.866946 1 0.981062 0.896916 0.578992 0.485232 0.557965 0.431482 0.285745 0.0563568 0.218649 0.136781 0.371738 0.605735 0.553268 0.227099 0.52674 0.491013 0.556815 0.695479 0.260697 0.170228 0.408506 0.457345 0.174545 0.327689 0.189729 0.0363636 0.166667 0.210884 0.0974359 0.153409 0.10984 0.0881543 0.120092 1 
0.0848083 0.0488641 0.138305 0.13457 0.0915547 0.06638 0.0949675 0.0862183 0.184066 0.180466 0.246278 0.315504 0.27753 0.120759 0.0713211 0.139528 0.280075 0.388675 0.523038 0.564747 0.648293 0.727328 0.696514 0.694089 0.770287 0.904945 0.996218 1 0.886465 0.636199 0.242507 0.150753 0.23438 0.491892 0.711977 0.819456 0.785589 0.635645 0.4572 0.366558 0.364563 0.381563 0.455709 0.471399 0.404606 0.235052 0.125679 0.0907457 0.1474 0.140606 0.0239044 0.108417 0.246753 0.0233918 0.0657596 0.138462 0.0227273 0.01373 0.0881543 0.0461894 1 
0.294248 0.184312 0.141919 0.186876 0.0892721 0.299113 0.532738 0.322161 0.110025 0.266266 0.286403 0.408705 0.540377 0.492627 0.585916 0.656218 0.732359 0.792831 0.837576 0.779431 0.873946 0.834782 0.772385 0.844176 0.73709 0.607115 0.528732 0.332956 0.306818 0.291147 0.171553 0.0705459 0.282579 0.405723 0.415158 0.449395 0.366608 0.349173 0.365591 0.367865 0.465547 0.513919 0.369068 0.361762 0.340489 0.0506034 0.145781 0.162025 0.0893488 0.0787879 0.221116 0.0527817 0.34026 0.30117 0.106576 0.412821 0.392045 0.169336 0.674931 0.443418 1 
0.0626844 0.0805829 0.0459921 0.102473 0.19579 0.243752 0.431277 0.444542 0.388124 0.411411 0.418687 0.487837 0.542248 0.508198 0.694352 0.845308 1 0.924987 0.843257 0.787029 0.804174 0.879869 0.714104 0.601168 0.708914 0.830158 0.6133 0.465624 0.623681 0.696602 0.601962 0.430353 0.381077 0.400636 0.154137 0.191028 0.220752 0.0994073 0.127767 0.330501 0.186219 0.243956 0.16449 0.145452 0.276656 0.301015 0.349511 0.448637 0.390207 0.237576 0.121514 0.174037 0.176623 0.195906 0.156463 0.14359 0.21875 0.0366133 0.143251 0.0300231 0 
0.20354 0.168881 0.248357 0.178554 0.115141 0.255039 0.030303 0.136494 0.180512 0.147719 0.0925847 0.0817702 0.0097884 0.0946685 0.101715 0.192143 0.125065 0.240519 0.346097 0.360445 0.311762 0.120233 0.068348 0.265137 0.129098 0.187796 0.418847 0.744751 0.902192 0.766912 0.466921 0.233543 0.514019 0.643031 0.35021 0.452823 0.656899 0.633358 0.5428 0.341612 0.223741 0.0728938 0 0 0 0 0 0 0 0 0 0.0684736 0.602597 0.567251 0.0997732 0.341026 0.457386 0.17849 0.380165 0.242494 0 
0.143068 0.116588 0.0328515 0.0920114 0.091301 0.178447 0.385552 0.303197 0.269362 0.24882 0.206862 0.193435 0.18598 0.113953 0.256094 0.37299 0.459538 0.517922 0.599411 0.776541 0.922428 1 0.902511 0.73722 0.544775 0.247935 0.0855132 0.0323178 0.261567 0.319911 0.306376 0.5 0.363226 0.173079 0.0121714 0.242843 0.38115 0.325569 0.24067 0.178976 0.143486 0.0989011 0.0762964 0.104741 0.069946 0.057186 0.0896414 0.109913 0.0580515 0.14303 0.13247 0.125535 0.0233766 0.114035 0.0748299 0.0641026 0.213068 0.100686 0.0550964 0.0115473 1 
0.144543 0.0522932 0 0.0932002 0.163327 0.392636 0.401786 0.253804 0.235599 0.176176 0.0703247 0.019197 0.150137 0.241415 0.426221 0.606554 0.734224 0.805714 0.895434 0.957513 0.911678 0.912074 0.772279 0.501486 0.327766 0.260932 0.219561 0.350041 0.570312 0.59412 0.450245 0.360705 0.41552 0.387069 0.293546 0.20746 0.0832058 0.104294 0.121442 0.0957516 0.148697 0.225397 0.169792 0.228807 0.284333 0.104909 0.131655 0.224319 0.226653 0.162424 0.173307 0.155492 0.0467532 0.108187 0.0975057 0.0692308 0.0596591 0.0823799 0.137741 0.0207852 1 
0.0471976 0.0342906 0.0131406 0.0456491 0.0702511 0.119323 0.133929 0.199118 0.138309 0.161161 0.114561 0.143464 0.24327 0.320718 0.320594 0.260635 0.372397 0.629299 0.712918 0.857984 0.965641 0.984357 0.944898 0.798791 0.675512 0.464258 0.274083 0.0564018 0.393162 0.184404 0.155095 0.0933498 0.130211 0.226709 0.231768 0.359778 0.331402 0.125403 0.0651486 0.105882 0.0790967 0.0956044 0.179878 0.105514 0.096389 0.0909216 0.217675 0.207248 0.0767289 0.322424 0.173307 0.239658 0.316883 0.22807 0.208617 0.0384615 0.159091 0.125858 0.15978 0.0600462 0 
