sonar 61 103
0.314897 0.201886 0.0111695 0.124346 0.0535126 0.154797 0.441288 0.316428 0.133126 0.165165 0.116263 0.313453 0.262415 0.192534 0.108135 0.190719 0.219563 0.655273 0.825899 0.812928 0.790999 0.895921 0.964395 0.847864 0.654303 0.255535 0.165248 0.55424 0.566356 0.454245 0.768392 0.808358 0.494382 0.414202 0.545873 0.553327 0.107697 0.358532 0.446974 0.458932 0.254314 0.172161 0.451183 0.342566 0.134205 0.187877 0.24339 0.124588 0.362948 0.772121 0.209163 0.279601 0.548052 0.365497 0.111111 0.176923 0.21875 0.23341 0.15978 0.228637 0 
0.137168 0.17874 0.17707 0.172373 0.140249 0.206665 0.316017 0.584785 0.167481 0.023738 0.278179 0.348623 0.2283 0.354336 0.4516 0.548646 0.44213 0.355532 0.310961 0.215004 0.198461 0.092833 0.21119 0.505071 0.362602 0.348166 0.511818 0.497324 0.446429 0.388303 0.369155 0.397102 0.439357 0.398728 0.201596 0.175 0.0734747 0.17937 0.303816 0.389978 0.295541 0.360684 0.331437 0.248261 0.293148 0.240126 0.1523 0.309973 0.323574 0.185455 0.0806773 0.261056 0.45974 0.438596 0.643991 0.220513 0.678977 0.505721 0.520661 0.207852 1 
0.0877581 0.071153 0.053548 0.0725155 0.0956125 0.172534 0.207522 0.0884234 0.0433881 0.162591 0.300014 0.306125 0.336692 0.123646 0.0639984 0.095461 0.207647 0.302026 0.412582 0.48277 0.631956 0.774358 0.785737 0.773179 0.855225 0.925212 0.942641 0.860539 0.717938 0.451369 0.0953678 0.286115 0.445028 0.617276 0.803928 0.986895 0.923792 0.626807 0.411659 0.28159 0.264273 0.401221 0.560585 0.585158 0.56298 0.34627 0.196306 0.111411 0.144372 0.12 0.0458167 0.122682 0.111688 0.108187 0.0226757 0.0102564 0.110795 0.0480549 0.0716253 0.0808314 1 
0.0575221 0.0767252 0.0134691 0.00142653 0.0489475 0.0956732 0.118236 0.000441014 0.0518288 0.0753611 0.0849284 0.199736 0.195336 0.257296 0.215167 0.26837 0.325562 0.254442 0.208815 0.251391 0.399241 0.456497 0.419307 0.490421 0.612398 0.622315 0.646181 0.724269 0.851258 1 0.868229 0.668389 0.612307 0.635824 0.690703 0.583468 0.496173 0.343142 0.17626 0.147277 0.215402 0.170085 0.192681 0.156016 0.162639 0.108475 0.0660992 0.0455226 0.0429076 0.145455 0.0219124 0.0870185 0.153247 0.347953 0.244898 0.128205 0.244318 0.107551 0.157025 0.0438799 0 
0.289823 0.277325 0.125493 0.129815 0.1088 0.460898 0.309794 0.213671 0.0752258 0.295009 0.30767 0.453693 0.417878 0.241312 0.321095 0.36322 0.399337 0.518338 0.690932 0.806935 0.877213 0.826091 0.746636 0.754636 0.832684 0.879392 0.753335 0.577707 0.293527 0.0223714 0.251226 0.76803 0.793342 0.830737 0.762299 0.744758 0.645309 0.140064 0.26829 0.532244 0.562826 0.582173 0.517781 0.499485 0.234717 0.0606144 0.120065 0.125187 0.239778 0.284848 0.0657371 0.0770328 0.322078 0.508772 0.142857 0.497436 0.556818 0.226545 0.190083 0.113164 0 
0.0848083 0.0488641 0.138305 0.13457 0.0915547 0.06638 0.0949675 0.0862183 0.184066 0.180466 0.246278 0.315504 0.27753 0.120759 0.0713211 0.139528 0.280075 0.388675 0.523038 0.564747 0.648293 0.727328 0.696514 0.694089 0.770287 0.904945 0.996218 1 0.886465 0.636199 0.242507 0.150753 0.23438 0.491892 0.711977 0.819456 0.785589 0.635645 0.4572 0.366558 0.364563 0.381563 0.455709 0.471399 0.404606 0.235052 0.125679 0.0907457 0.1474 0.140606 0.0239044 0.108417 0.246753 0.0233918 0.0657596 0.138462 0.0227273 0.01373 0.0881543 0.0461894 1 
0.0626844 0.0805829 0.0459921 0.102473 0.19579 0.243752 0.431277 0.444542 0.388124 0.411411 0.418687 0.487837 0.542248 0.508198 0.694352 0.845308 1 0.924987 0.843257 0.787029 0.804174 0.879869 0.714104 0.601168 0.708914 0.830158 0.6133 0.465624 0.623681 0.696602 0.601962 0.430353 0.381077 0.400636 0.154137 0.191028 0.220752 0.0994073 0.127767 0.330501 0.186219 0.243956 0.16449 0.145452 0.276656 0.301015 0.349511 0.448637 0.390207 0.237576 0.121514 0.174037 0.176623 0.195906 0.156463 0.14359 0.21875 0.0366133 0.143251 0.0300231 0 
0.571534 0.300471 0.11071 0.380884 0.320314 0.0333244 0.199675 0.57839 0.827632 0.928929 0.668226 0.343933 0.211026 0.42013 0.449794 0.449522 0.31261 0.376623 0.508205 0.89405 0.993571 0.354769 0.0475787 0.000922037 0.21291 0.337042 0.186784 0.510807 0.685268 0.820603 0.418965 0.37486 0.554342 0.829995 0.791654 0.715121 0.733107 0.807424 0.762176 0.644553 0.485698 0.570574 0.579077 0.479516 0.667188 0.526467 0.13908 0.439353 0.392226 0.568485 0.192231 0.413695 1 0.830409 0.38322 0.628205 0.392045 0.160183 0.0661157 0.2194 1 
0.0368732 0.0497214 0.0174113 0.0118878 0.0380421 0.0489116 0.133658 0.114664 0.144973 0.142428 0.0918758 0.0866061 0.105945 0.0657935 0.146053 0.153063 0.0952233 0.103792 0.0632232 0.0674229 0.172218 0.272978 0.389425 0.607417 0.812193 0.958365 0.819309 0.56937 0.458908 0.311708 0.244687 0.113008 0.145542 0.208161 0.218574 0.165827 0.0260223 0.0247478 0.155598 0.254357 0.30388 0.364469 0.294194 0.190673 0.156668 0.161547 0.110105 0.0997305 0.139324 0.121212 0.0229084 0.0870185 0.0519481 0.0497076 0.104308 0.0820513 0.0653409 0.0755149 0.0137741 0.0669746 0 
0.143068 0.079297 0.130092 0.0625297 0.16003 0.396936 0.380141 0.297023 0.440249 0.543544 0.455834 0.503077 0.541097 0.313293 0.331026 0.289029 0.204642 0.104519 0.310961 0.403682 0.461425 0.353543 0.404366 0.473824 0.611373 0.697764 0.645341 0.762145 0.79515 0.848407 0.958147 0.741968 0.459309 0.338845 0.120998 0.10756 0.118303 0.149423 0.340923 0.589542 0.651766 0.613065 0.712789 0.647642 1 0.809654 0.736871 0.826894 0.799596 0.618182 0.0537849 0.0998573 0.509091 0.274854 0.0748299 0.0692308 0.167614 0.19222 0.190083 0.0831409 1 
0.14823 0.0895842 0.0847569 0.0192582 0.0735481 0.183553 0.236201 0.188093 0.159337 0.12298 0.12959 0.126905 0.145099 0.153553 0.236634 0.201099 0.163714 0.144416 0.0265096 0.0651755 0.157357 0.138227 0.216382 0.527303 0.840164 1 0.86175 0.664677 0.547179 0.428784 0.340817 0.185464 0.120025 0.199258 0.294262 0.228226 0.0773016 0 0.0165507 0.127887 0.217834 0.226984 0.205224 0.12136 0.11942 0.0918815 0.0619341 0.140461 0.180212 0.164848 0.0816733 0.188302 0.101299 0.122807 0.151927 0.0435897 0.125 0.0480549 0.0220386 0.0254042 0 
0.306047 0.384055 0.268725 0.179505 0.0248542 0.0470304 0.145022 0.441455 0.56449 1 1 0.70296 0.405355 0.173043 0.274451 0.363831 0.223604 0.221506 0.29434 0.451092 0.633959 0.841938 0.972343 1 0.658299 0.484855 0.372203 0.325237 0.415483 0.380207 0.426267 0.0851494 0.405229 0.672072 0.608469 0.432762 0.411874 0.338775 0.442863 0.462963 0.301563 0.519658 0.537308 0.234991 0.211402 0.0189248 0.210793 0.614555 0.539626 0.241212 0.207171 0.239658 0.498701 0.584795 0.306122 0.115385 0.0681818 0.363844 0.15978 0.034642 1 
0.0914454 0.0925847 0.0243101 0.0118878 0.0375349 0.00913733 0.169372 0.198236 0.105287 0.128986 0.137814 0.0867526 0.0444796 0.0592967 0.148761 0.125585 0.0742928 0.160831 0.262676 0.27729 0.346227 0.556078 0.733284 0.872656 0.902459 0.725851 0.669923 0.695657 0.580357 0.336636 0.187902 0.249831 0.230495 0.285639 0.179912 0.222581 0.309972 0.258709 0.268817 0.292919 0.268906 0.251038 0.195655 0.230482 0.263008 0.235464 0.162622 0.196466 0.224634 0.133333 0.0239044 0.0770328 0.174026 0.30117 0.0136054 0.0461538 0.0625 0.128146 0.104683 0.0969977 0 
0.0840708 0.0578654 0.0965834 0.0753685 0.17753 0.18409 0.170184 0.232194 0.252036 0.304876 0.303701 0.424678 0.435008 0.272662 0.22249 0.222369 0.185887 0.26639 0.463286 0.585509 0.739777 0.766691 0.72788 0.864051 0.929098 0.981936 1 0.958316 0.870333 0.665708 0.481635 0.323073 0.277014 0.186222 0.0814156 0.0238911 0.0442817 0.0544868 0.0732659 0.137582 0.0353214 0.17326 0.31941 0.359186 0.385129 0.313083 0.329229 0.354897 0.275618 0.265455 0.203187 0.165478 0.228571 0.181287 0.0294785 0.0589744 0.144886 0.0320366 0.0633609 0.0531178 1 
0.791298 0.545221 0.299277 0.279601 0.306619 0.437786 0.518128 0.927674 1 0.807665 0.630086 0.311547 0.120772 0.271321 0.469656 0.457663 0.110455 0.0492468 0.290659 0.893729 0.927487 0.474082 0.0829713 0.139842 0.25584 0.516356 0.333333 0.602614 0.540381 0.837435 0.561962 0.566053 0.483986 0.640276 0.846272 0.839315 0.882244 0.910159 0.773983 0.519063 0.389577 0.538828 0.593043 0.578588 0.798408 0.590373 0.171134 0.237796 0.138314 0.186667 0.139442 0.63766 0.54026 0.210526 0.267574 0.417949 0.284091 0.462243 0.487603 0.418014 1 
1 0.522932 0.450066 0.339039 0.433426 0.356356 0.470779 0.464388 0.230268 0.279422 0.562597 0.76905 1 0.694029 0.676698 0.791472 0.935965 0.888312 0.910162 0.767979 0.784992 0.793784 0.757974 0.653212 0.473361 0.512281 0.442904 0.551256 0.443689 0.293598 0.24 0.217367 0.270398 0.297191 0.258771 0.096875 0.153728 0.288344 0.340713 0.285294 0.108975 0.293284 0.440191 0.225844 0.0965311 0.145639 0.116443 0.159329 0.268046 0.329697 0.170319 0.156919 0.322078 0.976608 0.133787 0.161538 0.0539773 0.173913 0.399449 0.103926 1 
0.0471976 0.0342906 0.0131406 0.0456491 0.0702511 0.119323 0.133929 0.199118 0.138309 0.161161 0.114561 0.143464 0.24327 0.320718 0.320594 0.260635 0.372397 0.629299 0.712918 0.857984 0.965641 0.984357 0.944898 0.798791 0.675512 0.464258 0.274083 0.0564018 0.393162 0.184404 0.155095 0.0933498 0.130211 0.226709 0.231768 0.359778 0.331402 0.125403 0.0651486 0.105882 0.0790967 0.0956044 0.179878 0.105514 0.096389 0.0909216 0.217675 0.207248 0.0767289 0.322424 0.173307 0.239658 0.316883 0.22807 0.208617 0.0384615 0.159091 0.125858 0.15978 0.0600462 0 
0.143068 0.116588 0.0328515 0.0920114 0.091301 0.178447 0.385552 0.303197 0.269362 0.24882 0.206862 0.193435 0.18598 0.113953 0.256094 0.37299 0.459538 0.517922 0.599411 0.776541 0.922428 1 0.902511 0.73722 0.544775 0.247935 0.0855132 0.0323178 0.261567 0.319911 0.306376 0.5 0.363226 0.173079 0.0121714 0.242843 0.38115 0.325569 0.24067 0.178976 0.143486 0.0989011 0.0762964 0.104741 0.069946 0.057186 0.0896414 0.109913 0.0580515 0.14303 0.13247 0.125535 0.0233766 0.114035 0.0748299 0.0641026 0.213068 0.100686 0.0550964 0.0115473 1 
0.187316 0.161595 0.160972 0.154303 0.316003 0.537759 0.603355 0.544432 0.52125 0.829687 0.90543 0.797626 0.71844 0.315665 0.197713 0.274171 0.268159 0.316779 0.573848 0.735231 0.890282 0.810551 0.693653 0.73138 0.713217 0.807688 0.886228 0.981474 0.815239 0.451156 0.296567 0.266345 0.200042 0.286063 0.148512 0.310081 0.165974 0.312779 0.592663 0.436492 0.0950782 0.43895 0.601966 0.615434 0.5 0.126166 0.222202 0.534591 0.547703 0.363636 0.344622 0.226819 0.503896 0.394737 0.170068 0.105128 0.113636 0.0549199 0.14876 0.117783 1 
0.0862832 0.0317188 0.0568331 0.0197337 0.0935836 0.15211 0.155844 0.0167585 0.12202 0.115687 0.163902 0.181565 0.273931 0.23564 0.258 0.185528 0.211895 0.286649 0.37692 0.414491 0.461741 0.556896 0.600932 0.66612 0.823975 0.87036 0.915537 0.893475 0.751319 0.652285 0.65188 0.517075 0.334558 0.221092 0.116498 0.205948 0.223486 0.23812 0.262914 0.211656 0.150434 0.314652 0.330014 0.2185 0.208558 0.176358 0.167693 0.214435 0.164059 0.312727 0.135458 0.0513552 0.0597403 0.0321637 0.0362812 0.112821 0.383523 0.313501 0.0743802 0.133949 0 
0.20944 0.292327 0.320959 0.228959 0.185899 0.141629 0.0262446 0.167144 0.249667 0.126555 0.0331774 0.0978898 0.355693 0.29143 0.349985 0.379605 0.374365 0.215481 0.195771 0.255672 0.27403 0.457929 0.526756 0.439811 0.432787 0.412931 0.43492 0.689996 0.759131 0.683072 0.752044 0.791058 0.782316 0.531532 0.38294 0.298589 0.104745 0.210565 0.148535 0.161329 0.613434 0.779853 0.548429 0.588379 0.81888 0.725864 0.595255 0.384247 0.352347 0.404848 0.340637 0.643367 0.706494 0.473684 0.183673 0.107692 0.568182 0.290618 0.31405 0.0207852 1 
0.369469 0.402057 0.199409 0.0848787 0.235354 0.625907 0.471861 0.432856 0.375537 0.168883 0.334184 0.372509 0.611487 0.350521 0.201023 0.264808 0.300798 0.120623 0.2409 0.305223 0.492728 0.698599 0.697255 0.673599 0.497951 0.483203 0.59355 0.834088 0.901684 0.851603 0.999891 0.984498 0.698834 0.708638 0.724864 0.408669 0.134376 0.149319 0.106473 0.309695 0.761436 1 0.691969 0.567251 0.91669 0.852167 0.546179 0.412998 0.183746 0.430303 0.454183 0.60485 0.698701 0.415205 0.258503 0.320513 0.0482955 0.242563 0.201102 0.166282 1 
0.128319 0.129447 0.0597898 0.134094 0.00329698 0.184628 0.380682 0.307828 0.253813 0.344487 0.328654 0.509086 0.535771 0.247396 0.269335 0.40922 0.687908 0.556675 0.182201 0.211366 0.733664 0.720172 0.299883 0.264829 0.595594 0.548078 0.471268 0.857555 0.831473 0.369767 0.194659 0.15064 0.00315027 0.14584 0.288125 0.12994 0.137109 0.174483 0.0382669 0.00925926 0.148002 0.186447 0.236648 0.242979 0.143304 0.0909216 0.0331402 0.120994 0.0545179 0.173333 0.0906375 0.042796 0.236364 0.385965 0.417234 0.348718 0.272727 0.203661 0.140496 0.159353 0 
0.0523599 0.0895842 0.0745729 0.0920114 0.152168 0.17979 0.126082 0.187652 0.170887 0.153296 0.0689068 0.126758 0.123507 0.0598123 0.0426322 0.116222 0.242566 0.267221 0.334 0.459332 0.607399 0.812085 0.919148 0.867841 0.80041 0.862981 1 0.985385 0.941863 0.799084 0.708992 0.719614 0.642025 0.714573 0.722819 0.665323 0.608572 0.469585 0.323424 0.244989 0.157035 0.11685 0.099056 0.108864 0.0369633 0.0456665 0.0371242 0.0925427 0.0509844 0.115152 0.0468127 0.0912981 0.127273 0.0350877 0.0226757 0.0641026 0.15625 0.107551 0.0633609 0.0554273 0 
0.0545723 0.114874 0.076544 0.0425583 0.0398174 0.199678 0.393669 0.257773 0.221235 0.286858 0.384801 0.418816 0.36836 0.234506 0.184472 0.131284 0.114807 0.213403 0.290869 0.323523 0.299642 0.294551 0.355092 0.516443 0.63207 0.747439 0.869104 1 0.980317 0.677107 0.489482 0.518535 0.512654 0.384738 0.166206 0.107762 0.133282 0.0964958 0.127767 0.273856 0.317661 0.544078 0.489461 0.163489 0.207421 0.149753 0.268924 0.414795 0.361434 0.213333 0.198207 0.125535 0.254545 0.24269 0.0430839 0.102564 0.0511364 0.15103 0.162534 0.0277136 1 
0.154867 0.00557222 0.0197109 0.00927247 0.0958661 0.216071 0.231602 0.132304 0.22938 0.191477 0.163477 0.104338 0.062473 0.141075 0.0679105 0.0694077 0.232204 0.239377 0.273511 0.430437 0.573988 0.718331 0.86998 0.919475 0.926434 0.993612 1 0.904385 0.852374 0.711622 0.655804 0.636599 0.536701 0.609963 0.619004 0.542238 0.484911 0.372465 0.180898 0.167102 0.170932 0.0727717 0.0980215 0.0626127 0.0501848 0.0407296 0.0436436 0.113507 0.0600707 0.0884848 0.0507968 0.0370899 0.322078 0.263158 0.0861678 0.135897 0.0767045 0.0732265 0.0550964 0.0484988 0 
0.137168 0.0737248 0.0850854 0.0413695 0.166624 0.196453 0.324405 0.27409 0.297645 0.372801 0.269247 0.410463 0.399453 0.184181 0.0877721 0.147364 0.150347 0.187532 0.161161 0.0909675 0.000948567 0.196708 0.399491 0.584366 0.685041 0.73301 0.872571 0.903252 0.850649 0.902738 1 1 0.76625 0.681611 0.652654 0.685887 0.720206 0.576999 0.569576 0.665142 0.634742 0.54591 0.63507 0.742334 0.712681 0.554306 0.565556 0.668464 0.547703 0.501818 0.251992 0.175464 0.114286 0.274854 0.217687 0.225641 0.227273 0.0389016 0.129477 0.0692841 1 
0.15708 0.0428633 0.0377792 0.1864 0.266295 0.377318 0.471591 0.207718 0.200355 0.302302 0.330639 0.421014 0.385058 0.313808 0.373558 0.44138 0.457569 0.610805 0.71639 0.861087 0.931387 0.960536 0.907386 0.942936 1 0.939971 0.875512 0.744751 0.702516 0.572387 0.367847 0.236576 0.17694 0.0801272 0.112509 0.127419 0.207632 0.297494 0.376133 0.401852 0.335611 0.439316 0.385749 0.229194 0.218226 0.164427 0.173669 0.229111 0.327612 0.379394 0.184263 0.128388 0.449351 0.195906 0.154195 0.233333 0.147727 0.0961098 0.170799 0.0762125 1 
0.126844 0.145735 0.0502628 0.0282929 0.0826782 0.410642 0.539773 0.361411 0.333629 0.367653 0.399688 0.395223 0.300993 0.0743529 0.17755 0.207409 0.246917 0.25839 0.162003 0.11601 0.381324 0.680912 0.800784 0.841512 0.889242 0.922899 0.998634 1 0.80763 0.595078 0.605886 0.577735 0.386748 0.133545 0.0640278 0.0532258 0.0675705 0.106894 0.137571 0.117974 0.0973943 0.119658 0.255658 0.172507 0.128234 0.148793 0.275444 0.408206 0.433115 0.351515 0.202191 0.154066 0.241558 0.552632 0.0612245 0.248718 0.176136 0.256293 0.528926 0.34873 1 
0.0899705 0.124732 0.03318 0.00570613 0.0441288 0.0405805 0.0665584 0.016538 0.0613061 0.108823 0.114987 0.124267 0.130992 0.0773435 0.0571772 0.0757175 0.099886 0.247584 0.333053 0.493686 0.55839 0.609549 0.562891 0.450773 0.531148 0.70999 0.904297 1 0.822139 0.514328 0.31248 0.0531341 0.117925 0.419396 0.64979 0.736895 0.832276 0.739316 0.677209 0.500654 0.231036 0.201221 0.352774 0.517392 0.586437 0.475864 0.496016 0.536089 0.465422 0.334545 0.168327 0.104137 0.0909091 0.0438596 0.0680272 0.138462 0.181818 0.0732265 0.115702 0.0623557 1 
0.159292 0.132447 0.0509198 0.0399429 0.0869896 0.00376243 0.0514069 0.16538 0.339109 0.335764 0.277329 0.188159 0.22283 0.29143 0.436252 0.552921 0.6705 0.601455 0.663686 0.832513 0.991674 1 0.786267 0.5314 0.380328 0.468994 0.543019 0.283862 0.176238 0.356557 0.196621 0.35273 0.389583 0.231691 0.166104 0.370968 0.435163 0.337215 0.226439 0.190959 0.0794441 0.278755 0.257468 0.141716 0.097242 0.0415524 0.122057 0.2351 0.229682 0.298182 0.150398 0.166904 0.0805195 0.330409 0.0839002 0.282051 0.139205 0.201373 0.0192837 0.198614 1 
0.0582596 0.0685812 0.125821 0.0715644 0.155719 0.162322 0.267045 0.184785 0.0453132 0.173745 0.143769 0.00542204 0.0662156 0.0452717 0.117665 0.0564828 0.0906642 0.205091 0.335578 0.349101 0.465114 0.876597 0.958249 0.875627 0.682889 0.662628 0.54554 0.643886 0.776989 0.741664 0.583542 0.66412 0.801323 0.935559 0.861614 0.666835 0.401924 0.206613 0.243938 0.386166 0.336653 0.261783 0.38743 0.284076 0.16534 0.0870817 0.0842086 0.126385 0.0878344 0.208485 0.133466 0.189729 0.483117 0.394737 0.133787 0.320513 0.607955 0.19222 0.209366 0.267898 0 
0.227139 0.0407201 0.0929698 0.120304 0.175755 0.230046 0.258929 0.212348 0.141419 0.291863 0.396427 0.467321 0.403915 0.116428 0.120774 0.13963 0.160812 0.213403 0.17105 0.186109 0.290894 0.58583 0.82007 0.902162 0.988525 0.990307 0.942011 1 0.907873 0.7243 0.785722 0.7541 0.506878 0.203392 0.072108 0.122681 0.0883446 0.0876573 0.14727 0.0248366 0.139201 0.0937729 0.148584 0.218243 0.135627 0.0109709 0.143064 0.375861 0.326603 0.21697 0.0507968 0.0756063 0.228571 0.365497 0.129252 0.151282 0.0880682 0.0663616 0.168044 0.140878 1 
0.108407 0.105872 0.0811432 0.0779838 0.146589 0.0994356 0.276786 0.293936 0.0774471 0.174603 0.37998 0.662075 0.790701 0.558626 0.640987 0.745471 0.89628 1 0.967389 0.896404 0.756008 0.693078 0.644379 0.586518 0.355635 0 0 0.0609304 0.0909091 0.11729 0.303215 0.472703 0.363541 0.512772 0.471515 0.345867 0.215176 0.37912 0.348408 0.151743 0.044586 0.163492 0.200698 0.04857 0.090418 0.0607515 0.0478088 0.0667865 0.0943968 0.0933333 0.136454 0.0898716 0.2 0.649123 0.435374 0.179487 0.0909091 0.221968 0.129477 0.0300231 1 
0.129794 0.0715817 0.0906702 0.0577746 0.100431 0.158022 0.146916 0.231092 0.347697 0.432003 0.637601 0.733148 0.605873 0.326596 0.284683 0.3793 0.421822 0.365403 0.378077 0.465539 0.712374 0.937123 1 0.982686 0.993033 0.907589 0.814791 0.686805 0.445617 0.284223 0.222343 0.39991 0.386118 0.32814 0.124987 0.185786 0.312377 0.310284 0.559983 0.586928 0.332484 0.0478632 0.404888 0.436357 0.587148 0.49904 0.374683 0.257263 0.302877 0.323636 0.124502 0.0456491 0.34026 0.371345 0.376417 0.328205 0.303977 0.272311 0.311295 0.143187 1 
0.0626844 0.0707244 0.199737 0.0349501 0.0349987 0.0714862 0.288149 0.269239 0.0774471 0.164593 0.0839359 0.257327 0 0.205012 0.170328 0.200387 0.035644 0.198026 0.375131 0.354987 0.234928 0.354872 0.529088 0.47198 0.297131 0.486067 0.501628 0.230136 0.197443 0.313838 0.629755 0.779151 0.592565 0.348172 0.381508 0.295565 0.552919 0.876677 1 0.985839 0.667169 0.604396 0.415104 0.412523 0.610606 0.501097 0.480804 0.471998 0.343766 0.356364 0.24004 0.161198 0.0805195 0.409357 0.179138 0.176923 0.133523 0.0938215 0.107438 0.256351 0 
0.120944 0.0557222 0.129106 0.136709 0.134162 0.189734 0.556548 0.751929 0.770176 0.836837 0.845739 0.625879 0.50511 0.267196 0.160899 0.0264604 0.148793 0.417558 0.67915 0.79634 0.847175 0.868827 0.851754 0.918144 0.869775 0.788964 0.862801 0.836455 0.573153 0.334612 0.327302 0.475736 0.631944 0.708956 0.556715 0.514919 0.51487 0.364147 0.357474 0.394444 0.259988 0.187424 0.242467 0.292064 0.224197 0.166072 0.159906 0.254567 0.179202 0.265455 0.0856574 0.164051 0.142857 0.517544 0.238095 0.312821 0.221591 0.347826 0.438017 0.182448 1 
0.471239 0.275611 0.237188 0.25535 0.612478 0.3104 0.477273 0.205954 0.353176 0.473187 0.26074 0.167204 0.553908 0.558008 0.237436 0.424283 0.580769 0.560727 0.808121 0.875321 0.499157 0.629179 0.827805 0.661817 0.770082 0.86232 0.82141 0.680527 0.327516 0.617024 0.72545 0.875983 0.648955 0.534393 0.279943 0.0629032 0.0676799 0.36997 0.596353 0.370806 0.412739 0.58022 0.595112 0.53646 0.773102 0.774685 0.578595 0.743935 0.655729 1 0.242032 0.28816 0.924675 0.669591 1 1 1 1 0.666667 0.212471 1 
0.279499 0.177454 0.14159 0.117214 0.134415 0.353131 0.249729 0.164719 0.228491 0.349635 0.395435 0.464244 0.462934 0.379293 0.333133 0.212701 0.179981 0.194597 0.303808 0.419735 0.628373 0.663429 0.682844 0.75607 0.768955 0.643904 0.724026 0.777069 0.961343 1 0.828774 0.578971 0.517904 0.5062 0.29508 0.283972 0.206976 0.0599979 0.201982 0.338889 0.358309 0.467155 0.418984 0.119299 0.166761 0.0776193 0.138718 0.290207 0.29682 0.0606061 0.11753 0.196862 0.0909091 0.304094 0.0589569 0.148718 0.278409 0.148741 0.143251 0.187067 1 
0.14823 0.0505787 0.0522339 0.022349 0.137205 0.24832 0.299242 0.181257 0.160669 0.107679 0.180774 0.0797186 0.117029 0.066206 0.0632962 0.0989212 0.14413 0.228364 0.294551 0.348245 0.519182 0.602801 0.684434 0.755148 0.792316 0.901421 0.874672 0.788905 0.796063 0.699585 0.645777 0.663671 0.572509 0.631267 0.641812 0.67379 0.645309 0.492253 0.370968 0.343791 0.248871 0.179976 0.171085 0.213476 0.172732 0.13412 0.0818544 0.081761 0.0903584 0.111515 0.0179283 0.0627675 0.114286 0.251462 0.290249 0.302564 0.125 0.0343249 0.0137741 0.039261 0 
0.138643 0.0492928 0.119908 0.0166429 0.119199 0.207471 0.267316 0.175744 0.157115 0.233662 0.270665 0.364156 0.276522 0.149943 0.201525 0.165276 0.100404 0.195844 0.196087 0.262307 0.357715 0.34884 0.449931 0.644606 0.77582 0.823218 0.913856 0.976225 0.892147 0.682753 0.655913 0.52404 0.359761 0.296449 0.137261 0.0912298 0.202165 0.193408 0.249315 0.221678 0.240649 0.378266 0.273115 0.127673 0.084447 0.266045 0.350779 0.324049 0.169611 0.214545 0.208167 0.179743 0.231169 0.108187 0.0884354 0.0974359 0.0710227 0.0755149 0.0330579 0.0230947 1 
0.0848083 0 0.0239816 0.0946267 0.116155 0.181672 0.242965 0.195369 0.242263 0.19591 0.176237 0.126612 0.101627 0.0993091 0.116963 0.100041 0.185266 0.255896 0.330949 0.510916 0.649347 0.793375 0.922963 0.900318 0.917213 1 0.981196 0.906546 0.815747 0.676361 0.590518 0.566502 0.489867 0.548702 0.542907 0.528024 0.489285 0.354268 0.153911 0.177887 0.15275 0.0754579 0.0787534 0.0483123 0.0757748 0.038124 0.0324158 0.034142 0.0368501 0.140606 0.0916335 0.0998573 0.0935065 0.00877193 0.0113379 0.105128 0.102273 0.0434783 0.0606061 0.0230947 0 
0.452802 0.453922 0.496386 0.278412 0.347451 0.292395 0.230249 0.187872 0.300903 0.498212 0.734014 0.728165 0.71153 0.528205 0.65473 0.869428 0.977826 0.930909 0.780875 0.719927 0.674115 0.37123 0.0114443 0.026944 0.253791 0.211257 0.184158 0.167456 0.0267857 0.204325 0.163161 0.167041 0.205397 0.184844 0.249974 0.127016 0.0789416 0.170531 0.150011 0.0119826 0.110365 0.20989 0.20031 0.209482 0.100654 0.0176906 0.14397 0.228212 0.0590611 0.0739394 0.255976 0.115549 0.667532 0.28655 0.29932 0.469231 0.644886 0.12357 0.30854 0.288684 1 
0.256637 0.202315 0.0929698 0.0361388 0.34035 0.487503 0.356061 0.34355 0.241078 0.190333 0.241032 0.281067 0.385634 0.340002 0.396128 0.427132 0.516527 0.616 0.683884 0.725492 0.829153 0.861057 0.895518 0.941809 0.952459 1 0.952411 0.973755 0.894683 0.701289 0.542779 0.309144 0.215058 0.186222 0.201084 0.146472 0.0393615 0.115941 0.145899 0.235185 0.111407 0.1221 0.25514 0.217985 0.267415 0.16141 0.141072 0.148248 0.248359 0.235152 0.249004 0.152639 0.480519 0.131579 0.204082 0.117949 0.178977 0.254005 0.198347 0.0623557 1 
0.323746 0.199743 0.224047 0.228959 0.337307 0.373824 0.393398 0.157883 0.162298 0.223366 0.355877 0.452374 0.551029 0.414871 0.533554 0.534195 0.675681 0.796883 0.915211 0.911066 1 0.997137 0.903889 0.786702 0.662398 0.484965 0.324719 0.226431 0.306108 0.336849 0.289482 0.147046 0.258322 0.532273 0.583308 0.54002 0.45539 0.311532 0.29981 0.22451 0.152171 0.314774 0.385361 0.262432 0.164202 0.126029 0.159725 0.0682839 0.191822 0.172121 0.136454 0.159772 0.0961039 0.666667 0.278912 0.205128 0.610795 0.727689 0.421488 0.108545 1 
0.14233 0.0771539 0.0381078 0.0363766 0.137712 0.137329 0.156656 0.0994487 0.135347 0.14014 0.109741 0.138189 0.159349 0.135918 0.165413 0.17871 0.131178 0.132156 0.0949926 0.0824058 0.202045 0.265515 0.394935 0.635591 0.903791 1 0.799034 0.600556 0.519075 0.326409 0.246757 0.0691979 0.0905177 0.145204 0.176844 0.172077 0.00852832 0.0741395 0.146637 0.257516 0.323104 0.349695 0.245959 0.0896676 0.107762 0.124794 0.0798624 0.0730758 0.133771 0.115152 0.139442 0.0941512 0.150649 0.207602 0.183673 0.102564 0.0710227 0.0366133 0.132231 0.039261 0 
0.373894 0.184741 0.054205 0.0556348 0.0720264 0.287288 0.331169 0.24763 0.175181 0.345488 0.344109 0.313306 0.243846 0.0732185 0.0654027 0.136475 0.142369 0.204052 0.154429 0.0790882 0.279511 0.579593 0.748967 0.843561 0.940984 0.998458 0.968379 1 0.860998 0.678172 0.788556 0.775219 0.495642 0.166826 0.0894958 0.137702 0.0781763 0.10991 0.164242 0.022658 0.130863 0.0332112 0.0694426 0.168642 0.129372 0.103812 0.191778 0.300988 0.270066 0.284848 0.154382 0.216833 0.0623377 0.119883 0.126984 0.217949 0.389205 0.308924 0.209366 0.0577367 1 
0.19764 0.254179 0.210578 0.0406562 0.19579 0.422198 0.303301 0.229989 0.191767 0.236522 0.241883 0.385844 0.44494 0.360524 0.415087 0.496031 0.604186 0.794805 0.929834 0.935681 0.923588 0.943769 0.822825 0.771847 0.69334 0.576385 0.559828 0.429189 0.361506 0.242676 0.185613 0.146821 0.325633 0.395866 0.270431 0.233972 0.357315 0.304773 0.35758 0.506536 0.428373 0.440171 0.300013 0.186808 0.144583 0.152359 0.118616 0.081162 0.12317 0.21697 0.108566 0.198288 0.428571 0.432749 0.0907029 0.176923 0.144886 0.0686499 0.121212 0.168591 1 
0.702802 0.349336 0.201708 0.130766 0.139488 0.296963 0.246483 0.919074 0.839479 0.702417 0.453566 0.214537 0.272348 0.290193 0.420604 0.52412 0.216247 0.156779 0.148748 0.820312 1 0.394336 0.0420685 0.173036 0.223258 0.316004 0.253388 0.325957 0.368608 0.490039 0.199891 0.329252 0.451958 0.625755 0.662985 0.735383 0.765909 0.770407 0.676471 0.560131 0.27817 0.181807 0.261089 0.287426 0.600085 0.420598 0.240674 0.404013 0.533569 0.604848 0.205179 0.0927247 0.197403 0.856725 0.417234 0.533333 0.349432 0.453089 0.575758 0.0808314 1 
0.00737463 0.129876 0.0512484 0.0404184 0.0930763 0.301532 0.517857 0.354135 0.19147 0.188331 0.0999575 0.295135 0.32532 0.305868 0.301735 0.228781 0.00186509 0.134753 0.26762 0.365261 0.326834 0.181474 0.42895 0.677185 0.720492 0.686309 0.695556 0.847262 1 0.753915 0.475095 0.372164 0.590045 0.519131 0.24169 0.0842742 0.0651651 0.197983 0.327746 0.215468 0.17846 0.352259 0.285917 0.196341 0.106056 0.0831048 0.125317 0.133573 0.17365 0.0993939 0.10757 0.201141 0.187013 0.0760234 0.244898 0.207692 0.278409 0.0297483 0.0743802 0.0184758 0 
0.184366 0.186027 0.0400788 0.00618165 0.0603601 0.0902983 0.0833333 0.159868 0.113875 0.0952381 0.00538778 0.267292 0.248165 0.0816747 0.143043 0.210666 0.178323 0.0758442 0.0614349 0.0544735 0.180438 0.0480523 0.158631 0.219752 0.0680328 0.149466 0.566341 0.84119 0.84446 0.752743 0.825395 0.65783 0.637194 0.90461 0.988238 0.934274 0.722611 0.556307 0.579907 0.713072 0.612739 0.633822 0.4764 0.257279 0.214956 0.0696654 0.168598 0.2941 0.264513 0.227879 0.0996016 0.042796 0.472727 0.426901 0.14059 0.238462 0.198864 0.17849 0.23416 0.205543 0 
0.315634 0.188598 0.0722733 0.225868 0.554147 0.674281 0.548701 0.355678 0.25559 0.42471 0.496952 0.751465 0.862099 0.780551 0.8387 0.901079 1 0.886857 0.86882 0.773759 0.700253 0.752684 0.615556 0.304375 0.188115 0.149576 0.29709 0.263792 0.183137 0.112709 0.0591826 0.107616 0.18219 0.0966614 0.148716 0.0966734 0.241745 0.233025 0.196606 0.115795 0.0860452 0.338828 0.308418 0.0328524 0.279642 0.203374 0.0785947 0.187781 0.25896 0.573333 0.247012 0.379458 0.519481 0.383041 0.405896 0.130769 0.119318 0.256293 0.415978 0.21709 1 
0.0884956 0.0167167 0.0118265 0.0549215 0.125285 0.222252 0.270022 0.18258 0.225233 0.256685 0.182476 0.12837 0.145818 0.0929153 0.13883 0.208935 0.23925 0.242909 0.354303 0.541631 0.662416 0.871894 1 0.892224 0.838115 0.909021 0.927198 0.902223 0.820211 0.678918 0.582997 0.507751 0.429066 0.524324 0.557124 0.524597 0.524054 0.349277 0.201455 0.117211 0.084308 0.0457875 0.138368 0.0751095 0.00653966 0.0648656 0.0738863 0.0868524 0.0969207 0.113939 0.0249004 0.0413695 0.205195 0.269006 0.204082 0.0512821 0.0965909 0.0572082 0.0798898 0.0554273 0 
0.0744838 0.0741535 0.142576 0.24679 0.468171 0.220908 0.19697 0.228666 0.100992 0.127699 0.313484 0.549824 0.521808 0.461999 0.615307 0.64136 0.795254 0.917714 0.982327 0.96083 0.857293 0.82875 0.817315 0.79582 0.600615 0.433087 0.406976 0.414059 0.431717 0.343028 0.277929 0.295552 0.285624 0.220456 0.195152 0.228528 0.311612 0.423417 0.346194 0.283007 0.160625 0.210623 0.284366 0.136047 0.0814615 0.0421009 0.0429192 0.140761 0.0514891 0.0690909 0.0308765 0.221113 0.244156 0.216374 0.598639 0.7 0.267045 0.116705 0.404959 0.198614 1 
0.837021 0.495928 0.279566 0.0713267 0.0418463 0.313088 0.645022 0.574642 0.63246 0.752896 0.500071 0.110639 0.0621851 0.156956 0.388805 0.350092 0.278935 0.213299 0.375131 0.828232 0.976497 0.456088 0.0049804 0.195062 0.113525 0.212909 0.11934 0.243413 0.448559 0.627357 0.257875 0.324871 0.513809 0.679915 0.859466 0.853528 0.819703 0.897681 0.891419 0.650218 0.283729 0.103785 0.152205 0.347075 0.741257 0.580362 0.42376 0.577418 0.551237 0.614545 0.227092 0.129815 0.155844 0.219298 0.362812 0.271795 0.53125 0.315789 0.184573 0.184758 1 
0.292035 0.116159 0.193495 0.111032 0.107025 0.0760548 0.156385 0.234179 0.172072 0.312741 0.153268 0.161049 0.281129 0.129215 0.0746314 0.105231 0.0574034 0.0326234 0.165895 0.248181 0.244941 0.320417 0.32415 0.303555 0.329098 0.290891 0.358336 0.652326 0.92431 1 0.876948 0.661986 0.501208 0.402756 0.273908 0.194254 0.328559 0.459187 0.608897 0.667647 0.534221 0.419536 0.344239 0.404148 0.608757 0.584476 0.63582 0.736149 0.635538 0.396364 0.180279 0.298146 0.0857143 0.0263158 0.133787 0.328205 0.298295 0.107551 0.231405 0.0877598 1 
0.0737463 0.0617231 0.0397503 0.0042796 0.0365204 0.25692 0.267857 0.0848953 0.126758 0.0888031 0.0639444 0.0565651 0.125378 0.0938435 0.169526 0.246489 0.298726 0.35761 0.394382 0.3811 0.414945 0.394234 0.290664 0.386538 0.432992 0.47329 0.74283 0.948847 1 0.902418 0.850245 0.8051 0.712486 0.629571 0.558147 0.572278 0.543735 0.341999 0.136833 0.0815904 0.033121 0.224054 0.346955 0.37194 0.332812 0.228744 0.18381 0.357892 0.355376 0.202424 0.106574 0.118402 0.0285714 0.216374 0.131519 0.0564103 0.0738636 0.0778032 0.190083 0.0808314 0 
0.0811209 0.0625804 0.0666886 0.0278174 0.0748161 0.159635 0.227273 0.123705 0.174293 0.170027 0.0849284 0.038687 0.0639125 0.103228 0.0772394 0.0590271 0.176044 0.267532 0.283926 0.418557 0.574094 0.703609 0.811911 0.838644 0.904201 0.978191 1 0.871552 0.754769 0.639501 0.578093 0.530667 0.451433 0.506836 0.508745 0.503125 0.46206 0.324633 0.155387 0.193137 0.186103 0.120269 0.0711238 0.0633857 0.0884276 0.069254 0.0447302 0.0655885 0.0514891 0.0569697 0.0189243 0.0470756 0.179221 0.0584795 0.0997732 0.112821 0.0397727 0.0869565 0.23416 0.120092 0 
0.179204 0.183026 0.17477 0.148122 0.181841 0.308519 0.341721 0.369129 0.402636 0.406263 0.314334 0.346571 0.297251 0.189956 0.124285 0.104926 0.149725 0.188052 0.121187 0.00898973 0.0119098 0.221041 0.451521 0.628317 0.747029 0.88534 0.993802 0.995574 0.931818 0.930116 0.91248 0.818468 0.670797 0.654796 0.629539 0.660181 0.615788 0.434855 0.290744 0.440196 0.459178 0.485348 0.543256 0.587091 0.562269 0.406747 0.379392 0.466607 0.446239 0.321212 0.120518 0.118402 0.148052 0.0263158 0.0884354 0.192308 0.0795455 0.1373 0.129477 0.101617 1 
0.267699 0.133733 0.134034 0.0694246 0.436216 0.411986 0.231061 0.168026 0.252332 0.27742 0.403516 0.422333 0.504102 0.372486 0.583709 0.784246 0.972956 1 0.983484 0.851241 0.835898 0.903998 0.559924 0.38869 0.584631 0.646767 0.620653 0.485591 0.551339 0.449345 0.462888 0.327342 0.366691 0.390249 0.213869 0.096371 0.105073 0.0500156 0.23171 0.333551 0.265084 0.324542 0.221518 0.0752383 0.174865 0.3017 0.398044 0.321653 0.213529 0.196364 0.0926295 0.0542083 0.101299 0.19883 0.217687 0.15641 0.164773 0.135011 0.115702 0.108545 0 
0.2441 0.215602 0.021025 0.0439848 0.0925691 0.170116 0.244859 0.237927 0.170739 0.199485 0.215511 0.315651 0.397726 0.267402 0.399137 0.525443 0.532276 0.566026 0.583526 0.652076 0.692664 0.784276 0.924128 0.977564 0.973156 1 0.968694 0.995471 0.820921 0.576009 0.5297 0.501348 0.320172 0.143508 0.0739491 0.154536 0.270391 0.312675 0.279148 0.308061 0.303185 0.319902 0.265744 0.266555 0.231021 0.166758 0.183448 0.222821 0.194851 0.0606061 0.145418 0.0456491 0.303896 0.283626 0.240363 0.251282 0.139205 0.0480549 0.214876 0.0577367 1 
0.180678 0.153022 0.0397503 0.0508797 0.0372813 0.0634238 0.16829 0.296582 0.26181 0.320463 0.344676 0.323271 0.213186 0.00649685 0.127495 0.157338 0.18941 0.290909 0.338733 0.416952 0.546796 0.733872 0.794638 0.880852 0.941803 1 0.934342 0.753294 0.708097 0.825077 0.778202 0.467648 0.130001 0.141706 0.145034 0.180343 0.251913 0.138297 0.0619861 0.070915 0.0563984 0.246642 0.323936 0.239887 0.204578 0.201591 0.179464 0.0122791 0.0777385 0.140606 0.180279 0.196862 0.322078 0.108187 0.0748299 0.146154 0.105114 0.0755149 0.165289 0.251732 1 
0.134218 0.166309 0.121222 0.0042796 0.046665 0.141629 0.193182 0.115325 0.189842 0.226226 0.204877 0.327374 0.425651 0.311849 0.273648 0.192754 0.08424 0.156779 0.30465 0.349957 0.397344 0.531541 0.623609 0.7155 0.78002 0.777949 0.878874 0.956978 0.897524 0.662405 0.613188 0.570209 0.481046 0.451934 0.222768 0.133569 0.155368 0.141312 0.311512 0.425272 0.306775 0.24652 0.155955 0.0328524 0.0423657 0.0947614 0.141434 0.232704 0.18627 0.0690909 0.0906375 0.179743 0.238961 0.0935673 0.117914 0.174359 0.107955 0.0961098 0.126722 0.110855 1 
0.260324 0.117017 0.0289093 0.12078 0.175501 0.155066 0.253517 0.312679 0.309344 0.347633 0.375301 0.395516 0.355981 0.300505 0.277159 0.2414 0.168998 0.161455 0.245319 0.277076 0.315346 0.317452 0.387199 0.464604 0.468033 0.59522 0.824982 0.944216 1 0.832215 0.549537 0.49326 0.495957 0.398092 0.175616 0.14506 0.181391 0.140688 0.0693654 0.231699 0.388767 0.536386 0.509375 0.261531 0.285755 0.299918 0.333213 0.442348 0.490156 0.271515 0.150398 0.138374 0.0493506 0.0233918 0.115646 0.225641 0.0170455 0.189931 0.300275 0.106236 1 
0.030236 0.111873 0.0676741 0.119591 0.220391 0.28057 0.182089 0.207497 0.236636 0.249678 0.31079 0.362837 0.395854 0.243787 0.185475 0.126501 0.173972 0.232519 0.240269 0.287885 0.349705 0.386873 0.482251 0.678312 0.742828 0.762419 0.897153 1 0.887175 0.628316 0.610463 0.455965 0.259477 0.160784 0.129385 0.0726815 0.15515 0.103879 0.214316 0.210131 0.18645 0.332357 0.178068 0.0882505 0.0943986 0.228332 0.327237 0.372866 0.260475 0.0533333 0.184263 0.0912981 0.12987 0.187135 0.14059 0.205128 0.0965909 0.0480549 0.0909091 0.00230947 1 
0.165192 0.0784398 0.14816 0.0908226 0.149632 0.171997 0.364448 0.230209 0.19384 0.180609 0.0920176 0.00337046 0.18929 0.265855 0.572976 0.825972 0.862087 0.805818 0.899537 0.897902 1 0.997546 0.986436 0.975515 0.898463 0.9696 0.965858 0.756381 0.435268 0.341856 0.46267 0.404741 0.304946 0.313725 0.204459 0.0658266 0.255959 0.156494 0.0359477 0.102941 0.0386798 0.0297924 0.115479 0.187967 0.191641 0.0536204 0.0988772 0.140461 0.101464 0.115152 0.154382 0.118402 0.379221 0.204678 0.0272109 0.189744 0.119318 0.0526316 0.0964187 0.0415704 0 
0.105457 0.0998714 0.0443495 0.103661 0.233578 0.35555 0.386905 0.25667 0.24019 0.25883 0.293776 0.363863 0.412408 0.279777 0.220183 0.161103 0.21863 0.283117 0.323795 0.388164 0.395868 0.359472 0.426195 0.599836 0.715266 0.735103 0.864061 1 0.98123 0.70033 0.58485 0.425522 0.344324 0.32337 0.176025 0.13246 0.144216 0.0927524 0.136517 0.267647 0.219803 0.332234 0.208587 0.171992 0.280921 0.169227 0.28142 0.316562 0.24735 0.117576 0.222112 0.161198 0.267532 0.137427 0.0498866 0.192308 0.0880682 0.0983982 0.0578512 0.034642 1 
0.0235988 0.0227175 0.0213535 0.117927 0.206949 0.316044 0.443994 0.290628 0.42159 0.479908 0.421948 0.443581 0.304736 0.101062 0.207744 0.227865 0.16361 0.134857 0.0772144 0.0263271 0.110139 0.314078 0.498569 0.666018 0.785451 0.883027 0.936443 0.947818 0.902597 0.909556 0.909646 0.862952 0.703875 0.689772 0.636596 0.685383 0.643997 0.473432 0.397744 0.449129 0.484771 0.529426 0.559033 0.633986 0.669605 0.438289 0.405831 0.540881 0.499748 0.304242 0.128486 0.124108 0.314286 0.172515 0.0748299 0.164103 0.161932 0.0961098 0.00275482 0.0531178 1 
0.236726 0.123446 0.151445 0.11436 0.184377 0.188659 0.298431 0.258655 0.171776 0.104247 0.00964129 0.0663834 0.218943 0.307724 0.458521 0.617036 0.723034 0.775896 0.788344 0.813891 1 0.980984 0.959733 0.959123 0.909631 0.899328 0.782645 0.575648 0.337865 0.385853 0.452425 0.337677 0.249081 0.279279 0.155365 0.0472782 0.0919528 0.0801705 0.0510226 0.184532 0.10469 0.0907204 0.0488814 0.16336 0.159937 0.069254 0.171858 0.202755 0.130742 0.206061 0.0328685 0.202568 0.275325 0.0643275 0.0657596 0.423077 0.380682 0.02746 0.187328 0.103926 0 
0.189528 0.159451 0.155388 0.187827 0.268831 0.269014 0.356061 0.503197 0.449874 0.555413 0.517794 0.450322 0.394703 0.153346 0.171331 0.191431 0.180189 0.239273 0.204082 0.126605 0.241358 0.608629 0.789658 0.827169 0.840164 0.834123 0.912596 1 0.786526 0.506871 0.652861 0.685352 0.47065 0.208055 0.0784494 0.0356855 0.148371 0.165956 0.159077 0.107952 0.155414 0.064591 0.0825036 0.179206 0.0907023 0.0796764 0.116081 0.312668 0.36951 0.333333 0.145418 0.118402 0.103896 0.0964912 0.0839002 0.241026 0.144886 0.10984 0.176309 0.224018 1 
0 0.0771539 0.0900131 0.0325725 0.113619 0.192153 0.262987 0.015215 0.161854 0.194909 0.259322 0.342761 0.312365 0.109415 0.00611897 0.182068 0.345664 0.44374 0.517989 0.599743 0.728078 0.821797 0.852601 0.836082 0.892316 0.993942 1 0.963874 0.872869 0.601257 0.185504 0.285441 0.332668 0.508744 0.77938 0.935585 0.857643 0.605594 0.436643 0.314488 0.267979 0.266789 0.406181 0.475779 0.42451 0.305266 0.153749 0.107517 0.145886 0.147879 0.0448207 0.142653 0.181818 0.230994 0.0680272 0.0641026 0.0284091 0.0160183 0.0853994 0.0946882 1 
0.379794 0.376768 0.651117 0.605326 0.800913 0.576458 0.158009 0.492172 0.129572 0.0896611 0.187296 0.291618 0.362603 0.318862 0.424817 0.405251 0.549788 0.680104 0.847149 0.918022 0.912626 1 0.950408 0.907899 0.829611 0.675405 0.635886 0.432174 0.234984 0.149888 0.105068 0.0662772 0.108474 0.231055 0.430705 0.498286 0.44719 0.435479 0.374868 0.303159 0.352982 0.602442 0.469675 0.178691 0.2559 0.17814 0.0947121 0.244684 0.236749 0.138182 0.297809 0.336662 0.503896 0.722222 0.172336 0.376923 0.477273 0.327231 0.366391 0.115473 1 
0.205015 0.159451 0.0795007 0.000951022 0.0159777 0.13706 0.233225 0.231974 0.132978 0.0912341 0.0338863 0.142585 0.227292 0.182118 0.270438 0.219723 0.241115 0.26587 0.294656 0.455265 0.515388 0.617319 0.663664 0.746645 0.846721 0.883027 0.992436 0.910869 0.703734 0.607755 0.61515 0.475623 0.243621 0.159936 0.147489 0.250101 0.26066 0.293855 0.24805 0.192048 0.138043 0.301099 0.274279 0.232028 0.209411 0.09339 0.197573 0.275232 0.200404 0.112727 0.0756972 0.0813124 0.174026 0.28655 0.102041 0.251282 0.107955 0.118993 0.134986 0.187067 0 
0.148968 0.0625804 0.108739 0.0684736 0.105757 0.113948 0.200216 0.177949 0.203761 0.285571 0.291224 0.271249 0.210307 0.146025 0.162403 0.183696 0.267848 0.34639 0.401325 0.375107 0.485245 0.642266 0.75808 0.845405 0.908197 0.880163 0.809749 0.668485 0.530032 0.4894 0.563379 0.600427 0.501208 0.428511 0.317787 0.226915 0.120271 0.131538 0.244887 0.393573 0.475622 0.497802 0.484029 0.389204 0.294143 0.245474 0.305867 0.401617 0.388188 0.269091 0.204183 0.164051 0.161039 0.00292398 0.0453515 0.115385 0.0738636 0.0434783 0.0578512 0.0600462 1 
0.0803835 0.183026 0.193495 0.0929624 0.134415 0.0679925 0.13474 0.0635061 0.144676 0.287001 0.19155 0.243992 0.409097 0.180056 0.0562745 0.226745 0.342762 0.356779 0.571744 0.603917 0.557441 0.445251 0.411783 0.353652 0.635861 0.883247 0.892636 0.483326 0.323559 0.185043 0.11673 0.366435 0.405649 0.304187 0.286489 0.406149 0.563088 0.389519 0.540586 0.533878 0.321019 0.335287 0.304022 0.296058 0.164202 0.0992869 0.112459 0.0952381 0.227158 0.202424 0.0776892 0.10699 0.135065 0.479532 0.412698 0.128205 0.315341 0.441648 0.402204 0.12933 0 
0.137168 0.0681526 0.108081 0.0646695 0.0836926 0.091642 0.176136 0.18699 0.246409 0.351494 0.374592 0.420868 0.492155 0.281427 0.269536 0.187767 0.150451 0.193143 0.323375 0.517551 0.705839 0.828034 0.879623 0.950825 0.962807 1 0.965648 0.862495 0.786526 0.610632 0.530681 0.410245 0.219049 0.284261 0.344175 0.425 0.48349 0.42976 0.35779 0.319608 0.180776 0.137729 0.256563 0.202267 0.09383 0.177455 0.144332 0.0155735 0.117617 0.184242 0.124502 0.0656205 0.135065 0.371345 0.23356 0.0794872 0.150568 0.23341 0.22314 0.0692841 1 
0.144543 0.134162 0.131406 0.0542083 0.0136952 0.0902983 0.342532 0.294377 0.091811 0.0650651 0.0822345 0.248974 0.186267 0.164793 0.19691 0.317627 0.674749 0.565091 0.211025 0.115368 0.300485 0.548921 0.638868 0.693884 0.805225 0.878951 0.868158 0.782524 0.870637 0.933525 0.919673 0.798023 0.667332 0.784102 0.899458 1 0.959108 0.728398 0.58444 0.429194 0.307933 0.277778 0.379025 0.296058 0.33992 0.261931 0.198479 0.0898473 0.08632 0.464242 0.0527888 0.116976 0.0961039 0.418129 0.226757 0.0410256 0.289773 0.105263 0.190083 0.170901 0 
0.260324 0.170167 0.0992116 0.0558726 0.190971 0.333244 0.305195 0.134068 0.0118466 0.0561991 0.0874805 0.338365 0.184252 0.103022 0.119571 0.153369 0.111387 0.0945455 0.143383 0.0513699 0.164102 0 0.194659 0.236451 0 0.110365 0.448787 0.69154 0.677861 0.621072 0.717275 0.558189 0.643075 0.900477 0.950701 0.960181 0.804833 0.664344 0.638836 0.719281 0.657209 0.622589 0.491659 0.293481 0.216378 0.109846 0.145599 0.225217 0.285714 0.212121 0.0577689 0.118402 0.402597 0.438596 0.170068 0.169231 0.375 0.146453 0.212121 0.143187 0 
0.327434 0.184741 0.109067 0.0946267 0 0.211771 0.477543 0.371775 0.225529 0.185185 0.340848 0.442995 0.627753 0.568423 0.445381 0.210564 0.188063 0.29361 0.254681 0.383027 0.416105 0.220939 0.620112 0.894068 0.889139 0.727833 0.667822 0.834294 1 0.825503 0.538965 0.468771 0.797018 0.716587 0.377621 0.148992 0.136344 0.184881 0.506747 0.50817 0.229763 0.432601 0.360145 0.232801 0.0500426 0.0648656 0.0583122 0.122192 0.0822817 0.106667 0.120518 0.0841655 0.0701299 0.289474 0.358277 0.376923 0.190341 0.187643 0.319559 0.115473 0 
0.121681 0.187741 0.151445 0.152164 0.392594 0.210965 0.152327 0.224035 0.459055 0.401115 0.423082 0.41017 0.410105 0.238631 0.165613 0.116629 0.254274 0.430545 0.646644 0.752033 0.679595 0.426746 0.19805 0.271181 0.485041 0.798656 1 0.921573 0.849736 0.757324 0.576567 0.537632 0.666492 0.636778 0.494119 0.352621 0.378089 0.35666 0.314991 0.289107 0.380776 0.461294 0.446528 0.270033 0.146574 0.109435 0.126947 0.157532 0.121656 0.141818 0.121514 0.162625 0.283117 0.25731 0.047619 0.0538462 0.0653409 0.107551 0.198347 0.0369515 1 
0.213864 0.153022 0.0653745 0.0401807 0.0986558 0.151303 0.24513 0.202205 0.364283 0.431002 0.269814 0.349502 0.321722 0.196556 0.113151 0.109404 0.0556419 0.143377 0.132969 0.0946062 0 0.162151 0.368337 0.559164 0.649283 0.721776 0.846938 0.905825 0.864854 0.881964 0.935477 0.91193 0.706395 0.634658 0.616754 0.682258 0.763831 0.613289 0.564411 0.653813 0.606485 0.599389 0.650071 0.743623 0.839778 0.658667 0.702101 0.832285 0.720343 0.513939 0.26992 0.273894 0.168831 0.175439 0.181406 0.217949 0.201705 0.0892449 0.14876 0.034642 1 
0.264749 0.248607 0.20138 0.113172 0.0476794 0.354743 0.551677 0.590739 0.443507 0.355212 0.452857 0.551436 0.631927 0.585439 0.791754 0.825361 0.801782 0.893714 0.981906 0.891053 0.88301 0.935283 0.906962 0.788546 0.66373 0.594449 0.460553 0.319473 0.475649 0.341856 0.282616 0.0969445 0.0279324 0.137573 0.172139 0.175101 0.14848 0.0585422 0.259119 0.314706 0.143833 0.174237 0.371783 0.263721 0.151265 0.191306 0.192865 0.157832 0.199394 0.221818 0.351594 0.156919 0.150649 0.663743 0.0589569 0.212821 0.34375 0.251716 0.267218 0.277136 1 
0.478614 0.243892 0.271682 0.0746553 0.0991631 0.17979 0.199675 0.237045 0.337332 0.246675 0.365802 0.570487 0.498489 0.176446 0.281773 0.394565 0.568646 0.666701 0.58826 0.4497 0.288153 0.183417 0.160962 0.148243 0.229918 0.199912 0.262948 0.449876 0.694602 0.730904 0.814605 0.851157 0.655046 0.713302 0.738161 0.815423 0.936038 1 0.883618 0.756427 0.746149 0.713309 0.597181 0.468822 0.212113 0.166758 0.236509 0.35879 0.291772 0.284848 0.134462 0.189729 0.480519 0.0964912 0.0680272 0.0564103 0.0596591 0.363844 0.297521 0.168591 0 
0.199853 0.191599 0.086071 0.0275796 0.0803956 0.238646 0.316017 0.392062 0.300607 0.418418 0.382674 0.588218 0.88657 0.817263 1 1 0.949021 0.898701 0.709026 0.477954 0.164629 0.385032 0.56448 0.269747 0.184734 0.535411 0.5156 0.356731 0.331473 0.474486 0.55564 0.49135 0.296335 0.210493 0.121101 0.279839 0.37787 0.392534 0.388256 0.346296 0.271801 0.316728 0.0934954 0.159495 0.169463 0.149342 0.112821 0.147948 0.133266 0.0981818 0.103586 0.0527817 0.0233766 0.0818713 0.015873 0.217949 0.153409 0.0549199 0.137741 0.12933 0 
0.208702 0.261037 0.208607 0.205183 0.392594 0.589089 0.579816 0.436163 0.204946 0.105677 0.310081 0.49956 0.373255 0.263277 0.321597 0.42469 0.548026 0.434286 0.405428 0.618258 0.360455 0.180963 0.31546 0.914455 0.935553 0.407424 0.240571 0.6514 0.799919 0.382124 0.513351 0.736688 0.558122 0.919661 0.781426 0.710988 0.794227 0.417802 0.278094 0.331808 0.283613 0.347009 0.0680202 0.240531 0.220785 0.223944 0.226729 0.224019 0.228168 0.0775758 0.153386 0.0328103 0.384416 0.178363 0.46712 0.184615 0.423295 0.105263 0.548209 0.154734 0 
0.0589971 0.129447 0.172142 0.0839277 0.138473 0.251814 0.265963 0.295259 0.372723 0.519377 0.558628 0.624707 0.751403 0.415592 0.331227 0.339304 0.318827 0.257247 0.375342 0.661066 0.752319 0.659544 0.544665 0.589694 0.639754 0.84734 0.980985 0.936188 0.841213 0.581762 0.536349 0.7286 0.577549 0.321357 0.0299683 0.310181 0.354144 0.363731 0.563462 0.45719 0.311639 0.529548 0.556317 0.622391 0.722775 0.267691 0.278703 0.610063 0.532055 0.304242 0.355578 0.24679 0.0363636 0.269006 0.287982 0.0923077 0.110795 0.0617849 0.0826446 0.0623557 1 
0.216077 0.142735 0.0614323 0.197575 0.381182 0.442892 0.239989 0.286218 0.224789 0.383526 0.432015 0.396249 0.204981 0.315768 0.496941 0.725931 0.725417 0.818494 0.873028 0.963292 1 0.867805 0.626046 0.58744 0.817418 0.752726 0.591449 0.402532 0.288758 0.078939 0.213188 0.586385 0.533235 0.715527 0.723637 0.699798 0.55948 0.107934 0.460363 0.685512 0.464968 0.381197 0.307384 0.361762 0.195337 0.155787 0.187251 0.20605 0.213024 0.141818 0.0697211 0.226819 0.316883 0.374269 0.190476 0.120513 0.0738636 0.272311 0.151515 0.0323326 0 
0.079646 0.129876 0.0505913 0.0606277 0.0738017 0 0.0403139 0.115546 0.155042 0.103246 0.036722 0.0895369 0.26515 0.235537 0.184472 0.190311 0.115428 0.257039 0.560699 0.756849 0.773609 0.848175 0.503232 0.349759 0.587398 0.810001 1 0.863421 0.624696 0.423778 0.376894 0.24399 0.245721 0.257446 0.25918 0.263911 0.398316 0.435999 0.376239 0.261983 0.164679 0.158486 0.066727 0.0434166 0.127097 0.118075 0.157914 0.133273 0.0676426 0.26303 0.187251 0.178317 0.675325 0.625731 0.154195 0.292308 0.0653409 0.203661 0.0220386 0.0877598 0 
0.205015 0.273468 0.123193 0.0273419 0.103728 0.191884 0.25974 0.0573319 0.0978824 0.106821 0.017723 0.0345838 0.0937095 0.0685779 0.143946 0.0658457 0.0860015 0.187429 0.297917 0.278467 0.168529 0.212964 0.296493 0.411843 0.447643 0.185593 0.0412858 0.265336 0.55418 0.823586 0.829864 0.769041 0.795023 0.97753 1 0.895161 0.564728 0.27597 0.207358 0.246732 0.342559 0.459707 0.203673 0.287039 0.224908 0.196517 0.295907 0.339323 0.286219 0.161212 0.169323 0.0385164 0.122078 0.21345 0.163265 0.182051 0.289773 0.359268 0.258953 0.0115473 0 
0.248525 0.0471496 0.0578187 0.0977175 0.169921 0.291051 0.446429 0.327674 0.205983 0.400257 0.289097 0.29323 0.329063 0.132721 0.347076 0.320171 0.202052 0.189922 0.210288 0.371575 0.278879 0.610572 0.560665 0.323328 0.237807 0.515255 0.805127 0.685159 0.694095 0.857249 0.593787 0.36621 0.658721 0.899311 0.778766 0.753226 0.594577 0.450244 0.0928737 0.650327 0.806254 0.722955 0.443683 0.232285 0.338072 0.469556 0.417059 0.206349 0.109036 0.568485 0.424303 0.482168 0.397403 0.421053 0.23356 0.112821 0.261364 0.02746 0.198347 0.140878 0 
0.215339 0.221603 0.209593 0.110081 0.137966 0.127654 0.170996 0.134289 0.205094 0.383097 0.50872 0.696952 0.690514 0.484583 0.559334 0.730409 0.816599 0.914078 0.99737 0.990475 0.814503 0.641959 0.574017 0.47362 0.298156 0.0685097 0.053367 0 0.0876623 0.215511 0.24109 0.283756 0.257062 0.401272 0.351539 0.311694 0.465559 0.414994 0.152751 0.355011 0.676549 0.536264 0.240916 0.182943 0.0837361 0.0789907 0.121695 0.080563 0.123675 0.230303 0.062749 0.446505 0.477922 0.371345 0.614512 0.379487 0.139205 0.270023 0.338843 0.113164 1 
0.292773 0.483926 0.165243 0.0413695 0.146843 0.274657 0.474567 0.518633 0.386051 0.278135 0.178222 0.356829 0.425651 0.271321 0.351088 0.500407 0.444514 0.154182 0.418683 0.366331 0.515177 0.466926 0.399385 0.601783 0.497029 0.405882 0.710369 0.895739 0.880885 0.914882 0.819946 0.63233 0.17253 0.281293 0.38969 0.274496 0.299147 0.329313 0.22918 0.143246 0.637985 0.778388 0.753395 0.552177 0.695763 0.792238 0.78142 0.790656 0.905603 0.935758 0.794821 0.524964 0.358442 0.766082 0.274376 0.415385 0.261364 0.508009 0.267218 0.182448 1 
0.137168 0.0471496 0.0354796 0.0444603 0.121735 0.028487 0.232143 0.172216 0.186584 0.155298 0.206012 0.168669 0.267454 0.237909 0.259304 0.196927 0.226194 0.294857 0.403219 0.439212 0.507589 0.596871 0.649889 0.74142 0.890369 0.934464 1 0.977872 0.845069 0.748482 0.67782 0.515053 0.340334 0.210281 0.122021 0.262097 0.24918 0.282936 0.318469 0.218519 0.0938043 0.317338 0.284883 0.198531 0.208132 0.143171 0.22184 0.223121 0.24735 0.271515 0.0318725 0.0970043 0.103896 0.134503 0.156463 0.0846154 0.119318 0.0594966 0.0192837 0.0277136 0 
0.258112 0.696957 0.532523 0.324061 0.269592 0.323569 0.5625 0.487982 0.431956 0.517947 0.39033 0.0221278 0.359148 0.528411 0.61922 0.722064 0.829033 0.676675 0.416158 0.349422 0.536783 0.749003 0.821024 1 0.873156 0.6797 0.685786 0.486826 0.385349 0.409396 0.391281 0.0414514 0.0993384 0.0200318 0.345096 0.682157 0.735294 0.3342 0.0254059 0.316993 0.417603 0.465446 0.307772 0.265267 0.325277 0.233681 0.287396 0.536688 0.515901 0.18303 0.222112 0.145506 0.171429 0.570175 0.358277 0.151282 0.213068 0.208238 0.300275 0.143187 0 
0.148968 0.143163 0.12385 0.0423205 0.257165 0.285407 0.369318 0.210364 0.158744 0.237952 0.53736 0.568142 0.545415 0.495514 0.649814 0.805109 0.981245 1 0.937618 0.834332 0.800379 0.842552 0.598601 0.571253 0.768955 0.802181 0.537872 0.278407 0.493608 0.64078 0.574496 0.410133 0.343274 0.346476 0.138795 0.135282 0.194511 0.154206 0.0666245 0.248257 0.217834 0.240904 0.0918143 0.206905 0.237276 0.233132 0.331221 0.420186 0.255427 0.271515 0.0946215 0.0328103 0.254545 0.19883 0.160998 0.230769 0.0795455 0.0617849 0.0330579 0.145497 0 
0.132743 0.088727 0.0141261 0.0313837 0.0639107 0.126041 0.262716 0.135171 0.0912187 0.018447 0.062243 0.0590563 0.405643 0.369289 0.475073 0.451862 0.292819 0.393247 0.624237 1 0.855712 0.51048 0.27477 0.585288 0.767623 0.564049 0.409077 0.535508 0.464286 0.598913 0.367193 0.133228 0.3585 0.538633 0.335584 0.443548 0.403455 0.483311 0.643475 0.585621 0.369195 0.240781 0.243373 0.108864 0.186949 0.218047 0.101775 0.184786 0.173145 0.448485 0.25996 0.212553 0.179221 0.763158 0.446712 0.217949 0.261364 0.210526 0.0550964 0.108545 0 
0.0383481 0.0385769 0.00295664 0 0.0329698 0.138672 0.107955 0.197574 0.112691 0.152581 0.0976889 0.0986225 0.067943 0.0329999 0.0803491 0.11551 0.175008 0.356987 0.416263 0.48887 0.569035 0.648911 0.608774 0.590001 0.483402 0.520542 0.674966 0.846953 1 0.911154 0.784087 0.648506 0.5241 0.562162 0.535952 0.547883 0.460311 0.320578 0.317626 0.298039 0.24806 0.193529 0.207552 0.19209 0.188513 0.0942128 0.109018 0.168014 0.154467 0.186667 0.0288845 0.0570613 0.0467532 0.0292398 0.0770975 0.0384615 0.0880682 0.0709382 0.137741 0.0577367 0 
0.0553097 0.0240034 0.0781866 0.102473 0.286584 0.399624 0.367695 0.205513 0.130312 0.254826 0.227846 0.338658 0.55981 0.279984 0.287892 0.525544 0.380582 0.12426 0.266148 0.347924 0.319351 0.431346 0.620006 0.44688 0.591086 0.855711 0.826137 0.760086 0.500913 0.426867 0.533842 0.558414 0.353565 0.359194 0.734274 0.774294 0.383446 0.029531 0.349252 0.653268 0.364794 0.275458 0.283848 0.393069 0.275377 0.215304 0.0867439 0.161126 0.0737002 0.0824242 0.186255 0.0727532 0.233766 0.538012 0.1678 0.379487 0.440341 0.114416 0.517906 0.221709 0 
0.0626844 0.115302 0.0574901 0.0744175 0.0885113 0.0266058 0.0760281 0.131422 0.269658 0.365365 0.437686 0.446366 0.323593 0.102609 0.125088 0.435477 0.66791 0.69361 0.78603 0.935895 0.984928 0.815254 0.553778 0.630571 0.697029 0.655799 0.378191 0.157163 0.194805 0.351976 0.360654 0.184004 0.183766 0.331638 0.384678 0.50373 0.566696 0.308724 0.247944 0.235403 0.19502 0.235653 0.107979 0.11698 0.19619 0.267142 0.219305 0.252471 0.297325 0.299394 0.11753 0.114123 0.257143 0.0760234 0.185941 0.110256 0.323864 0.0389016 0.247934 0.120092 0 
0.101032 0.0411487 0.0321945 0.0487399 0.00760842 0.0776673 0.222944 0.189636 0.129424 0.198913 0.229973 0.275352 0.297251 0.237187 0.167519 0.189395 0.226816 0.316052 0.371555 0.417059 0.528352 0.590124 0.560665 0.704334 0.94877 0.98436 1 0.956566 0.862216 0.694045 0.589755 0.440238 0.254122 0.162374 0.0559476 0.223488 0.230483 0.282625 0.310036 0.229085 0.0591778 0.245177 0.233803 0.209224 0.159227 0.111766 0.202282 0.284516 0.207976 0.145455 0.0478088 0.0584879 0.0935065 0.0760234 0.015873 0.107692 0.0965909 0.0183066 0.0909091 0.0623557 0 
0.0855457 0.0265752 0.0962549 0.0601522 0.00456505 0.178715 0.199675 0.128997 0.0964016 0.112684 0.0653623 0.0890973 0.149993 0.138806 0.229311 0.282109 0.329189 0.340987 0.286871 0.260809 0.376476 0.415704 0.43446 0.585698 0.687295 0.822227 0.881815 0.629889 0.321023 0.299563 0.483706 0.470456 0.268508 0.440276 0.506495 0.508266 0.480538 0.469897 0.446131 0.473094 0.444239 0.343956 0.296909 0.122262 0.0135058 0.072271 0.0693589 0.0320455 0.0545179 0.0933333 0.108566 0.0770328 0.0597403 0.0877193 0.156463 0.0897436 0.142045 0.0228833 0.140496 0.039261 0 
0.127581 0.156022 0.308147 0.182121 0.0461577 0.103736 0.376353 0.422712 0.266252 0.242099 0.2623 0.188599 0.257809 0.471383 0.72896 0.778038 0.783028 0.597091 0.389859 0.230201 0.488617 0.751457 0.851224 1 0.841906 0.647208 0.681794 0.572149 0.469562 0.488761 0.4097 0.133453 0.125066 0.0398516 0.38294 0.712399 0.761863 0.325049 0.0229812 0.280283 0.444702 0.466178 0.315531 0.257666 0.327978 0.25864 0.354944 0.509434 0.689551 0.482424 0.14243 0.121255 0.0727273 0.30117 0.0544218 0.135897 0.247159 0.12357 0.184573 0.0415704 0 
0.180678 0.0797257 0.0785151 0.000713267 0.07228 0.160978 0.332792 0.22602 0.214423 0.216931 0.105062 0.285903 0.19548 0.243065 0.291805 0.286587 0.0362657 0.106597 0.262571 0.34878 0.325253 0.22329 0.386246 0.55691 0.599795 0.594999 0.637462 0.760498 1 0.836263 0.547902 0.453831 0.492702 0.429889 0.161501 0.0716734 0.0201181 0.158365 0.230867 0.221786 0.278981 0.340049 0.224104 0.104999 0.0476258 0.127948 0.184353 0.0925427 0.104997 0.385455 0.131474 0.156919 0.298701 0.119883 0.145125 0.0282051 0.0909091 0.0114416 0.118457 0.163972 0 
