sonar 61 103
0.457227 0.301329 0.14389 0.0653828 0.0299265 0.311207 0.265693 0.410805 0.486747 0.541542 0.621721 0.790739 0.766086 0.419717 0.303039 0.338897 0.375712 0.363636 0.503471 0.700128 0.757799 0.85298 0.860973 0.921729 1 0.962771 0.981301 0.728283 0.407265 0.245552 0.304959 0.369131 0.312192 0.280975 0.065562 0.367339 0.469932 0.322866 0.152435 0.111656 0.0995947 0.313187 0.576878 0.608864 0.46389 0.195145 0.0706266 0.121593 0.156991 0.104242 0.153386 0.0570613 0.0519481 0.225146 0.14966 0.233333 0.235795 0.187643 0.107438 0.103926 1 
0.0744838 0.316331 0.115637 0.0397052 0.00228253 0.119054 0.291396 0.223594 0.241818 0.308594 0.40862 0.387749 0.355981 0.209756 0.186378 0.165785 0.201948 0.347013 0.602672 0.706764 0.782251 0.800123 0.795168 0.915275 0.931045 0.951757 1 0.981268 0.866477 0.614467 0.383106 0.318805 0.247611 0.23328 0.214585 0.118952 0.0373934 0.0330664 0.112587 0.14793 0.00903301 0.0504274 0.19087 0.224427 0.221069 0.226413 0.213872 0.215633 0.162039 0.0678788 0.201195 0.189729 0.254545 0.263158 0.0634921 0.0564103 0.0965909 0.0938215 0.15427 0.0669746 1 
0.0560472 0.088727 0.0627464 0.106277 0.149632 0.18624 0.253517 0.180154 0.098919 0.103532 0.182901 0.0970106 0.0179934 0.163246 0.294714 0.190311 0.0948088 0.132987 0.122765 0.153574 0.189503 0.433596 0.643319 0.68579 0.760553 0.802401 0.689988 0.748868 0.742898 0.615106 0.47564 0.328466 0.512339 0.903975 0.854045 0.669153 0.338399 0.28772 0.245731 0.270261 0.275854 0.43199 0.566662 0.316929 0.107762 0.0256445 0.144332 0.224019 0.18526 0.187879 0.298805 0.148359 0.277922 0.269006 0.0453515 0.238462 0.269886 0.0915332 0.192837 0.235566 0 
0.144543 0.134162 0.131406 0.0542083 0.0136952 0.0902983 0.342532 0.294377 0.091811 0.0650651 0.0822345 0.248974 0.186267 0.164793 0.19691 0.317627 0.674749 0.565091 0.211025 0.115368 0.300485 0.548921 0.638868 0.693884 0.805225 0.878951 0.868158 0.782524 0.870637 0.933525 0.919673 0.798023 0.667332 0.784102 0.899458 1 0.959108 0.728398 0.58444 0.429194 0.307933 0.277778 0.379025 0.296058 0.33992 0.261931 0.198479 0.0898473 0.08632 0.464242 0.0527888 0.116976 0.0961039 0.418129 0.226757 0.0410256 0.289773 0.105263 0.190083 0.170901 0 
0.212389 0.148736 0.156045 0.130766 0.0253614 0.336469 0.387446 0.235502 0.276914 0.320463 0.369914 0.377491 0.200662 0 0.0643996 0.13047 0.178323 0.235844 0.245529 0.389234 0.545215 0.692261 0.70817 0.756377 0.922336 1 0.997794 0.824722 0.698864 0.69543 0.698747 0.511907 0.221254 0.0802332 0.0565613 0.028629 0.133501 0.149735 0.103099 0.0797386 0.0152866 0.160073 0.200698 0.199433 0.187518 0.13508 0.227816 0.285714 0.246845 0.292121 0.0418327 0.11127 0.106494 0.339181 0.0680272 0.0794872 0.0880682 0.173913 0.0964187 0.0969977 1 
0.129794 0.0715817 0.0906702 0.0577746 0.100431 0.158022 0.146916 0.231092 0.347697 0.432003 0.637601 0.733148 0.605873 0.326596 0.284683 0.3793 0.421822 0.365403 0.378077 0.465539 0.712374 0.937123 1 0.982686 0.993033 0.907589 0.814791 0.686805 0.445617 0.284223 0.222343 0.39991 0.386118 0.32814 0.124987 0.185786 0.312377 0.310284 0.559983 0.586928 0.332484 0.0478632 0.404888 0.436357 0.587148 0.49904 0.374683 0.257263 0.302877 0.323636 0.124502 0.0456491 0.34026 0.371345 0.376417 0.328205 0.303977 0.272311 0.311295 0.143187 1 
0.0678466 0.191599 0.0900131 0.15573 0.255643 0.246439 0.425595 0.455127 0.442174 0.403689 0.399121 0.4682 0.327048 0.166443 0.115659 0.195196 0.247332 0.301195 0.194614 0.0646404 0.00674536 0.104488 0.283565 0.421883 0.56291 0.760436 0.92142 0.932997 0.933847 1 0.961962 0.906987 0.748504 0.723688 0.748287 0.797379 0.800569 0.579391 0.459625 0.514488 0.460915 0.475946 0.625501 0.692991 0.637617 0.366703 0.279066 0.407008 0.475013 0.316364 0.0786853 0.222539 0.298701 0.30117 0.0340136 0.238462 0.196023 0.130435 0.0440771 0.0692841 1 
0.175516 0.343763 0.161629 0.0442225 0.420238 1 1 0.777949 0.496668 0.298012 0.335177 0.43772 0.777026 0.685057 0.79366 0.711378 0.327738 0.169662 0.229539 0.389876 0.50253 0.334322 0.0918724 0.534167 0.624795 0.74799 0.667822 0.795698 0.804485 0.819964 0.79673 0.521793 0.0982884 0.2708 0.497187 0.474496 0.109884 0.199231 0.254902 0.404793 0.297973 0.134188 0.220484 0.16671 0.129229 0.109709 0.10268 0.0592992 0.0575467 0.18303 0.0846614 0.242511 0.176623 0.201754 0.0725624 0.287179 0.0852273 0.0823799 0.220386 0.108545 0 
0.183628 0.0278611 0.107424 0.17475 0.247527 0.183015 0.374459 0.247189 0.0559751 0.118976 0.119524 0.0885111 0.0767238 0.174796 0.261009 0.410035 0.4871 0.658286 0.781401 0.826734 0.869203 0.940906 1 0.992931 0.956455 0.850975 0.707427 0.567826 0.489042 0.455204 0.392044 0.22905 0.135567 0.239534 0.337015 0.371169 0.279685 0.200478 0.294856 0.374401 0.391546 0.535653 0.421699 0.252899 0.122832 0.231487 0.360558 0.36448 0.317012 0.391515 0.251992 0.293866 0.667532 0.488304 0.0702948 0.164103 0.335227 0.169336 0.212121 0.138568 1 
0.128319 0.129447 0.0597898 0.134094 0.00329698 0.184628 0.380682 0.307828 0.253813 0.344487 0.328654 0.509086 0.535771 0.247396 0.269335 0.40922 0.687908 0.556675 0.182201 0.211366 0.733664 0.720172 0.299883 0.264829 0.595594 0.548078 0.471268 0.857555 0.831473 0.369767 0.194659 0.15064 0.00315027 0.14584 0.288125 0.12994 0.137109 0.174483 0.0382669 0.00925926 0.148002 0.186447 0.236648 0.242979 0.143304 0.0909216 0.0331402 0.120994 0.0545179 0.173333 0.0906375 0.042796 0.236364 0.385965 0.417234 0.348718 0.272727 0.203661 0.140496 0.159353 0 
0.0752212 0.0270039 0.086728 0.124822 0.215065 0.313088 0.417749 0.412789 0.338516 0.294008 0.126329 0.0759086 0.373974 0.35939 0.507774 0.654386 0.696508 0.743584 0.827162 0.849422 0.959422 0.983437 0.862774 0.631493 0.49457 0.492786 0.677907 0.844277 0.818689 0.569831 0.268992 0.264435 0.252861 0.178166 0.125089 0.0882056 0.0587142 0.0471041 0.0551339 0.155773 0.226752 0.264835 0.133842 0.221721 0.28675 0.245063 0.201376 0.119197 0.153963 0.101818 0.0388446 0.064194 0.0623377 0.0292398 0.015873 0.0641026 0.0482955 0.135011 0.0688705 0.106236 1 
0 0.0771539 0.0900131 0.0325725 0.113619 0.192153 0.262987 0.015215 0.161854 0.194909 0.259322 0.342761 0.312365 0.109415 0.00611897 0.182068 0.345664 0.44374 0.517989 0.599743 0.728078 0.821797 0.852601 0.836082 0.892316 0.993942 1 0.963874 0.872869 0.601257 0.185504 0.285441 0.332668 0.508744 0.77938 0.935585 0.857643 0.605594 0.436643 0.314488 0.267979 0.266789 0.406181 0.475779 0.42451 0.305266 0.153749 0.107517 0.145886 0.147879 0.0448207 0.142653 0.181818 0.230994 0.0680272 0.0641026 0.0284091 0.0160183 0.0853994 0.0946882 1 
0.0626844 0.0805829 0.0459921 0.102473 0.19579 0.243752 0.431277 0.444542 0.388124 0.411411 0.418687 0.487837 0.542248 0.508198 0.694352 0.845308 1 0.924987 0.843257 0.787029 0.804174 0.879869 0.714104 0.601168 0.708914 0.830158 0.6133 0.465624 0.623681 0.696602 0.601962 0.430353 0.381077 0.400636 0.154137 0.191028 0.220752 0.0994073 0.127767 0.330501 0.186219 0.243956 0.16449 0.145452 0.276656 0.301015 0.349511 0.448637 0.390207 0.237576 0.121514 0.174037 0.176623 0.195906 0.156463 0.14359 0.21875 0.0366133 0.143251 0.0300231 0 
0.109882 0.266181 0.237516 0.130766 0.0420999 0.254233 0.353084 0.129879 0.214275 0.0953811 0.212959 0.358294 0.230891 0.0789935 0.195506 0.31264 0.352191 0.229714 0.335157 0.305223 0.536889 0.512422 0.519869 0.687942 0.62623 0.642802 0.842315 0.796727 0.651278 0.849899 0.672807 0.55774 0.277329 0.376365 0.26368 0.0801411 0.324513 0.400749 0.150748 0.394989 0.494152 0.190232 0.322514 0.412523 0.322007 0.157159 0.0862007 0.28242 0.415952 0.207273 0.243028 0.356633 0.358442 0.631579 0.410431 0.464103 0.303977 0.208238 0.212121 0.244804 1 
0.137168 0.17874 0.17707 0.172373 0.140249 0.206665 0.316017 0.584785 0.167481 0.023738 0.278179 0.348623 0.2283 0.354336 0.4516 0.548646 0.44213 0.355532 0.310961 0.215004 0.198461 0.092833 0.21119 0.505071 0.362602 0.348166 0.511818 0.497324 0.446429 0.388303 0.369155 0.397102 0.439357 0.398728 0.201596 0.175 0.0734747 0.17937 0.303816 0.389978 0.295541 0.360684 0.331437 0.248261 0.293148 0.240126 0.1523 0.309973 0.323574 0.185455 0.0806773 0.261056 0.45974 0.438596 0.643991 0.220513 0.678977 0.505721 0.520661 0.207852 1 
0.108407 0.105872 0.0811432 0.0779838 0.146589 0.0994356 0.276786 0.293936 0.0774471 0.174603 0.37998 0.662075 0.790701 0.558626 0.640987 0.745471 0.89628 1 0.967389 0.896404 0.756008 0.693078 0.644379 0.586518 0.355635 0 0 0.0609304 0.0909091 0.11729 0.303215 0.472703 0.363541 0.512772 0.471515 0.345867 0.215176 0.37912 0.348408 0.151743 0.044586 0.163492 0.200698 0.04857 0.090418 0.0607515 0.0478088 0.0667865 0.0943968 0.0933333 0.136454 0.0898716 0.2 0.649123 0.435374 0.179487 0.0909091 0.221968 0.129477 0.0300231 1 
0.0545723 0.114874 0.076544 0.0425583 0.0398174 0.199678 0.393669 0.257773 0.221235 0.286858 0.384801 0.418816 0.36836 0.234506 0.184472 0.131284 0.114807 0.213403 0.290869 0.323523 0.299642 0.294551 0.355092 0.516443 0.63207 0.747439 0.869104 1 0.980317 0.677107 0.489482 0.518535 0.512654 0.384738 0.166206 0.107762 0.133282 0.0964958 0.127767 0.273856 0.317661 0.544078 0.489461 0.163489 0.207421 0.149753 0.268924 0.414795 0.361434 0.213333 0.198207 0.125535 0.254545 0.24269 0.0430839 0.102564 0.0511364 0.15103 0.162534 0.0277136 1 
0.217552 0.092156 0.137319 0.0316215 0.227492 0.463585 0.290314 0.363175 0.404117 0.617618 0.699419 0.787661 0.747805 0.389296 0.222088 0.165072 0.201844 0.243636 0.496003 0.668022 0.810497 0.875268 0.745682 0.755763 0.708197 0.701289 0.86196 0.949465 0.832386 0.545116 0.422997 0.436419 0.395149 0.31203 0.108827 0.140827 0.187076 0.209733 0.50622 0.550218 0.130979 0.287057 0.441614 0.578974 0.657378 0.27441 0.140348 0.368973 0.395255 0.107879 0.248008 0.279601 0.14026 0.125731 0.165533 0.0846154 0.0340909 0.121281 0.181818 0.110855 1 
0.101032 0.0411487 0.0321945 0.0487399 0.00760842 0.0776673 0.222944 0.189636 0.129424 0.198913 0.229973 0.275352 0.297251 0.237187 0.167519 0.189395 0.226816 0.316052 0.371555 0.417059 0.528352 0.590124 0.560665 0.704334 0.94877 0.98436 1 0.956566 0.862216 0.694045 0.589755 0.440238 0.254122 0.162374 0.0559476 0.223488 0.230483 0.282625 0.310036 0.229085 0.0591778 0.245177 0.233803 0.209224 0.159227 0.111766 0.202282 0.284516 0.207976 0.145455 0.0478088 0.0584879 0.0935065 0.0760234 0.015873 0.107692 0.0965909 0.0183066 0.0909091 0.0623557 0 
0.165192 0.0784398 0.14816 0.0908226 0.149632 0.171997 0.364448 0.230209 0.19384 0.180609 0.0920176 0.00337046 0.18929 0.265855 0.572976 0.825972 0.862087 0.805818 0.899537 0.897902 1 0.997546 0.986436 0.975515 0.898463 0.9696 0.965858 0.756381 0.435268 0.341856 0.46267 0.404741 0.304946 0.313725 0.204459 0.0658266 0.255959 0.156494 0.0359477 0.102941 0.0386798 0.0297924 0.115479 0.187967 0.191641 0.0536204 0.0988772 0.140461 0.101464 0.115152 0.154382 0.118402 0.379221 0.204678 0.0272109 0.189744 0.119318 0.0526316 0.0964187 0.0415704 0 
0.248525 0.0471496 0.0578187 0.0977175 0.169921 0.291051 0.446429 0.327674 0.205983 0.400257 0.289097 0.29323 0.329063 0.132721 0.347076 0.320171 0.202052 0.189922 0.210288 0.371575 0.278879 0.610572 0.560665 0.323328 0.237807 0.515255 0.805127 0.685159 0.694095 0.857249 0.593787 0.36621 0.658721 0.899311 0.778766 0.753226 0.594577 0.450244 0.0928737 0.650327 0.806254 0.722955 0.443683 0.232285 0.338072 0.469556 0.417059 0.206349 0.109036 0.568485 0.424303 0.482168 0.397403 0.421053 0.23356 0.112821 0.261364 0.02746 0.198347 0.140878 0 
0.15708 0.0428633 0.0377792 0.1864 0.266295 0.377318 0.471591 0.207718 0.200355 0.302302 0.330639 0.421014 0.385058 0.313808 0.373558 0.44138 0.457569 0.610805 0.71639 0.861087 0.931387 0.960536 0.907386 0.942936 1 0.939971 0.875512 0.744751 0.702516 0.572387 0.367847 0.236576 0.17694 0.0801272 0.112509 0.127419 0.207632 0.297494 0.376133 0.401852 0.335611 0.439316 0.385749 0.229194 0.218226 0.164427 0.173669 0.229111 0.327612 0.379394 0.184263 0.128388 0.449351 0.195906 0.154195 0.233333 0.147727 0.0961098 0.170799 0.0762125 1 
0.0154867 0.0308616 0.0252957 0.0782216 0.117423 0.294276 0.327381 0.214112 0.172368 0.110825 0.0918758 0.14786 0.203685 0.130865 0.182064 0.15978 0.116879 0.142649 0.101094 0.09878 0.183917 0.179532 0.297234 0.572585 0.846824 1 0.837903 0.652532 0.549919 0.352828 0.299837 0.185352 0.151528 0.213567 0.299069 0.220565 0.0485458 0.0379536 0.0838077 0.201743 0.26161 0.299267 0.256433 0.122133 0.132357 0.132337 0.0689967 0.130279 0.169611 0.0666667 0.0786853 0.158345 0.12987 0.0730994 0.0680272 0 0.0426136 0.105263 0.0633609 0.0230947 0 
0.143805 0.0492928 0.0617608 0.232525 0.407811 0.0849234 0.186688 0.170452 0.0620465 0.0819391 0.118531 0.220545 0.36361 0.290193 0.355502 0.492164 0.586675 0.633247 0.796655 0.893836 0.884696 0.932318 1 0.908001 0.845902 0.765062 0.757117 0.76513 0.621347 0.392884 0.173842 0.0891934 0.124226 0.255008 0.3722 0.390927 0.31675 0.199542 0.3035 0.425381 0.461378 0.48254 0.435795 0.324401 0.298692 0.161958 0.208258 0.16472 0.147905 0.221818 0.103586 0.155492 0.249351 0.149123 0.0566893 0.24359 0.21875 0.237986 0.440771 0.293303 1 
0.122419 0.0600086 0.00361367 0.0197337 0.0897794 0.0997044 0.0887446 0.151268 0.195913 0.133276 0.0871969 0.0637456 0.117029 0.0807466 0.031598 0.108793 0.132318 0.340468 0.291185 0.250321 0.168318 0.192721 0.16128 0.209302 0.0519467 0.115431 0.378716 0.627933 0.794034 0.734526 0.548774 0.203325 0.440512 0.452252 0.212131 0.318044 0.451454 0.540501 0.648218 0.570479 0.245281 0.270085 0.231217 0.115692 0.0762013 0.0512891 0.179283 0.286313 0.16002 0.172121 0.0756972 0.306705 0.649351 0.394737 0.514739 0.0948718 0.0426136 0.102975 0.242424 0.182448 0 
0.0730088 0.0925847 0.0834428 0.0775083 0.291656 0.52674 0.393939 0.192723 0.188805 0.241098 0.311499 0.401084 0.502087 0.424977 0.524325 0.670975 0.730805 0.821714 0.898275 0.955479 1 0.99816 0.883332 0.743162 0.627766 0.64137 0.706587 0.672808 0.544643 0.444871 0.37515 0.23916 0.0642655 0.124854 0.23811 0.324698 0.269735 0.182905 0.199768 0.220588 0.230921 0.343712 0.335704 0.248003 0.178561 0.137548 0.17222 0.362384 0.367491 0.210909 0.212151 0.372325 0.381818 0.722222 0.206349 0.0948718 0.133523 0.324943 0.280992 0.0438799 1 
0.0848083 0.0488641 0.138305 0.13457 0.0915547 0.06638 0.0949675 0.0862183 0.184066 0.180466 0.246278 0.315504 0.27753 0.120759 0.0713211 0.139528 0.280075 0.388675 0.523038 0.564747 0.648293 0.727328 0.696514 0.694089 0.770287 0.904945 0.996218 1 0.886465 0.636199 0.242507 0.150753 0.23438 0.491892 0.711977 0.819456 0.785589 0.635645 0.4572 0.366558 0.364563 0.381563 0.455709 0.471399 0.404606 0.235052 0.125679 0.0907457 0.1474 0.140606 0.0239044 0.108417 0.246753 0.0233918 0.0657596 0.138462 0.0227273 0.01373 0.0881543 0.0461894 1 
0.0818584 0.0612945 0.20565 0.398003 0.633528 0.660306 0.78842 0.894157 0.726788 0.830402 0.785907 0.759525 0.761192 0.519852 0.496539 0.694382 0.823024 0.775481 0.812224 0.931828 1 0.920663 0.771008 0.535908 0.442828 0.550832 0.521799 0.379477 0.0748782 0.188772 0.165995 0.0205572 0.217053 0.190461 0.0108418 0.147883 0.0941395 0.214516 0.295172 0.335294 0.311639 0.0952381 0.163714 0.177918 0.161501 0.0707625 0.0132198 0.0832585 0.187784 0.146667 0.15239 0.119829 0.0779221 0.25731 0.260771 0.00512821 0.505682 0.208238 0.316804 0.13164 0 
0.141593 0.226747 0.104796 0.180694 0.170682 0.0596614 0.239448 0.223815 0.218866 0.160303 0.213668 0.227286 0.153016 0.237599 0.334938 0.389579 0.134494 0.196468 0.286661 0.502997 0.805965 1 0.86235 0.681283 0.620799 0.530565 0.549007 0.585838 0.421774 0.153936 0.0564578 0.207032 0.192271 0.399046 0.316457 0.165927 0.117866 0.185609 0.168248 0.22037 0.383787 0.240171 0.100608 0.11917 0.339494 0.466264 0.469757 0.330039 0.459869 0.56 0.170319 0.0356633 0.116883 0.526316 0.219955 0.3 0.110795 0.199085 0.190083 0.214781 1 
0.0553097 0.0240034 0.0781866 0.102473 0.286584 0.399624 0.367695 0.205513 0.130312 0.254826 0.227846 0.338658 0.55981 0.279984 0.287892 0.525544 0.380582 0.12426 0.266148 0.347924 0.319351 0.431346 0.620006 0.44688 0.591086 0.855711 0.826137 0.760086 0.500913 0.426867 0.533842 0.558414 0.353565 0.359194 0.734274 0.774294 0.383446 0.029531 0.349252 0.653268 0.364794 0.275458 0.283848 0.393069 0.275377 0.215304 0.0867439 0.161126 0.0737002 0.0824242 0.186255 0.0727532 0.233766 0.538012 0.1678 0.379487 0.440341 0.114416 0.517906 0.221709 0 
0.421829 0.516074 0.411629 0.342368 0.347198 0.123354 0.21618 0.136053 0.192063 0.320177 0.413866 0.589244 0.722182 0.478602 0.593741 0.7184 0.900425 0.907636 0.865664 0.752354 0.71817 0.511502 0.268518 0.300482 0.207992 0.0791937 0.132892 0.159634 0.193182 0.113029 0.249046 0.303303 0.306836 0.448225 0.493301 0.275605 0.145419 0.233961 0.298018 0.197821 0.0664737 0.0472527 0.100866 0.0930173 0.0575775 0.0758365 0.195762 0.34112 0.387178 0.321212 0.214143 0.46077 0.275325 0.22807 0.344671 0.302564 0.0994318 0.224256 0.625344 0.272517 1 
0.0471976 0.0342906 0.0131406 0.0456491 0.0702511 0.119323 0.133929 0.199118 0.138309 0.161161 0.114561 0.143464 0.24327 0.320718 0.320594 0.260635 0.372397 0.629299 0.712918 0.857984 0.965641 0.984357 0.944898 0.798791 0.675512 0.464258 0.274083 0.0564018 0.393162 0.184404 0.155095 0.0933498 0.130211 0.226709 0.231768 0.359778 0.331402 0.125403 0.0651486 0.105882 0.0790967 0.0956044 0.179878 0.105514 0.096389 0.0909216 0.217675 0.207248 0.0767289 0.322424 0.173307 0.239658 0.316883 0.22807 0.208617 0.0384615 0.159091 0.125858 0.15978 0.0600462 0 
0.132743 0.088727 0.0141261 0.0313837 0.0639107 0.126041 0.262716 0.135171 0.0912187 0.018447 0.062243 0.0590563 0.405643 0.369289 0.475073 0.451862 0.292819 0.393247 0.624237 1 0.855712 0.51048 0.27477 0.585288 0.767623 0.564049 0.409077 0.535508 0.464286 0.598913 0.367193 0.133228 0.3585 0.538633 0.335584 0.443548 0.403455 0.483311 0.643475 0.585621 0.369195 0.240781 0.243373 0.108864 0.186949 0.218047 0.101775 0.184786 0.173145 0.448485 0.25996 0.212553 0.179221 0.763158 0.446712 0.217949 0.261364 0.210526 0.0550964 0.108545 0 
0.221239 0.105444 0.0499343 0.100095 0.211768 0.256651 0.268128 0.254465 0.172664 0.20306 0.26074 0.337046 0.360155 0.260905 0.186077 0.134643 0.187649 0.212156 0.262466 0.28735 0.345067 0.382067 0.494755 0.683741 0.781557 0.81683 0.915853 1 0.897524 0.622457 0.59782 0.443833 0.264622 0.220668 0.168047 0.084879 0.161601 0.141416 0.219376 0.249455 0.249913 0.381929 0.217897 0.0869621 0.16861 0.251371 0.340094 0.333633 0.156487 0.173333 0.13745 0.142653 0.148052 0.0994152 0.14966 0.00769231 0.144886 0.0732265 0 0.113164 1 
0.138643 0.0492928 0.119908 0.0166429 0.119199 0.207471 0.267316 0.175744 0.157115 0.233662 0.270665 0.364156 0.276522 0.149943 0.201525 0.165276 0.100404 0.195844 0.196087 0.262307 0.357715 0.34884 0.449931 0.644606 0.77582 0.823218 0.913856 0.976225 0.892147 0.682753 0.655913 0.52404 0.359761 0.296449 0.137261 0.0912298 0.202165 0.193408 0.249315 0.221678 0.240649 0.378266 0.273115 0.127673 0.084447 0.266045 0.350779 0.324049 0.169611 0.214545 0.208167 0.179743 0.231169 0.108187 0.0884354 0.0974359 0.0710227 0.0755149 0.0330579 0.0230947 1 
0.143068 0.116588 0.0328515 0.0920114 0.091301 0.178447 0.385552 0.303197 0.269362 0.24882 0.206862 0.193435 0.18598 0.113953 0.256094 0.37299 0.459538 0.517922 0.599411 0.776541 0.922428 1 0.902511 0.73722 0.544775 0.247935 0.0855132 0.0323178 0.261567 0.319911 0.306376 0.5 0.363226 0.173079 0.0121714 0.242843 0.38115 0.325569 0.24067 0.178976 0.143486 0.0989011 0.0762964 0.104741 0.069946 0.057186 0.0896414 0.109913 0.0580515 0.14303 0.13247 0.125535 0.0233766 0.114035 0.0748299 0.0641026 0.213068 0.100686 0.0550964 0.0115473 1 
0.0368732 0.0497214 0.0174113 0.0118878 0.0380421 0.0489116 0.133658 0.114664 0.144973 0.142428 0.0918758 0.0866061 0.105945 0.0657935 0.146053 0.153063 0.0952233 0.103792 0.0632232 0.0674229 0.172218 0.272978 0.389425 0.607417 0.812193 0.958365 0.819309 0.56937 0.458908 0.311708 0.244687 0.113008 0.145542 0.208161 0.218574 0.165827 0.0260223 0.0247478 0.155598 0.254357 0.30388 0.364469 0.294194 0.190673 0.156668 0.161547 0.110105 0.0997305 0.139324 0.121212 0.0229084 0.0870185 0.0519481 0.0497076 0.104308 0.0820513 0.0653409 0.0755149 0.0137741 0.0669746 0 
0.132743 0.058294 0.0545335 0.0827389 0.0821709 0.0395055 0.232413 0.202426 0.113283 0.154154 0.174819 0.159144 0.179934 0.100134 0.0623934 0.0740892 0.0908714 0.152831 0.356196 0.321276 0.188132 0.244454 0.384656 0.574634 0.553586 0.498623 0.450783 0.68063 0.979403 1 0.987902 0.947091 0.754489 0.671436 0.534315 0.45494 0.473212 0.166788 0.0345773 0.149891 0.156688 0.195116 0.336221 0.495491 0.533693 0.331048 0.195038 0.067086 0.0782433 0.226667 0.124502 0.0285307 0.161039 0.321637 0.0136054 0.0461538 0.15625 0.0892449 0.181818 0.0138568 0 
0.323009 0.221603 0.272011 0.150024 0.283033 0.666756 0.574405 0.755458 0.483045 0.394537 0.656316 0.925557 0.969483 0.77591 0.745611 0.944637 1 0.883013 0.792131 0.766481 0.495363 0.391882 0.359648 0.376498 0.308402 0.251019 0.293098 0.255558 0.434152 0.15074 0.360327 0.285666 0.158248 0.225649 0.11077 0.413508 0.380932 0.0700842 0.15486 0.201852 0.152171 0.0643468 0.181172 0.20974 0.0882855 0.0278387 0.0959797 0.222222 0.206461 0.0739394 0.124502 0.108417 0.218182 0.111111 0.199546 0.479487 0.389205 0.105263 0.140496 0.0877598 0 
0.258112 0.696957 0.532523 0.324061 0.269592 0.323569 0.5625 0.487982 0.431956 0.517947 0.39033 0.0221278 0.359148 0.528411 0.61922 0.722064 0.829033 0.676675 0.416158 0.349422 0.536783 0.749003 0.821024 1 0.873156 0.6797 0.685786 0.486826 0.385349 0.409396 0.391281 0.0414514 0.0993384 0.0200318 0.345096 0.682157 0.735294 0.3342 0.0254059 0.316993 0.417603 0.465446 0.307772 0.265267 0.325277 0.233681 0.287396 0.536688 0.515901 0.18303 0.222112 0.145506 0.171429 0.570175 0.358277 0.151282 0.213068 0.208238 0.300275 0.143187 0 
0.143068 0.079297 0.130092 0.0625297 0.16003 0.396936 0.380141 0.297023 0.440249 0.543544 0.455834 0.503077 0.541097 0.313293 0.331026 0.289029 0.204642 0.104519 0.310961 0.403682 0.461425 0.353543 0.404366 0.473824 0.611373 0.697764 0.645341 0.762145 0.79515 0.848407 0.958147 0.741968 0.459309 0.338845 0.120998 0.10756 0.118303 0.149423 0.340923 0.589542 0.651766 0.613065 0.712789 0.647642 1 0.809654 0.736871 0.826894 0.799596 0.618182 0.0537849 0.0998573 0.509091 0.274854 0.0748299 0.0692308 0.167614 0.19222 0.190083 0.0831409 1 
0.19764 0.254179 0.210578 0.0406562 0.19579 0.422198 0.303301 0.229989 0.191767 0.236522 0.241883 0.385844 0.44494 0.360524 0.415087 0.496031 0.604186 0.794805 0.929834 0.935681 0.923588 0.943769 0.822825 0.771847 0.69334 0.576385 0.559828 0.429189 0.361506 0.242676 0.185613 0.146821 0.325633 0.395866 0.270431 0.233972 0.357315 0.304773 0.35758 0.506536 0.428373 0.440171 0.300013 0.186808 0.144583 0.152359 0.118616 0.081162 0.12317 0.21697 0.108566 0.198288 0.428571 0.432749 0.0907029 0.176923 0.144886 0.0686499 0.121212 0.168591 1 
0.337758 0.215602 0.264126 0.28388 0.435202 0.797635 0.804924 0.50871 0.556049 0.521379 0.387353 0.391706 0.304736 0.117356 0.155582 0.230816 0.427417 0.580675 0.657479 0.782641 0.822829 0.776403 0.854403 0.730458 0.397746 0.184492 0.305809 0.360642 0.440747 0.603814 0.759346 0.777803 0.7589 0.811659 0.595786 0.582661 0.659742 0.717064 0.62355 0.56634 0.429531 0.211844 0.210138 0.32556 0.270543 0.225315 0.109381 0.0625936 0.220091 0.212121 0.106574 0.263909 0.293506 0.157895 0.0816327 0.128205 0.130682 0.180778 0.0743802 0.0484988 0 
0.369469 0.402057 0.199409 0.0848787 0.235354 0.625907 0.471861 0.432856 0.375537 0.168883 0.334184 0.372509 0.611487 0.350521 0.201023 0.264808 0.300798 0.120623 0.2409 0.305223 0.492728 0.698599 0.697255 0.673599 0.497951 0.483203 0.59355 0.834088 0.901684 0.851603 0.999891 0.984498 0.698834 0.708638 0.724864 0.408669 0.134376 0.149319 0.106473 0.309695 0.761436 1 0.691969 0.567251 0.91669 0.852167 0.546179 0.412998 0.183746 0.430303 0.454183 0.60485 0.698701 0.415205 0.258503 0.320513 0.0482955 0.242563 0.201102 0.166282 1 
0.0176991 0.0244321 0.0450066 0.0660961 0.0616282 0.0489116 0.0982143 0.0478501 0.0367244 0.048477 0.0287821 0.111372 0.178494 0.0949778 0.0598856 0.0758193 0.0857942 0.109506 0.0766884 0.0479452 0.140704 0.357428 0.404684 0.560189 0.657172 0.721996 0.753546 0.851276 0.971591 0.917013 0.765123 0.764435 0.764465 0.61929 0.490744 0.445464 0.393177 0.405324 0.427577 0.395643 0.186682 0.0555556 0.102548 0.163489 0.217941 0.0946242 0.0727997 0.159928 0.115093 0.0884848 0.061753 0.0770328 0.298701 0.122807 0.113379 0.228205 0.110795 0 0.143251 0.0692841 0 
0.109145 0.0822975 0.0614323 0.0779838 0.173726 0.360656 0.393398 0.315105 0.350511 0.387387 0.482348 0.514947 0.538794 0.312983 0.105728 0.0994301 0.320899 0.526338 0.628656 0.708476 0.778035 0.822513 0.861926 0.778301 0.706967 0.526159 0.254964 0.447921 0.635653 0.723554 0.826921 0.900472 1 0.988235 0.668099 0.385585 0.098185 0.337527 0.63093 0.871351 0.84586 0.654579 0.338032 0.221979 0.400057 0.379046 0.359471 0.449835 0.615346 0.597576 0.0268924 0.0984308 0.0545455 0.0614035 0.174603 0.0410256 0.230114 0.240275 0.225895 0.0623557 1 
0.279499 0.177454 0.14159 0.117214 0.134415 0.353131 0.249729 0.164719 0.228491 0.349635 0.395435 0.464244 0.462934 0.379293 0.333133 0.212701 0.179981 0.194597 0.303808 0.419735 0.628373 0.663429 0.682844 0.75607 0.768955 0.643904 0.724026 0.777069 0.961343 1 0.828774 0.578971 0.517904 0.5062 0.29508 0.283972 0.206976 0.0599979 0.201982 0.338889 0.358309 0.467155 0.418984 0.119299 0.166761 0.0776193 0.138718 0.290207 0.29682 0.0606061 0.11753 0.196862 0.0909091 0.304094 0.0589569 0.148718 0.278409 0.148741 0.143251 0.187067 1 
0.702802 0.349336 0.201708 0.130766 0.139488 0.296963 0.246483 0.919074 0.839479 0.702417 0.453566 0.214537 0.272348 0.290193 0.420604 0.52412 0.216247 0.156779 0.148748 0.820312 1 0.394336 0.0420685 0.173036 0.223258 0.316004 0.253388 0.325957 0.368608 0.490039 0.199891 0.329252 0.451958 0.625755 0.662985 0.735383 0.765909 0.770407 0.676471 0.560131 0.27817 0.181807 0.261089 0.287426 0.600085 0.420598 0.240674 0.404013 0.533569 0.604848 0.205179 0.0927247 0.197403 0.856725 0.417234 0.533333 0.349432 0.453089 0.575758 0.0808314 1 
0.471239 0.275611 0.237188 0.25535 0.612478 0.3104 0.477273 0.205954 0.353176 0.473187 0.26074 0.167204 0.553908 0.558008 0.237436 0.424283 0.580769 0.560727 0.808121 0.875321 0.499157 0.629179 0.827805 0.661817 0.770082 0.86232 0.82141 0.680527 0.327516 0.617024 0.72545 0.875983 0.648955 0.534393 0.279943 0.0629032 0.0676799 0.36997 0.596353 0.370806 0.412739 0.58022 0.595112 0.53646 0.773102 0.774685 0.578595 0.743935 0.655729 1 0.242032 0.28816 0.924675 0.669591 1 1 1 1 0.666667 0.212471 1 
0.233038 0.17874 0.150788 0.180694 0.194776 0.175759 0.0922619 0.199779 0.0700429 0.01144 0.0862045 0.219519 0.252195 0.260905 0.329221 0.494403 0.622837 0.698286 0.824637 0.864084 0.796901 0.745118 0.73784 0.723184 0.608299 0.443331 0.425465 0.392651 0.446023 0.374028 0.289591 0.313413 0.337604 0.377742 0.434285 0.473488 0.477258 0.445149 0.371284 0.450763 0.428952 0.446398 0.499547 0.360989 0.1824 0.153182 0.235965 0.235699 0.220091 0.271515 0.13247 0.0998573 0.438961 0.48538 0.0725624 0.320513 0.178977 0.0938215 0.366391 0.198614 1 
0.14823 0.0505787 0.0522339 0.022349 0.137205 0.24832 0.299242 0.181257 0.160669 0.107679 0.180774 0.0797186 0.117029 0.066206 0.0632962 0.0989212 0.14413 0.228364 0.294551 0.348245 0.519182 0.602801 0.684434 0.755148 0.792316 0.901421 0.874672 0.788905 0.796063 0.699585 0.645777 0.663671 0.572509 0.631267 0.641812 0.67379 0.645309 0.492253 0.370968 0.343791 0.248871 0.179976 0.171085 0.213476 0.172732 0.13412 0.0818544 0.081761 0.0903584 0.111515 0.0179283 0.0627675 0.114286 0.251462 0.290249 0.302564 0.125 0.0343249 0.0137741 0.039261 0 
0.314897 0.201886 0.0111695 0.124346 0.0535126 0.154797 0.441288 0.316428 0.133126 0.165165 0.116263 0.313453 0.262415 0.192534 0.108135 0.190719 0.219563 0.655273 0.825899 0.812928 0.790999 0.895921 0.964395 0.847864 0.654303 0.255535 0.165248 0.55424 0.566356 0.454245 0.768392 0.808358 0.494382 0.414202 0.545873 0.553327 0.107697 0.358532 0.446974 0.458932 0.254314 0.172161 0.451183 0.342566 0.134205 0.187877 0.24339 0.124588 0.362948 0.772121 0.209163 0.279601 0.548052 0.365497 0.111111 0.176923 0.21875 0.23341 0.15978 0.228637 0 
0.0626844 0.115302 0.0574901 0.0744175 0.0885113 0.0266058 0.0760281 0.131422 0.269658 0.365365 0.437686 0.446366 0.323593 0.102609 0.125088 0.435477 0.66791 0.69361 0.78603 0.935895 0.984928 0.815254 0.553778 0.630571 0.697029 0.655799 0.378191 0.157163 0.194805 0.351976 0.360654 0.184004 0.183766 0.331638 0.384678 0.50373 0.566696 0.308724 0.247944 0.235403 0.19502 0.235653 0.107979 0.11698 0.19619 0.267142 0.219305 0.252471 0.297325 0.299394 0.11753 0.114123 0.257143 0.0760234 0.185941 0.110256 0.323864 0.0389016 0.247934 0.120092 0 
0.0693215 0.037291 0.0348226 0.0760818 0.155212 0.204515 0.262716 0.134289 0.128239 0.131989 0.0968382 0.0388335 0.196056 0.322883 0.478784 0.652147 0.76562 0.774234 0.805596 0.799765 0.82051 0.85022 0.880259 0.886692 0.895492 0.963322 1 0.910869 0.671469 0.431022 0.262997 0.287014 0.133256 0.201378 0.239951 0.221371 0.196589 0.126651 0 0 0.0148234 0.0283272 0.0772016 0.0555269 0.0524595 0.00342841 0.0592177 0.0769692 0.0918728 0.130909 0.123506 0.0984308 0.0467532 0.312865 0.106576 0.187179 0.207386 0.121281 0.14876 0.0762125 0 
0.0766962 0.246892 0.199737 0.128864 0.337307 0.478635 0.375812 0.306946 0.0610099 0.107393 0.262867 0.510551 0.357133 0.189749 0.107533 0.0991248 0.164232 0.391377 0.292973 0.595676 0.733137 0.762396 0.773975 0.821022 1 0.942835 0.741464 0.589131 0.537033 0.508576 0.559891 0.532128 0.588785 0.573291 0.586376 0.604637 0.511043 0.254341 0.0111744 0.293464 0.354603 0.621612 0.565369 0.318217 0.242821 0.184174 0.151757 0.226116 0.153458 0.089697 0.0687251 0.0242511 0.254545 0.187135 0.265306 0.166667 0.207386 0.160183 0.0798898 0.30485 0 
0.264749 0.248607 0.20138 0.113172 0.0476794 0.354743 0.551677 0.590739 0.443507 0.355212 0.452857 0.551436 0.631927 0.585439 0.791754 0.825361 0.801782 0.893714 0.981906 0.891053 0.88301 0.935283 0.906962 0.788546 0.66373 0.594449 0.460553 0.319473 0.475649 0.341856 0.282616 0.0969445 0.0279324 0.137573 0.172139 0.175101 0.14848 0.0585422 0.259119 0.314706 0.143833 0.174237 0.371783 0.263721 0.151265 0.191306 0.192865 0.157832 0.199394 0.221818 0.351594 0.156919 0.150649 0.663743 0.0589569 0.212821 0.34375 0.251716 0.267218 0.277136 1 
0.208702 0.261037 0.208607 0.205183 0.392594 0.589089 0.579816 0.436163 0.204946 0.105677 0.310081 0.49956 0.373255 0.263277 0.321597 0.42469 0.548026 0.434286 0.405428 0.618258 0.360455 0.180963 0.31546 0.914455 0.935553 0.407424 0.240571 0.6514 0.799919 0.382124 0.513351 0.736688 0.558122 0.919661 0.781426 0.710988 0.794227 0.417802 0.278094 0.331808 0.283613 0.347009 0.0680202 0.240531 0.220785 0.223944 0.226729 0.224019 0.228168 0.0775758 0.153386 0.0328103 0.384416 0.178363 0.46712 0.184615 0.423295 0.105263 0.548209 0.154734 0 
0.00737463 0.129876 0.0512484 0.0404184 0.0930763 0.301532 0.517857 0.354135 0.19147 0.188331 0.0999575 0.295135 0.32532 0.305868 0.301735 0.228781 0.00186509 0.134753 0.26762 0.365261 0.326834 0.181474 0.42895 0.677185 0.720492 0.686309 0.695556 0.847262 1 0.753915 0.475095 0.372164 0.590045 0.519131 0.24169 0.0842742 0.0651651 0.197983 0.327746 0.215468 0.17846 0.352259 0.285917 0.196341 0.106056 0.0831048 0.125317 0.133573 0.17365 0.0993939 0.10757 0.201141 0.187013 0.0760234 0.244898 0.207692 0.278409 0.0297483 0.0743802 0.0184758 0 
0.148968 0.0625804 0.108739 0.0684736 0.105757 0.113948 0.200216 0.177949 0.203761 0.285571 0.291224 0.271249 0.210307 0.146025 0.162403 0.183696 0.267848 0.34639 0.401325 0.375107 0.485245 0.642266 0.75808 0.845405 0.908197 0.880163 0.809749 0.668485 0.530032 0.4894 0.563379 0.600427 0.501208 0.428511 0.317787 0.226915 0.120271 0.131538 0.244887 0.393573 0.475622 0.497802 0.484029 0.389204 0.294143 0.245474 0.305867 0.401617 0.388188 0.269091 0.204183 0.164051 0.161039 0.00292398 0.0453515 0.115385 0.0738636 0.0434783 0.0578512 0.0600462 1 
0.376844 0.238748 0.395532 0.272943 0.0453969 0.247245 0.136905 0.0846748 0.32815 0.217217 0.319722 0.376758 0.406938 0.318449 0.300231 0.216059 0.265361 0.0977662 0.0691142 0.294092 0.532251 0.629792 0.634736 0.731995 0.644877 0.49587 0.671919 0.724681 0.769278 0.811335 0.905177 0.977758 0.653996 0.623211 0.744809 0.473286 0.143779 0.350005 0.35895 0.216667 0.639954 0.680342 0.333247 0.675728 0.874183 0.702551 0.613003 0.448937 0.275618 0.327273 0.378486 0.472183 0.374026 0.950292 0.839002 0.435897 0.366477 0.228833 1 0.466513 1 
0.0582596 0.259323 0.368265 0.27223 0.0852143 0.302338 0.666126 0.994708 0.964312 0.710139 0.434 0.0876319 0.405931 0.379911 0.374962 0.373092 0.0930474 0.102649 0.22975 0.913099 0.976707 0.308455 0.146339 0.167503 0.0660861 0.277784 0.259691 0.578839 0.448458 0.71599 0.162071 0.26803 0.602226 0.897615 0.858955 0.9375 0.872075 0.945929 0.669408 0.470479 0.556225 0.458242 0.201345 0.186679 0.378448 0.247669 0.307678 0.766397 0.569914 0.243636 0.478088 0.322397 0.441558 1 0.344671 0.825641 0.5625 0.377574 0.672176 0.341801 1 
0.0840708 0.0578654 0.0965834 0.0753685 0.17753 0.18409 0.170184 0.232194 0.252036 0.304876 0.303701 0.424678 0.435008 0.272662 0.22249 0.222369 0.185887 0.26639 0.463286 0.585509 0.739777 0.766691 0.72788 0.864051 0.929098 0.981936 1 0.958316 0.870333 0.665708 0.481635 0.323073 0.277014 0.186222 0.0814156 0.0238911 0.0442817 0.0544868 0.0732659 0.137582 0.0353214 0.17326 0.31941 0.359186 0.385129 0.313083 0.329229 0.354897 0.275618 0.265455 0.203187 0.165478 0.228571 0.181287 0.0294785 0.0589744 0.144886 0.0320366 0.0633609 0.0531178 1 
0.351032 0.117017 0.189553 0.28816 0.432412 0.485353 0.590909 0.157222 0.173404 0.273845 0.0932936 0.331331 0.291493 0.30133 0.331929 0.321698 0.251891 0.27013 0.258153 0.114833 0.290051 0.369594 0.313659 0.529761 0.511066 0.391453 0.510453 0.518629 0.381798 0.302866 0.393351 0.475736 0.535861 0.584526 0.627186 0.754335 0.716379 0.602371 0.527936 0.599673 0.711986 0.578877 0.483124 0.361247 0.281774 0.334339 0.323977 0.510931 0.384654 0.288485 0.266932 0.104137 0.322078 0.44152 0.129252 0.294872 0.542614 0.313501 0.911846 1 1 
0.0884956 0.0167167 0.0118265 0.0549215 0.125285 0.222252 0.270022 0.18258 0.225233 0.256685 0.182476 0.12837 0.145818 0.0929153 0.13883 0.208935 0.23925 0.242909 0.354303 0.541631 0.662416 0.871894 1 0.892224 0.838115 0.909021 0.927198 0.902223 0.820211 0.678918 0.582997 0.507751 0.429066 0.524324 0.557124 0.524597 0.524054 0.349277 0.201455 0.117211 0.084308 0.0457875 0.138368 0.0751095 0.00653966 0.0648656 0.0738863 0.0868524 0.0969207 0.113939 0.0249004 0.0413695 0.205195 0.269006 0.204082 0.0512821 0.0965909 0.0572082 0.0798898 0.0554273 0 
0.0877581 0.071153 0.053548 0.0725155 0.0956125 0.172534 0.207522 0.0884234 0.0433881 0.162591 0.300014 0.306125 0.336692 0.123646 0.0639984 0.095461 0.207647 0.302026 0.412582 0.48277 0.631956 0.774358 0.785737 0.773179 0.855225 0.925212 0.942641 0.860539 0.717938 0.451369 0.0953678 0.286115 0.445028 0.617276 0.803928 0.986895 0.923792 0.626807 0.411659 0.28159 0.264273 0.401221 0.560585 0.585158 0.56298 0.34627 0.196306 0.111411 0.144372 0.12 0.0458167 0.122682 0.111688 0.108187 0.0226757 0.0102564 0.110795 0.0480549 0.0716253 0.0808314 1 
0.327434 0.184741 0.109067 0.0946267 0 0.211771 0.477543 0.371775 0.225529 0.185185 0.340848 0.442995 0.627753 0.568423 0.445381 0.210564 0.188063 0.29361 0.254681 0.383027 0.416105 0.220939 0.620112 0.894068 0.889139 0.727833 0.667822 0.834294 1 0.825503 0.538965 0.468771 0.797018 0.716587 0.377621 0.148992 0.136344 0.184881 0.506747 0.50817 0.229763 0.432601 0.360145 0.232801 0.0500426 0.0648656 0.0583122 0.122192 0.0822817 0.106667 0.120518 0.0841655 0.0701299 0.289474 0.358277 0.376923 0.190341 0.187643 0.319559 0.115473 0 
0.0914454 0.0925847 0.0243101 0.0118878 0.0375349 0.00913733 0.169372 0.198236 0.105287 0.128986 0.137814 0.0867526 0.0444796 0.0592967 0.148761 0.125585 0.0742928 0.160831 0.262676 0.27729 0.346227 0.556078 0.733284 0.872656 0.902459 0.725851 0.669923 0.695657 0.580357 0.336636 0.187902 0.249831 0.230495 0.285639 0.179912 0.222581 0.309972 0.258709 0.268817 0.292919 0.268906 0.251038 0.195655 0.230482 0.263008 0.235464 0.162622 0.196466 0.224634 0.133333 0.0239044 0.0770328 0.174026 0.30117 0.0136054 0.0461538 0.0625 0.128146 0.104683 0.0969977 0 
0.157817 0.155594 0.00821288 0.0753685 0.0984022 0.362806 0.589286 0.249835 0.0999556 0.217074 0.343116 0.457503 0.562401 0.425596 0.547096 0.717586 0.806963 0.915325 1 0.937714 0.90683 0.933442 0.73339 0.502715 0.396107 0.277784 0.682845 0.867538 0.899858 0.788431 0.42485 0.102786 0.129371 0.240806 0.288534 0.225 0.107916 0.173963 0.221695 0.291176 0.14476 0 0.0453899 0.1479 0.189224 0.0378497 0.138175 0.188979 0.155982 0.290909 0.114542 0.0798859 0.0441558 0.327485 0.328798 0.133333 0.0653409 0.0594966 0.283747 0.362587 0 
0.0575221 0.11273 0.0663601 0.0668093 0.0603601 0.287557 0.383387 0.128556 0.0984748 0.178321 0.261307 0.513189 0.511588 0.247499 0.230916 0.529717 0.72148 0.756779 0.607721 0.40015 0.402403 0.419896 0.527816 0.729536 0.85543 0.888644 0.939069 0.938349 0.936993 0.848194 0.741362 0.707257 0.742413 0.907366 0.991715 0.992137 0.991472 0.83238 0.657179 0.511874 0.29612 0.209158 0.146903 0.0903118 0.224339 0.265771 0.20029 0.207547 0.088844 0.248485 0.307769 0.291013 0.223377 0.134503 0.181406 0.225641 0.190341 0.258581 0.162534 0.240185 0 
0.620206 0.192027 0.120565 0.0344746 0.0806493 0.116098 0.570076 0.673649 0.409003 0.377234 0.342833 0.104045 0.12034 0.437867 0.672685 0.665276 0.69599 0.546182 0.346202 0.220997 0.504321 0.764544 0.856204 0.928696 0.935656 0.586628 0.582309 0.671676 0.497463 0.549909 0.465613 0.224219 0.241731 0.189189 0.519791 0.73881 0.811721 0.420193 0.110162 0.36939 0.47736 0.50696 0.394931 0.287941 0.371197 0.383708 0.433176 0.605271 0.669359 0.433939 0.12749 0.233951 0.345455 0.201754 0.0702948 0.120513 0.724432 0.226545 0.0991736 0.0715935 0 
0.571534 0.300471 0.11071 0.380884 0.320314 0.0333244 0.199675 0.57839 0.827632 0.928929 0.668226 0.343933 0.211026 0.42013 0.449794 0.449522 0.31261 0.376623 0.508205 0.89405 0.993571 0.354769 0.0475787 0.000922037 0.21291 0.337042 0.186784 0.510807 0.685268 0.820603 0.418965 0.37486 0.554342 0.829995 0.791654 0.715121 0.733107 0.807424 0.762176 0.644553 0.485698 0.570574 0.579077 0.479516 0.667188 0.526467 0.13908 0.439353 0.392226 0.568485 0.192231 0.413695 1 0.830409 0.38322 0.628205 0.392045 0.160183 0.0661157 0.2194 1 
0.0737463 0.0617231 0.0397503 0.0042796 0.0365204 0.25692 0.267857 0.0848953 0.126758 0.0888031 0.0639444 0.0565651 0.125378 0.0938435 0.169526 0.246489 0.298726 0.35761 0.394382 0.3811 0.414945 0.394234 0.290664 0.386538 0.432992 0.47329 0.74283 0.948847 1 0.902418 0.850245 0.8051 0.712486 0.629571 0.558147 0.572278 0.543735 0.341999 0.136833 0.0815904 0.033121 0.224054 0.346955 0.37194 0.332812 0.228744 0.18381 0.357892 0.355376 0.202424 0.106574 0.118402 0.0285714 0.216374 0.131519 0.0564103 0.0738636 0.0778032 0.190083 0.0808314 0 
0.187316 0.161595 0.160972 0.154303 0.316003 0.537759 0.603355 0.544432 0.52125 0.829687 0.90543 0.797626 0.71844 0.315665 0.197713 0.274171 0.268159 0.316779 0.573848 0.735231 0.890282 0.810551 0.693653 0.73138 0.713217 0.807688 0.886228 0.981474 0.815239 0.451156 0.296567 0.266345 0.200042 0.286063 0.148512 0.310081 0.165974 0.312779 0.592663 0.436492 0.0950782 0.43895 0.601966 0.615434 0.5 0.126166 0.222202 0.534591 0.547703 0.363636 0.344622 0.226819 0.503896 0.394737 0.170068 0.105128 0.113636 0.0549199 0.14876 0.117783 1 
0.0235988 0.0227175 0.0213535 0.117927 0.206949 0.316044 0.443994 0.290628 0.42159 0.479908 0.421948 0.443581 0.304736 0.101062 0.207744 0.227865 0.16361 0.134857 0.0772144 0.0263271 0.110139 0.314078 0.498569 0.666018 0.785451 0.883027 0.936443 0.947818 0.902597 0.909556 0.909646 0.862952 0.703875 0.689772 0.636596 0.685383 0.643997 0.473432 0.397744 0.449129 0.484771 0.529426 0.559033 0.633986 0.669605 0.438289 0.405831 0.540881 0.499748 0.304242 0.128486 0.124108 0.314286 0.172515 0.0748299 0.164103 0.161932 0.0961098 0.00275482 0.0531178 1 
0.189528 0.159451 0.155388 0.187827 0.268831 0.269014 0.356061 0.503197 0.449874 0.555413 0.517794 0.450322 0.394703 0.153346 0.171331 0.191431 0.180189 0.239273 0.204082 0.126605 0.241358 0.608629 0.789658 0.827169 0.840164 0.834123 0.912596 1 0.786526 0.506871 0.652861 0.685352 0.47065 0.208055 0.0784494 0.0356855 0.148371 0.165956 0.159077 0.107952 0.155414 0.064591 0.0825036 0.179206 0.0907023 0.0796764 0.116081 0.312668 0.36951 0.333333 0.145418 0.118402 0.103896 0.0964912 0.0839002 0.241026 0.144886 0.10984 0.176309 0.224018 1 
0.249263 0.303043 0.102168 0.0508797 0.076845 0.185434 0.284091 0.139361 0.0330224 0.109681 0.111867 0.10888 0.297395 0.262555 0.207443 0.109709 0.139882 0.0585974 0.0628024 0.0806935 0.0796796 0.299765 0.0918724 0.207458 0.565164 0.766054 0.701439 0.588102 0.551847 0.605305 0.782234 0.958886 0.835766 0.698993 0.834305 1 1 0.778101 0.556188 0.36634 0.257672 0.274481 0.381223 0.433265 0.428917 0.300741 0.238319 0.322851 0.282181 0.0424242 0.0976096 0.221113 0.615584 0.0964912 0.444444 0.266667 0.0965909 0.212815 0.253444 0.108545 0 
0.216077 0.142735 0.0614323 0.197575 0.381182 0.442892 0.239989 0.286218 0.224789 0.383526 0.432015 0.396249 0.204981 0.315768 0.496941 0.725931 0.725417 0.818494 0.873028 0.963292 1 0.867805 0.626046 0.58744 0.817418 0.752726 0.591449 0.402532 0.288758 0.078939 0.213188 0.586385 0.533235 0.715527 0.723637 0.699798 0.55948 0.107934 0.460363 0.685512 0.464968 0.381197 0.307384 0.361762 0.195337 0.155787 0.187251 0.20605 0.213024 0.141818 0.0697211 0.226819 0.316883 0.374269 0.190476 0.120513 0.0738636 0.272311 0.151515 0.0323326 0 
0.292773 0.483926 0.165243 0.0413695 0.146843 0.274657 0.474567 0.518633 0.386051 0.278135 0.178222 0.356829 0.425651 0.271321 0.351088 0.500407 0.444514 0.154182 0.418683 0.366331 0.515177 0.466926 0.399385 0.601783 0.497029 0.405882 0.710369 0.895739 0.880885 0.914882 0.819946 0.63233 0.17253 0.281293 0.38969 0.274496 0.299147 0.329313 0.22918 0.143246 0.637985 0.778388 0.753395 0.552177 0.695763 0.792238 0.78142 0.790656 0.905603 0.935758 0.794821 0.524964 0.358442 0.766082 0.274376 0.415385 0.261364 0.508009 0.267218 0.182448 1 
0.0855457 0.163309 0.103154 0.00475511 0.165864 0.332975 0.431006 0.407277 0.375389 0.44044 0.45073 0.513189 0.413272 0.170465 0.135821 0.199471 0.249611 0.436468 0.630444 0.69542 0.790261 0.787752 0.872099 1 0.986168 0.942064 0.944742 0.929498 0.830154 0.59657 0.358583 0.271624 0.164339 0.209645 0.204562 0.125706 0.0185874 0.0244359 0.110162 0.146296 0.0562826 0.121978 0.211949 0.246844 0.296417 0.320214 0.355668 0.389338 0.319536 0.221818 0.136454 0.202568 0.184416 0.0643275 0.0702948 0.171795 0.105114 0.01373 0.0385675 0.182448 1 
0.430678 0.2006 0.158673 0.0782216 0.243216 0.180328 0.221861 0.0864388 0.150896 0.034034 0.183326 0.26187 0.299986 0.263587 0.379978 0.458274 0.65672 0.859429 0.932779 0.932256 0.909781 0.914324 0.92699 0.856982 0.726127 0.533319 0.3867 0.394092 0.406047 0.270161 0.267466 0.310604 0.280584 0.415474 0.385701 0.414819 0.45714 0.419673 0.460257 0.361002 0.328199 0.40464 0.322385 0.341407 0.248507 0.127811 0.0959797 0.0242588 0.17264 0.166061 0.0278884 0.00713267 0 0.634503 0.460317 0.197436 0.323864 0.254005 0.305785 0.21709 1 
0.516224 0.361337 0.187911 0.0380409 0.201623 0.456598 0.50947 0.405954 0.427218 0.58244 0.649085 0.734613 0.831294 0.678767 0.856856 0.972522 0.864574 0.866078 0.889964 0.991652 0.892496 0.811676 0.827594 0.748079 0.579201 0.503029 0.542284 0.527172 0.470678 0.407585 0.350518 0.243765 0.105114 0.162268 0.102895 0.152016 0.158758 0.109494 0.136622 0.273747 0.217024 0.144444 0.112376 0.269518 0.213108 0.0927043 0.162803 0.277628 0.332155 0.104242 0.215139 0.206847 0.301299 0.251462 0.430839 0.0974359 0.178977 0.21968 0.225895 0.272517 1 
0.137168 0.00857265 0.0404074 0.000951022 0.0167385 0.0131685 0.137446 0.0341786 0.0636754 0.140712 0.0782646 0.103458 0.146826 0.0151593 0 0 0.0284945 0.182026 0.309489 0.337864 0.349178 0.464676 0.609304 0.746235 0.864242 0.866505 0.779494 0.830897 0.962561 0.959412 0.954114 0.954729 0.969337 1 0.784392 0.526915 0.258802 0.163253 0.105735 0.32549 0.397221 0.494383 0.433855 0.386241 0.390674 0.277564 0.188881 0.135669 0.170116 0.147879 0.0717131 0.142653 0.168831 0.154971 0.0544218 0.0179487 0.0113636 0.0480549 0.15427 0.0877598 0 
0.188053 0.0672953 0.107096 0.0449358 0.191479 0.310132 0.349026 0.337155 0.287576 0.287287 0.272366 0.31697 0.400173 0.390636 0.507975 0.544474 0.649052 0.667948 0.633915 0.65625 0.769288 0.833248 0.890749 0.985247 1 0.933363 0.886228 0.804961 0.678166 0.528284 0.41624 0.329701 0.163604 0.0621092 0.0599366 0.145665 0.248743 0.215556 0.169618 0.25 0.23729 0.225275 0.268589 0.227648 0.159084 0.106829 0.24339 0.287511 0.301868 0.4 0.196215 0.258203 0.516883 0.219298 0.0839002 0.225641 0.383523 0.208238 0.286501 0.200924 1 
0.294248 0.184312 0.141919 0.186876 0.0892721 0.299113 0.532738 0.322161 0.110025 0.266266 0.286403 0.408705 0.540377 0.492627 0.585916 0.656218 0.732359 0.792831 0.837576 0.779431 0.873946 0.834782 0.772385 0.844176 0.73709 0.607115 0.528732 0.332956 0.306818 0.291147 0.171553 0.0705459 0.282579 0.405723 0.415158 0.449395 0.366608 0.349173 0.365591 0.367865 0.465547 0.513919 0.369068 0.361762 0.340489 0.0506034 0.145781 0.162025 0.0893488 0.0787879 0.221116 0.0527817 0.34026 0.30117 0.106576 0.412821 0.392045 0.169336 0.674931 0.443418 1 
0.275074 0.136305 0.221091 0.199715 0.304337 0.379737 0.568452 0.564057 0.408263 0.372515 0.475826 0.541911 0.526702 0.454161 0.534958 0.474354 0.464822 0.570078 0.745319 0.678617 0.675169 0.860239 0.905372 0.932999 0.783197 0.844146 0.922366 0.699465 0.571733 0.490252 0.438474 0.306111 0.101964 0.0883943 0.163343 0.14506 0.0728187 0.109702 0.170251 0.209368 0.280023 0.344689 0.172119 0.146869 0.186238 0.196517 0.113003 0.0299491 0.04947 0.158788 0.151394 0.352354 0.171429 0.739766 0.165533 0.274359 0.295455 0.148741 0.264463 0.140878 1 
0.267699 0.133733 0.134034 0.0694246 0.436216 0.411986 0.231061 0.168026 0.252332 0.27742 0.403516 0.422333 0.504102 0.372486 0.583709 0.784246 0.972956 1 0.983484 0.851241 0.835898 0.903998 0.559924 0.38869 0.584631 0.646767 0.620653 0.485591 0.551339 0.449345 0.462888 0.327342 0.366691 0.390249 0.213869 0.096371 0.105073 0.0500156 0.23171 0.333551 0.265084 0.324542 0.221518 0.0752383 0.174865 0.3017 0.398044 0.321653 0.213529 0.196364 0.0926295 0.0542083 0.101299 0.19883 0.217687 0.15641 0.164773 0.135011 0.115702 0.108545 0 
0.165929 0.0908701 0.101511 0.121493 0.0667005 0.110454 0.233766 0.145094 0.0731527 0.039468 0.233234 0.322098 0.391824 0.24059 0.379175 0.492062 0.276241 0.340779 0.662424 0.711794 0.478605 0.431653 0.680725 0.808729 0.772643 0.883577 0.887488 0.888123 0.858969 0.793651 0.551281 0.229387 0.313137 0.148702 0.229518 0.552823 0.473431 0.0619736 0.127662 0.0690632 0.342907 0.450427 0.344756 0.138882 0.201592 0.231349 0.133647 0.189877 0.0726906 0.273939 0.060757 0.219686 0.366234 0.24269 0.240363 0.230769 0.144886 0.0366133 0.179063 0.039261 0 
0.235988 0.054865 0.223719 0.266762 0.0712655 0.289707 0.518128 0.342227 0.438472 0.609038 0.743513 0.811108 0.98431 0.700629 0.735881 0.735701 0.857217 0.943688 0.87187 0.776648 0.55312 0.290563 0 0 0.23709 0.434079 0.477571 0.423837 0.274249 0.126132 0.335477 0.350258 0.298645 0.307366 0.349289 0.0679435 0.162147 0.149423 0.152224 0.160784 0.0250145 0.109646 0.140437 0.104612 0.111459 0.0667855 0.0795002 0.175502 0.186774 0.224242 0.300797 0.336662 0.58961 0.24269 0.346939 0.484615 0.0823864 0.855835 0.344353 0.34642 1 
0.14233 0.0771539 0.0381078 0.0363766 0.137712 0.137329 0.156656 0.0994487 0.135347 0.14014 0.109741 0.138189 0.159349 0.135918 0.165413 0.17871 0.131178 0.132156 0.0949926 0.0824058 0.202045 0.265515 0.394935 0.635591 0.903791 1 0.799034 0.600556 0.519075 0.326409 0.246757 0.0691979 0.0905177 0.145204 0.176844 0.172077 0.00852832 0.0741395 0.146637 0.257516 0.323104 0.349695 0.245959 0.0896676 0.107762 0.124794 0.0798624 0.0730758 0.133771 0.115152 0.139442 0.0941512 0.150649 0.207602 0.183673 0.102564 0.0710227 0.0366133 0.132231 0.039261 0 
0.292035 0.116159 0.193495 0.111032 0.107025 0.0760548 0.156385 0.234179 0.172072 0.312741 0.153268 0.161049 0.281129 0.129215 0.0746314 0.105231 0.0574034 0.0326234 0.165895 0.248181 0.244941 0.320417 0.32415 0.303555 0.329098 0.290891 0.358336 0.652326 0.92431 1 0.876948 0.661986 0.501208 0.402756 0.273908 0.194254 0.328559 0.459187 0.608897 0.667647 0.534221 0.419536 0.344239 0.404148 0.608757 0.584476 0.63582 0.736149 0.635538 0.396364 0.180279 0.298146 0.0857143 0.0263158 0.133787 0.328205 0.298295 0.107551 0.231405 0.0877598 1 
0.140855 0.0540077 0.170171 0.121493 0.147096 0.357431 0.354708 0.437927 0.221531 0.20878 0.288955 0.226993 0.190442 0.169434 0.203631 0.218298 0.208372 0.096 0.349043 0.556721 0.420004 0.476127 1 0.864256 0.458811 0.486838 0.600483 0.705949 0.554079 0.331842 0.217875 0.170411 0.0954531 0.329942 0.272067 0.317339 0.246665 0.172299 0.213472 0.130937 0.0374059 0.0339438 0.0925902 0.125741 0.111885 0.0715853 0.0905469 0.0691824 0.11156 0.174545 0.305777 0.53923 0.368831 0.0233918 0.213152 0.235897 0.210227 0.405034 0.297521 0.147806 0 
0.837021 0.495928 0.279566 0.0713267 0.0418463 0.313088 0.645022 0.574642 0.63246 0.752896 0.500071 0.110639 0.0621851 0.156956 0.388805 0.350092 0.278935 0.213299 0.375131 0.828232 0.976497 0.456088 0.0049804 0.195062 0.113525 0.212909 0.11934 0.243413 0.448559 0.627357 0.257875 0.324871 0.513809 0.679915 0.859466 0.853528 0.819703 0.897681 0.891419 0.650218 0.283729 0.103785 0.152205 0.347075 0.741257 0.580362 0.42376 0.577418 0.551237 0.614545 0.227092 0.129815 0.155844 0.219298 0.362812 0.271795 0.53125 0.315789 0.184573 0.184758 1 
0.105457 0.0998714 0.0443495 0.103661 0.233578 0.35555 0.386905 0.25667 0.24019 0.25883 0.293776 0.363863 0.412408 0.279777 0.220183 0.161103 0.21863 0.283117 0.323795 0.388164 0.395868 0.359472 0.426195 0.599836 0.715266 0.735103 0.864061 1 0.98123 0.70033 0.58485 0.425522 0.344324 0.32337 0.176025 0.13246 0.144216 0.0927524 0.136517 0.267647 0.219803 0.332234 0.208587 0.171992 0.280921 0.169227 0.28142 0.316562 0.24735 0.117576 0.222112 0.161198 0.267532 0.137427 0.0498866 0.192308 0.0880682 0.0983982 0.0578512 0.034642 1 
0.323746 0.199743 0.224047 0.228959 0.337307 0.373824 0.393398 0.157883 0.162298 0.223366 0.355877 0.452374 0.551029 0.414871 0.533554 0.534195 0.675681 0.796883 0.915211 0.911066 1 0.997137 0.903889 0.786702 0.662398 0.484965 0.324719 0.226431 0.306108 0.336849 0.289482 0.147046 0.258322 0.532273 0.583308 0.54002 0.45539 0.311532 0.29981 0.22451 0.152171 0.314774 0.385361 0.262432 0.164202 0.126029 0.159725 0.0682839 0.191822 0.172121 0.136454 0.159772 0.0961039 0.666667 0.278912 0.205128 0.610795 0.727689 0.421488 0.108545 1 
0.160767 0.166309 0.131735 0.116262 0.234847 0.379737 0.443994 0.321499 0.24404 0.280995 0.134694 0 0.228444 0.29308 0.497442 0.66609 0.75702 0.842597 0.979487 1 1 0.999182 0.901134 0.672472 0.498258 0.417998 0.472634 0.608481 0.712967 0.607542 0.334823 0.280049 0.403129 0.379332 0.224813 0.0870968 0 0.0479359 0.0068522 0.110349 0.195136 0.22967 0.107849 0.193507 0.238129 0.145091 0.201195 0.254268 0.300858 0.243636 0.0707171 0.136947 0.148052 0.0467836 0.0430839 0.146154 0.0994318 0.224256 0.212121 0 1 
0.256637 0.202315 0.0929698 0.0361388 0.34035 0.487503 0.356061 0.34355 0.241078 0.190333 0.241032 0.281067 0.385634 0.340002 0.396128 0.427132 0.516527 0.616 0.683884 0.725492 0.829153 0.861057 0.895518 0.941809 0.952459 1 0.952411 0.973755 0.894683 0.701289 0.542779 0.309144 0.215058 0.186222 0.201084 0.146472 0.0393615 0.115941 0.145899 0.235185 0.111407 0.1221 0.25514 0.217985 0.267415 0.16141 0.141072 0.148248 0.248359 0.235152 0.249004 0.152639 0.480519 0.131579 0.204082 0.117949 0.178977 0.254005 0.198347 0.0623557 1 
0.148968 0.143163 0.12385 0.0423205 0.257165 0.285407 0.369318 0.210364 0.158744 0.237952 0.53736 0.568142 0.545415 0.495514 0.649814 0.805109 0.981245 1 0.937618 0.834332 0.800379 0.842552 0.598601 0.571253 0.768955 0.802181 0.537872 0.278407 0.493608 0.64078 0.574496 0.410133 0.343274 0.346476 0.138795 0.135282 0.194511 0.154206 0.0666245 0.248257 0.217834 0.240904 0.0918143 0.206905 0.237276 0.233132 0.331221 0.420186 0.255427 0.271515 0.0946215 0.0328103 0.254545 0.19883 0.160998 0.230769 0.0795455 0.0617849 0.0330579 0.145497 0 
0.0626844 0.0707244 0.199737 0.0349501 0.0349987 0.0714862 0.288149 0.269239 0.0774471 0.164593 0.0839359 0.257327 0 0.205012 0.170328 0.200387 0.035644 0.198026 0.375131 0.354987 0.234928 0.354872 0.529088 0.47198 0.297131 0.486067 0.501628 0.230136 0.197443 0.313838 0.629755 0.779151 0.592565 0.348172 0.381508 0.295565 0.552919 0.876677 1 0.985839 0.667169 0.604396 0.415104 0.412523 0.610606 0.501097 0.480804 0.471998 0.343766 0.356364 0.24004 0.161198 0.0805195 0.409357 0.179138 0.176923 0.133523 0.0938215 0.107438 0.256351 0 
0.182153 0.246892 0.35611 0.243699 0.230028 0.585327 0.64881 0.819405 0.817859 0.869584 0.85694 1 0.771556 0.52047 0.646805 0.688887 0.66418 0.745558 0.887334 0.852205 0.786467 0.666394 0.395253 0.349247 0.521619 0.164335 0.482088 0.849012 0.597808 0.841696 0.875204 0.521344 0.145437 0.264653 0.410044 0.29869 0.63033 0.662681 0.527514 0.501307 0.496468 0.309035 0.275314 0.286266 0.300114 0.024136 0.244114 0.222821 0.0656234 0.128485 0.0328685 0.319544 0.418182 0.248538 0.394558 0.615385 0.889205 0.368421 0.258953 0.166282 0 
0.289823 0.277325 0.125493 0.129815 0.1088 0.460898 0.309794 0.213671 0.0752258 0.295009 0.30767 0.453693 0.417878 0.241312 0.321095 0.36322 0.399337 0.518338 0.690932 0.806935 0.877213 0.826091 0.746636 0.754636 0.832684 0.879392 0.753335 0.577707 0.293527 0.0223714 0.251226 0.76803 0.793342 0.830737 0.762299 0.744758 0.645309 0.140064 0.26829 0.532244 0.562826 0.582173 0.517781 0.499485 0.234717 0.0606144 0.120065 0.125187 0.239778 0.284848 0.0657371 0.0770328 0.322078 0.508772 0.142857 0.497436 0.556818 0.226545 0.190083 0.113164 0 
0.199853 0.191599 0.086071 0.0275796 0.0803956 0.238646 0.316017 0.392062 0.300607 0.418418 0.382674 0.588218 0.88657 0.817263 1 1 0.949021 0.898701 0.709026 0.477954 0.164629 0.385032 0.56448 0.269747 0.184734 0.535411 0.5156 0.356731 0.331473 0.474486 0.55564 0.49135 0.296335 0.210493 0.121101 0.279839 0.37787 0.392534 0.388256 0.346296 0.271801 0.316728 0.0934954 0.159495 0.169463 0.149342 0.112821 0.147948 0.133266 0.0981818 0.103586 0.0527817 0.0233766 0.0818713 0.015873 0.217949 0.153409 0.0549199 0.137741 0.12933 0 
0.079646 0.129876 0.0505913 0.0606277 0.0738017 0 0.0403139 0.115546 0.155042 0.103246 0.036722 0.0895369 0.26515 0.235537 0.184472 0.190311 0.115428 0.257039 0.560699 0.756849 0.773609 0.848175 0.503232 0.349759 0.587398 0.810001 1 0.863421 0.624696 0.423778 0.376894 0.24399 0.245721 0.257446 0.25918 0.263911 0.398316 0.435999 0.376239 0.261983 0.164679 0.158486 0.066727 0.0434166 0.127097 0.118075 0.157914 0.133273 0.0676426 0.26303 0.187251 0.178317 0.675325 0.625731 0.154195 0.292308 0.0653409 0.203661 0.0220386 0.0877598 0 
0.136431 0.156451 0.135677 0.0354256 0.224956 0.237571 0.407468 0.340904 0.449282 0.285714 0.187154 0.197245 0.295667 0.0383624 0.0630956 0.214838 0.285048 0.272623 0.482222 0.443172 0.555544 0.496064 0.398962 0.544104 0.663012 0.605133 0.695766 0.802388 0.674412 0.345584 0.0899183 0.247135 0.487661 0.777424 0.850363 0.849496 0.693309 0.594156 0.481973 0.286166 0.0173712 0.339194 0.365317 0.548312 0.375462 0.190071 0.19033 0.402216 0.193337 0.392727 0.231076 0.0271041 0.155844 0.435673 0.14966 0.417949 0.502841 0.185355 0.245179 0.0600462 0 
